Provider Name,Federal Provider Number,Provider Address,Provider City,County,Residents Total Confirmed COVID-19,Residents Total Suspected COVID-19,Residents Total All Deaths,Residents Total COVID-19 Deaths,Total Number of Occupied Beds,Staff Total Confirmed COVID-19,Staff Total Suspected COVID-19,Staff Total COVID-19 Deaths
WILDFLOWER COURT,025027,2000 SALMON CREEK LANE,JUNEAU,JUNEAU,0,10,7,0,56,0,8,0
UTUQQANAAT INAAT,025035,436 MISSION STREET,KOTZEBUE,NOT AVAILABLE,0,0,0,0,15,0,0,0
PROVIDENCE VALDEZ MEDICAL CENTER,025034,911 MEALS AVENUE,VALDEZ,VALDEZ-CHITINA-WHITTIER,0,2,0,0,9,0,0,0
QUYANNA CARE CENTER,025026,1100 GREG KRUSCHEK AVENUE (P.O. BOX 966),NOME,NOME,0,0,0,0,17,0,0,0
PETERSBURG MEDICAL CENTER LTC,025019,P.O. BOX 589,PETERSBURG,WRANGELL-PETERSBURG,0,0,3,0,9,0,0,0
PROVIDENCE KODIAK ISLAND MED LTC,025030,1915 E REZANOF DRIVE,KODIAK,KODIAK ISLAND BOROUGH,0,0,0,0,22,0,0,0
PROVIDENCE TRANSITIONAL CARE CENTER,025018,910 COMPASSION CIRCLE,ANCHORAGE,ANCHORAGE,0,0,0,0,49,0,0,0
WRANGELL MEDICAL CENTER LTC,025015,P.O. BOX 1081,WRANGELL,WRANGELL-PETERSBURG,0,0,0,0,14,0,0,0
SEARHC SITKA LONG TERM CARE,025032,209 MOLLER AVENUE,SITKA,SITKA,1,0,0,0,15,1,0,0
HERITAGE PLACE,025021,232 ROCKWELL AVENUE,SOLDOTNA,KENAI-COOK INLET,0,0,0,0,52,0,0,0
PROVIDENCE EXTENDED CARE,025036,920 COMPASSION CIRCLE,ANCHORAGE,ANCHORAGE,0,0,1,0,95,0,3,0
YUKON KUSKOKWIM ELDER'S HOME,025037,"1100 CHIEF EDDIE HOFFMAN HWY, PO BOX 528",BETHEL,BETHEL,0,0,0,0,16,0,0,0
KETCHIKAN MED CENTER NEW HORIZONS TRANSITIONAL CARE,025010,3100 TONGASS AVENUE,KETCHIKAN,KETCHIKAN,0,1,3,0,25,0,0,0
CORDOVA COMMUNITY MED LTC,025028,P.O. BOX 160,CORDOVA,CORDOVA-MCCARTHY,0,0,0,0,10,0,0,0
DENALI CENTER,025020,1510 19TH AVENUE,FAIRBANKS,FAIRBANKS,0,1,0,0,78,0,3,0
MAPLE SPRINGS OF WASILLA,025038,3265 E MERIDIAN LOOP,WASILLA,MATANUSKA-SUSITNA,0,0,0,0,62,0,0,0
PROVIDENCE SEWARD MED AND CARE CENTER LTC,025024,2203 OAK STREET (P.O. BOX 430),SEWARD,SEWARD,0,2,1,0,30,0,4,0
SOUTH PENINSULA HOSPITAL LTC,025031,4300 BARTLETT STREET,HOMER,KENAI-COOK INLET,0,0,2,0,24,0,6,0
PRESTIGE CARE AND REHABILITATION CENTER OF ANCHORAGE,025025,9100 CENTENNIAL DRIVE,ANCHORAGE,ANCHORAGE,0,0,0,0,88,0,2,0
YUKON KUSKOKWIM ELDER'S HOME,025037,"1100 CHIEF EDDIE HOFFMAN HWY, PO BOX 528",BETHEL,BETHEL,0,0,0,0,16,0,0,0
DENALI CENTER,025020,1510 19TH AVENUE,FAIRBANKS,FAIRBANKS,0,4,0,0,74,0,4,0
PETERSBURG MEDICAL CENTER LTC,025019,P.O. BOX 589,PETERSBURG,WRANGELL-PETERSBURG,0,0,3,0,9,0,0,0
SEARHC SITKA LONG TERM CARE,025032,209 MOLLER AVENUE,SITKA,SITKA,1,0,0,0,15,1,0,0
CORDOVA COMMUNITY MED LTC,025028,P.O. BOX 160,CORDOVA,CORDOVA-MCCARTHY,0,0,0,0,10,0,0,0
MAPLE SPRINGS OF WASILLA,025038,3265 E MERIDIAN LOOP,WASILLA,MATANUSKA-SUSITNA,0,0,0,0,62,0,0,0
WILDFLOWER COURT,025027,2000 SALMON CREEK LANE,JUNEAU,JUNEAU,0,10,7,0,56,0,8,0
UTUQQANAAT INAAT,025035,436 MISSION STREET,KOTZEBUE,NOT AVAILABLE,0,0,0,0,16,0,0,0
PROVIDENCE EXTENDED CARE,025036,920 COMPASSION CIRCLE,ANCHORAGE,ANCHORAGE,0,0,1,0,96,0,3,0
PROVIDENCE KODIAK ISLAND MED LTC,025030,1915 E REZANOF DRIVE,KODIAK,KODIAK ISLAND BOROUGH,0,0,0,0,22,0,0,0
QUYANNA CARE CENTER,025026,1100 GREG KRUSCHEK AVENUE (P.O. BOX 966),NOME,NOME,0,0,0,0,17,0,0,0
WRANGELL MEDICAL CENTER LTC,025015,P.O. BOX 1081,WRANGELL,WRANGELL-PETERSBURG,0,0,0,0,13,0,0,0
MAPLE SPRINGS OF PALMER,025039,12130 EAST MAPLE SPRINGS WAY,PALMER,MATANUSKA-SUSITNA,,,,,,,,
KETCHIKAN MED CENTER NEW HORIZONS TRANSITIONAL CARE,025010,3100 TONGASS AVENUE,KETCHIKAN,KETCHIKAN,0,3,3,0,25,0,0,0
PROVIDENCE VALDEZ MEDICAL CENTER,025034,911 MEALS AVENUE,VALDEZ,VALDEZ-CHITINA-WHITTIER,0,2,0,0,9,0,0,0
PROVIDENCE SEWARD MED AND CARE CENTER LTC,025024,2203 OAK STREET (P.O. BOX 430),SEWARD,SEWARD,0,3,1,0,30,0,4,0
SOUTH PENINSULA HOSPITAL LTC,025031,4300 BARTLETT STREET,HOMER,KENAI-COOK INLET,0,0,2,0,21,1,10,0
HERITAGE PLACE,025021,232 ROCKWELL AVENUE,SOLDOTNA,KENAI-COOK INLET,0,0,0,0,49,0,2,0
PRESTIGE CARE AND REHABILITATION CENTER OF ANCHORAGE,025025,9100 CENTENNIAL DRIVE,ANCHORAGE,ANCHORAGE,0,0,0,0,82,0,4,0
PROVIDENCE TRANSITIONAL CARE CENTER,025018,910 COMPASSION CIRCLE,ANCHORAGE,ANCHORAGE,9,0,0,0,49,4,0,0
KETCHIKAN MED CENTER NEW HORIZONS TRANSITIONAL CARE,025010,3100 TONGASS AVENUE,KETCHIKAN,KETCHIKAN,0,3,3,0,26,0,0,0
YUKON KUSKOKWIM ELDER'S HOME,025037,"1100 CHIEF EDDIE HOFFMAN HWY, PO BOX 528",BETHEL,BETHEL,0,1,0,0,17,0,0,0
CORDOVA COMMUNITY MED LTC,025028,P.O. BOX 160,CORDOVA,CORDOVA-MCCARTHY,0,0,0,0,10,0,0,0
MAPLE SPRINGS OF WASILLA,025038,3265 E MERIDIAN LOOP,WASILLA,MATANUSKA-SUSITNA,0,0,0,0,61,0,0,0
MAPLE SPRINGS OF PALMER,025039,12130 EAST MAPLE SPRINGS WAY,PALMER,MATANUSKA-SUSITNA,,,,,,,,
PROVIDENCE KODIAK ISLAND MED LTC,025030,1915 E REZANOF DRIVE,KODIAK,KODIAK ISLAND BOROUGH,0,0,0,0,22,0,0,0
QUYANNA CARE CENTER,025026,1100 GREG KRUSCHEK AVENUE (P.O. BOX 966),NOME,NOME,0,0,0,0,17,0,0,0
HERITAGE PLACE,025021,232 ROCKWELL AVENUE,SOLDOTNA,KENAI-COOK INLET,0,0,0,0,47,0,2,0
SOUTH PENINSULA HOSPITAL LTC,025031,4300 BARTLETT STREET,HOMER,KENAI-COOK INLET,0,0,2,0,21,1,12,0
PROVIDENCE EXTENDED CARE,025036,920 COMPASSION CIRCLE,ANCHORAGE,ANCHORAGE,0,0,1,0,96,2,3,0
WRANGELL MEDICAL CENTER LTC,025015,P.O. BOX 1081,WRANGELL,WRANGELL-PETERSBURG,0,0,0,0,13,0,0,0
PETERSBURG MEDICAL CENTER LTC,025019,P.O. BOX 589,PETERSBURG,WRANGELL-PETERSBURG,0,0,3,0,9,0,4,0
UTUQQANAAT INAAT,025035,436 MISSION STREET,KOTZEBUE,NOT AVAILABLE,0,0,0,0,15,0,0,0
PRESTIGE CARE AND REHABILITATION CENTER OF ANCHORAGE,025025,9100 CENTENNIAL DRIVE,ANCHORAGE,ANCHORAGE,0,0,0,0,84,0,5,0
DENALI CENTER,025020,1510 19TH AVENUE,FAIRBANKS,FAIRBANKS,0,4,0,0,71,0,4,0
WILDFLOWER COURT,025027,2000 SALMON CREEK LANE,JUNEAU,JUNEAU,0,10,7,0,57,0,8,0
PROVIDENCE TRANSITIONAL CARE CENTER,025018,910 COMPASSION CIRCLE,ANCHORAGE,ANCHORAGE,18,0,0,0,37,16,0,0
PROVIDENCE VALDEZ MEDICAL CENTER,025034,911 MEALS AVENUE,VALDEZ,VALDEZ-CHITINA-WHITTIER,0,2,0,0,9,0,0,0
PROVIDENCE SEWARD MED AND CARE CENTER LTC,025024,2203 OAK STREET (P.O. BOX 430),SEWARD,SEWARD,0,3,1,0,30,0,4,0
SEARHC SITKA LONG TERM CARE,025032,209 MOLLER AVENUE,SITKA,SITKA,1,0,0,0,15,1,0,0
PROVIDENCE TRANSITIONAL CARE CENTER,025018,910 COMPASSION CIRCLE,ANCHORAGE,ANCHORAGE,18,0,2,2,21,18,0,0
PROVIDENCE SEWARD MED AND CARE CENTER LTC,025024,2203 OAK STREET (P.O. BOX 430),SEWARD,SEWARD,0,3,2,0,28,0,4,0
SEARHC SITKA LONG TERM CARE,025032,209 MOLLER AVENUE,SITKA,SITKA,1,0,0,0,15,1,0,0
YUKON KUSKOKWIM ELDER'S HOME,025037,"1100 CHIEF EDDIE HOFFMAN HWY, PO BOX 528",BETHEL,BETHEL,0,1,0,0,16,0,0,0
QUYANNA CARE CENTER,025026,1100 GREG KRUSCHEK AVENUE (P.O. BOX 966),NOME,NOME,0,0,0,0,16,0,0,0
KETCHIKAN MED CENTER NEW HORIZONS TRANSITIONAL CARE,025010,3100 TONGASS AVENUE,KETCHIKAN,KETCHIKAN,0,3,3,0,25,0,0,0
DENALI CENTER,025020,1510 19TH AVENUE,FAIRBANKS,FAIRBANKS,0,4,0,0,71,0,4,0
PETERSBURG MEDICAL CENTER LTC,025019,P.O. BOX 589,PETERSBURG,WRANGELL-PETERSBURG,0,0,3,0,9,0,4,0
PRESTIGE CARE AND REHABILITATION CENTER OF ANCHORAGE,025025,9100 CENTENNIAL DRIVE,ANCHORAGE,ANCHORAGE,0,0,0,0,86,0,7,0
PROVIDENCE VALDEZ MEDICAL CENTER,025034,911 MEALS AVENUE,VALDEZ,VALDEZ-CHITINA-WHITTIER,0,2,0,0,9,0,0,0
PROVIDENCE KODIAK ISLAND MED LTC,025030,1915 E REZANOF DRIVE,KODIAK,KODIAK ISLAND BOROUGH,0,0,0,0,22,0,0,0
SOUTH PENINSULA HOSPITAL LTC,025031,4300 BARTLETT STREET,HOMER,KENAI-COOK INLET,0,0,2,0,21,1,14,0
HERITAGE PLACE,025021,232 ROCKWELL AVENUE,SOLDOTNA,KENAI-COOK INLET,0,0,0,0,50,0,2,0
PROVIDENCE EXTENDED CARE,025036,920 COMPASSION CIRCLE,ANCHORAGE,ANCHORAGE,0,0,2,0,95,3,3,0
WRANGELL MEDICAL CENTER LTC,025015,P.O. BOX 1081,WRANGELL,WRANGELL-PETERSBURG,0,0,0,0,13,0,0,0
UTUQQANAAT INAAT,025035,436 MISSION STREET,KOTZEBUE,NOT AVAILABLE,0,0,0,0,16,0,0,0
MAPLE SPRINGS OF WASILLA,025038,3265 E MERIDIAN LOOP,WASILLA,MATANUSKA-SUSITNA,0,0,0,0,59,0,0,0
CORDOVA COMMUNITY MED LTC,025028,P.O. BOX 160,CORDOVA,CORDOVA-MCCARTHY,0,0,0,0,10,0,0,0
WILDFLOWER COURT,025027,2000 SALMON CREEK LANE,JUNEAU,JUNEAU,0,10,7,0,57,0,9,0
MAPLE SPRINGS OF PALMER,025039,12130 EAST MAPLE SPRINGS WAY,PALMER,MATANUSKA-SUSITNA,0,0,0,0,16,0,0,0
WRANGELL MEDICAL CENTER LTC,025015,P.O. BOX 1081,WRANGELL,WRANGELL-PETERSBURG,0,0,0,0,13,0,0,0
DENALI CENTER,025020,1510 19TH AVENUE,FAIRBANKS,FAIRBANKS,0,6,0,0,71,0,4,0
WILDFLOWER COURT,025027,2000 SALMON CREEK LANE,JUNEAU,JUNEAU,0,10,7,0,57,0,9,0
PROVIDENCE EXTENDED CARE,025036,920 COMPASSION CIRCLE,ANCHORAGE,ANCHORAGE,0,0,2,0,95,3,3,0
PRESTIGE CARE AND REHABILITATION CENTER OF ANCHORAGE,025025,9100 CENTENNIAL DRIVE,ANCHORAGE,ANCHORAGE,0,0,0,0,92,0,7,0
PETERSBURG MEDICAL CENTER LTC,025019,P.O. BOX 589,PETERSBURG,WRANGELL-PETERSBURG,0,0,3,0,9,0,4,0
UTUQQANAAT INAAT,025035,436 MISSION STREET,KOTZEBUE,NOT AVAILABLE,0,0,0,0,16,0,0,0
PROVIDENCE SEWARD MED AND CARE CENTER LTC,025024,2203 OAK STREET (P.O. BOX 430),SEWARD,SEWARD,0,3,2,0,28,0,5,0
PROVIDENCE VALDEZ MEDICAL CENTER,025034,911 MEALS AVENUE,VALDEZ,VALDEZ-CHITINA-WHITTIER,0,2,0,0,9,0,0,0
PROVIDENCE TRANSITIONAL CARE CENTER,025018,910 COMPASSION CIRCLE,ANCHORAGE,ANCHORAGE,19,0,2,2,20,18,0,0
KETCHIKAN MED CENTER NEW HORIZONS TRANSITIONAL CARE,025010,3100 TONGASS AVENUE,KETCHIKAN,KETCHIKAN,0,3,3,0,24,0,0,0
MAPLE SPRINGS OF WASILLA,025038,3265 E MERIDIAN LOOP,WASILLA,MATANUSKA-SUSITNA,0,0,0,0,58,0,0,0
CORDOVA COMMUNITY MED LTC,025028,P.O. BOX 160,CORDOVA,CORDOVA-MCCARTHY,0,0,0,0,10,0,0,0
MAPLE SPRINGS OF PALMER,025039,12130 EAST MAPLE SPRINGS WAY,PALMER,MATANUSKA-SUSITNA,0,0,0,0,19,0,0,0
HERITAGE PLACE,025021,232 ROCKWELL AVENUE,SOLDOTNA,KENAI-COOK INLET,0,0,0,0,50,0,2,0
PROVIDENCE KODIAK ISLAND MED LTC,025030,1915 E REZANOF DRIVE,KODIAK,KODIAK ISLAND BOROUGH,0,1,0,0,22,0,0,0
QUYANNA CARE CENTER,025026,1100 GREG KRUSCHEK AVENUE (P.O. BOX 966),NOME,NOME,0,0,0,0,18,0,0,0
SEARHC SITKA LONG TERM CARE,025032,209 MOLLER AVENUE,SITKA,SITKA,1,0,0,0,14,1,0,0
SOUTH PENINSULA HOSPITAL LTC,025031,4300 BARTLETT STREET,HOMER,KENAI-COOK INLET,0,0,2,0,21,1,15,0
YUKON KUSKOKWIM ELDER'S HOME,025037,"1100 CHIEF EDDIE HOFFMAN HWY, PO BOX 528",BETHEL,BETHEL,0,1,0,0,16,0,0,0
HERITAGE PLACE,025021,232 ROCKWELL AVENUE,SOLDOTNA,KENAI-COOK INLET,0,0,0,0,50,0,2,0
PROVIDENCE KODIAK ISLAND MED LTC,025030,1915 E REZANOF DRIVE,KODIAK,KODIAK ISLAND BOROUGH,0,1,0,0,22,0,0,0
PROVIDENCE VALDEZ MEDICAL CENTER,025034,911 MEALS AVENUE,VALDEZ,VALDEZ-CHITINA-WHITTIER,0,2,0,0,9,0,0,0
SOUTH PENINSULA HOSPITAL LTC,025031,4300 BARTLETT STREET,HOMER,KENAI-COOK INLET,0,0,2,0,21,1,18,0
CORDOVA COMMUNITY MED LTC,025028,P.O. BOX 160,CORDOVA,CORDOVA-MCCARTHY,0,1,0,0,10,0,0,0
PROVIDENCE EXTENDED CARE,025036,920 COMPASSION CIRCLE,ANCHORAGE,ANCHORAGE,0,0,2,0,95,3,3,0
WRANGELL MEDICAL CENTER LTC,025015,P.O. BOX 1081,WRANGELL,WRANGELL-PETERSBURG,0,0,0,0,13,0,0,0
WILDFLOWER COURT,025027,2000 SALMON CREEK LANE,JUNEAU,JUNEAU,0,10,7,0,56,0,9,0
MAPLE SPRINGS OF PALMER,025039,12130 EAST MAPLE SPRINGS WAY,PALMER,MATANUSKA-SUSITNA,0,0,0,0,22,0,0,0
MAPLE SPRINGS OF WASILLA,025038,3265 E MERIDIAN LOOP,WASILLA,MATANUSKA-SUSITNA,0,0,0,0,62,0,0,0
UTUQQANAAT INAAT,025035,436 MISSION STREET,KOTZEBUE,NOT AVAILABLE,0,0,0,0,16,0,0,0
PROVIDENCE SEWARD MED AND CARE CENTER LTC,025024,2203 OAK STREET (P.O. BOX 430),SEWARD,SEWARD,0,4,2,0,29,0,6,0
PROVIDENCE TRANSITIONAL CARE CENTER,025018,910 COMPASSION CIRCLE,ANCHORAGE,ANCHORAGE,19,0,2,2,19,19,0,0
QUYANNA CARE CENTER,025026,1100 GREG KRUSCHEK AVENUE (P.O. BOX 966),NOME,NOME,0,0,1,0,17,0,0,0
SEARHC SITKA LONG TERM CARE,025032,209 MOLLER AVENUE,SITKA,SITKA,1,0,0,0,14,1,0,0
YUKON KUSKOKWIM ELDER'S HOME,025037,"1100 CHIEF EDDIE HOFFMAN HWY, PO BOX 528",BETHEL,BETHEL,0,1,0,0,16,0,0,0
DENALI CENTER,025020,1510 19TH AVENUE,FAIRBANKS,FAIRBANKS,0,8,0,0,71,0,4,0
PRESTIGE CARE AND REHABILITATION CENTER OF ANCHORAGE,025025,9100 CENTENNIAL DRIVE,ANCHORAGE,ANCHORAGE,0,0,0,0,88,0,7,0
PETERSBURG MEDICAL CENTER LTC,025019,P.O. BOX 589,PETERSBURG,WRANGELL-PETERSBURG,0,0,3,0,9,0,4,0
KETCHIKAN MED CENTER NEW HORIZONS TRANSITIONAL CARE,025010,3100 TONGASS AVENUE,KETCHIKAN,KETCHIKAN,0,4,3,0,23,0,0,0
KETCHIKAN MED CENTER NEW HORIZONS TRANSITIONAL CARE,025010,3100 TONGASS AVENUE,KETCHIKAN,KETCHIKAN,0,4,3,0,24,0,0,0
MAPLE SPRINGS OF WASILLA,025038,3265 E MERIDIAN LOOP,WASILLA,MATANUSKA-SUSITNA,0,0,0,0,60,0,0,0
PROVIDENCE KODIAK ISLAND MED LTC,025030,1915 E REZANOF DRIVE,KODIAK,KODIAK ISLAND BOROUGH,0,1,0,0,22,0,0,0
MAPLE SPRINGS OF PALMER,025039,12130 EAST MAPLE SPRINGS WAY,PALMER,MATANUSKA-SUSITNA,0,0,0,0,24,0,0,0
WILDFLOWER COURT,025027,2000 SALMON CREEK LANE,JUNEAU,JUNEAU,0,10,7,0,56,0,9,0
CORDOVA COMMUNITY MED LTC,025028,P.O. BOX 160,CORDOVA,CORDOVA-MCCARTHY,0,1,0,0,9,0,0,0
SOUTH PENINSULA HOSPITAL LTC,025031,4300 BARTLETT STREET,HOMER,KENAI-COOK INLET,0,0,2,0,21,1,21,0
QUYANNA CARE CENTER,025026,1100 GREG KRUSCHEK AVENUE (P.O. BOX 966),NOME,NOME,0,0,1,0,17,1,0,0
PROVIDENCE SEWARD MED AND CARE CENTER LTC,025024,2203 OAK STREET (P.O. BOX 430),SEWARD,SEWARD,0,5,3,0,28,0,9,0
WRANGELL MEDICAL CENTER LTC,025015,P.O. BOX 1081,WRANGELL,WRANGELL-PETERSBURG,0,0,1,0,12,0,0,0
YUKON KUSKOKWIM ELDER'S HOME,025037,"1100 CHIEF EDDIE HOFFMAN HWY, PO BOX 528",BETHEL,BETHEL,0,1,0,0,15,0,0,0
PROVIDENCE TRANSITIONAL CARE CENTER,025018,910 COMPASSION CIRCLE,ANCHORAGE,ANCHORAGE,19,0,2,2,18,19,0,0
SEARHC SITKA LONG TERM CARE,025032,209 MOLLER AVENUE,SITKA,SITKA,1,0,0,0,15,1,0,0
DENALI CENTER,025020,1510 19TH AVENUE,FAIRBANKS,FAIRBANKS,0,8,0,0,71,0,4,0
PROVIDENCE EXTENDED CARE,025036,920 COMPASSION CIRCLE,ANCHORAGE,ANCHORAGE,0,0,2,0,95,3,3,0
HERITAGE PLACE,025021,232 ROCKWELL AVENUE,SOLDOTNA,KENAI-COOK INLET,0,0,0,0,50,0,2,0
UTUQQANAAT INAAT,025035,436 MISSION STREET,KOTZEBUE,NOT AVAILABLE,0,0,0,0,16,0,0,0
PRESTIGE CARE AND REHABILITATION CENTER OF ANCHORAGE,025025,9100 CENTENNIAL DRIVE,ANCHORAGE,ANCHORAGE,0,0,0,0,92,0,7,0
PETERSBURG MEDICAL CENTER LTC,025019,P.O. BOX 589,PETERSBURG,WRANGELL-PETERSBURG,0,0,3,0,9,0,4,0
PROVIDENCE VALDEZ MEDICAL CENTER,025034,911 MEALS AVENUE,VALDEZ,VALDEZ-CHITINA-WHITTIER,0,2,0,0,9,0,0,0
PROVIDENCE VALDEZ MEDICAL CENTER,025034,911 MEALS AVENUE,VALDEZ,VALDEZ-CHITINA-WHITTIER,0,2,0,0,9,0,0,0
PRESTIGE CARE AND REHABILITATION CENTER OF ANCHORAGE,025025,9100 CENTENNIAL DRIVE,ANCHORAGE,ANCHORAGE,0,0,0,0,89,0,7,0
WRANGELL MEDICAL CENTER LTC,025015,P.O. BOX 1081,WRANGELL,WRANGELL-PETERSBURG,0,0,1,0,12,0,0,0
KETCHIKAN MED CENTER NEW HORIZONS TRANSITIONAL CARE,025010,3100 TONGASS AVENUE,KETCHIKAN,KETCHIKAN,0,5,3,0,24,0,0,0
DENALI CENTER,025020,1510 19TH AVENUE,FAIRBANKS,FAIRBANKS,0,8,0,0,72,0,4,0
QUYANNA CARE CENTER,025026,1100 GREG KRUSCHEK AVENUE (P.O. BOX 966),NOME,NOME,0,0,1,0,17,1,0,0
MAPLE SPRINGS OF PALMER,025039,12130 EAST MAPLE SPRINGS WAY,PALMER,MATANUSKA-SUSITNA,0,0,0,0,25,0,0,0
HERITAGE PLACE,025021,232 ROCKWELL AVENUE,SOLDOTNA,KENAI-COOK INLET,0,0,0,0,51,1,4,0
SOUTH PENINSULA HOSPITAL LTC,025031,4300 BARTLETT STREET,HOMER,KENAI-COOK INLET,0,0,2,0,21,1,22,0
PROVIDENCE SEWARD MED AND CARE CENTER LTC,025024,2203 OAK STREET (P.O. BOX 430),SEWARD,SEWARD,0,5,3,0,28,1,9,0
UTUQQANAAT INAAT,025035,436 MISSION STREET,KOTZEBUE,NOT AVAILABLE,0,0,0,0,16,0,0,0
YUKON KUSKOKWIM ELDER'S HOME,025037,"1100 CHIEF EDDIE HOFFMAN HWY, PO BOX 528",BETHEL,BETHEL,0,1,1,0,15,0,0,0
SEARHC SITKA LONG TERM CARE,025032,209 MOLLER AVENUE,SITKA,SITKA,1,0,4,0,14,1,0,0
MAPLE SPRINGS OF WASILLA,025038,3265 E MERIDIAN LOOP,WASILLA,MATANUSKA-SUSITNA,0,0,0,0,58,0,0,0
PROVIDENCE EXTENDED CARE,025036,920 COMPASSION CIRCLE,ANCHORAGE,ANCHORAGE,0,0,2,0,95,3,6,0
PROVIDENCE TRANSITIONAL CARE CENTER,025018,910 COMPASSION CIRCLE,ANCHORAGE,ANCHORAGE,19,0,2,2,19,20,0,0
PETERSBURG MEDICAL CENTER LTC,025019,P.O. BOX 589,PETERSBURG,WRANGELL-PETERSBURG,0,0,3,0,9,0,4,0
PROVIDENCE KODIAK ISLAND MED LTC,025030,1915 E REZANOF DRIVE,KODIAK,KODIAK ISLAND BOROUGH,0,1,0,0,22,0,0,0
WILDFLOWER COURT,025027,2000 SALMON CREEK LANE,JUNEAU,JUNEAU,0,10,7,0,55,1,10,0
CORDOVA COMMUNITY MED LTC,025028,P.O. BOX 160,CORDOVA,CORDOVA-MCCARTHY,0,1,0,0,9,0,0,0
PROVIDENCE EXTENDED CARE,025036,920 COMPASSION CIRCLE,ANCHORAGE,ANCHORAGE,0,0,2,0,96,3,9,0
YUKON KUSKOKWIM ELDER'S HOME,025037,"1100 CHIEF EDDIE HOFFMAN HWY, PO BOX 528",BETHEL,BETHEL,0,1,1,0,15,0,0,0
PROVIDENCE TRANSITIONAL CARE CENTER,025018,910 COMPASSION CIRCLE,ANCHORAGE,ANCHORAGE,19,0,2,2,20,20,1,0
HERITAGE PLACE,025021,232 ROCKWELL AVENUE,SOLDOTNA,KENAI-COOK INLET,0,0,0,0,49,1,4,0
DENALI CENTER,025020,1510 19TH AVENUE,FAIRBANKS,FAIRBANKS,0,10,0,0,75,0,6,0
QUYANNA CARE CENTER,025026,1100 GREG KRUSCHEK AVENUE (P.O. BOX 966),NOME,NOME,0,0,1,0,17,1,0,0
PETERSBURG MEDICAL CENTER LTC,025019,P.O. BOX 589,PETERSBURG,WRANGELL-PETERSBURG,0,0,3,0,9,0,4,0
PRESTIGE CARE AND REHABILITATION CENTER OF ANCHORAGE,025025,9100 CENTENNIAL DRIVE,ANCHORAGE,ANCHORAGE,0,0,0,0,92,0,7,0
UTUQQANAAT INAAT,025035,436 MISSION STREET,KOTZEBUE,NOT AVAILABLE,0,0,0,0,17,0,0,0
KETCHIKAN MED CENTER NEW HORIZONS TRANSITIONAL CARE,025010,3100 TONGASS AVENUE,KETCHIKAN,KETCHIKAN,0,5,3,0,24,0,0,0
CORDOVA COMMUNITY MED LTC,025028,P.O. BOX 160,CORDOVA,CORDOVA-MCCARTHY,0,1,1,0,10,0,0,0
WILDFLOWER COURT,025027,2000 SALMON CREEK LANE,JUNEAU,JUNEAU,0,10,7,0,55,1,10,0
PROVIDENCE KODIAK ISLAND MED LTC,025030,1915 E REZANOF DRIVE,KODIAK,KODIAK ISLAND BOROUGH,0,2,0,0,22,0,0,0
MAPLE SPRINGS OF PALMER,025039,12130 EAST MAPLE SPRINGS WAY,PALMER,MATANUSKA-SUSITNA,0,0,1,0,65,0,0,0
SOUTH PENINSULA HOSPITAL LTC,025031,4300 BARTLETT STREET,HOMER,KENAI-COOK INLET,0,0,2,0,21,2,23,0
PROVIDENCE VALDEZ MEDICAL CENTER,025034,911 MEALS AVENUE,VALDEZ,VALDEZ-CHITINA-WHITTIER,0,2,0,0,9,0,0,0
SEARHC SITKA LONG TERM CARE,025032,209 MOLLER AVENUE,SITKA,SITKA,1,0,4,0,14,1,0,0
WRANGELL MEDICAL CENTER LTC,025015,P.O. BOX 1081,WRANGELL,WRANGELL-PETERSBURG,0,0,1,0,12,0,0,0
MAPLE SPRINGS OF WASILLA,025038,3265 E MERIDIAN LOOP,WASILLA,MATANUSKA-SUSITNA,0,0,0,0,56,0,0,0
PROVIDENCE SEWARD MED AND CARE CENTER LTC,025024,2203 OAK STREET (P.O. BOX 430),SEWARD,SEWARD,0,5,3,0,28,1,10,0
PROVIDENCE SEWARD MED AND CARE CENTER LTC,025024,2203 OAK STREET (P.O. BOX 430),SEWARD,SEWARD,0,5,3,0,29,1,16,0
SOUTH PENINSULA HOSPITAL LTC,025031,4300 BARTLETT STREET,HOMER,KENAI-COOK INLET,0,0,2,0,21,3,24,0
MAPLE SPRINGS OF PALMER,025039,12130 EAST MAPLE SPRINGS WAY,PALMER,MATANUSKA-SUSITNA,0,0,1,0,24,0,0,0
UTUQQANAAT INAAT,025035,436 MISSION STREET,KOTZEBUE,NOT AVAILABLE,0,0,0,0,17,0,0,0
SEARHC SITKA LONG TERM CARE,025032,209 MOLLER AVENUE,SITKA,SITKA,1,0,4,0,14,1,0,0
PROVIDENCE EXTENDED CARE,025036,920 COMPASSION CIRCLE,ANCHORAGE,ANCHORAGE,0,0,3,0,95,3,12,0
YUKON KUSKOKWIM ELDER'S HOME,025037,"1100 CHIEF EDDIE HOFFMAN HWY, PO BOX 528",BETHEL,BETHEL,0,1,1,0,15,0,0,0
PROVIDENCE TRANSITIONAL CARE CENTER,025018,910 COMPASSION CIRCLE,ANCHORAGE,ANCHORAGE,19,0,2,2,20,20,1,0
PROVIDENCE KODIAK ISLAND MED LTC,025030,1915 E REZANOF DRIVE,KODIAK,KODIAK ISLAND BOROUGH,0,2,0,0,22,0,0,0
CORDOVA COMMUNITY MED LTC,025028,P.O. BOX 160,CORDOVA,CORDOVA-MCCARTHY,0,1,1,0,10,0,0,0
PETERSBURG MEDICAL CENTER LTC,025019,P.O. BOX 589,PETERSBURG,WRANGELL-PETERSBURG,0,0,3,0,9,0,4,0
PRESTIGE CARE AND REHABILITATION CENTER OF ANCHORAGE,025025,9100 CENTENNIAL DRIVE,ANCHORAGE,ANCHORAGE,0,0,0,0,91,0,7,0
PROVIDENCE VALDEZ MEDICAL CENTER,025034,911 MEALS AVENUE,VALDEZ,VALDEZ-CHITINA-WHITTIER,0,2,0,0,8,0,0,0
WILDFLOWER COURT,025027,2000 SALMON CREEK LANE,JUNEAU,JUNEAU,0,10,7,0,55,1,10,0
MAPLE SPRINGS OF WASILLA,025038,3265 E MERIDIAN LOOP,WASILLA,MATANUSKA-SUSITNA,0,0,0,0,60,0,0,0
WRANGELL MEDICAL CENTER LTC,025015,P.O. BOX 1081,WRANGELL,WRANGELL-PETERSBURG,0,0,1,0,12,0,0,0
KETCHIKAN MED CENTER NEW HORIZONS TRANSITIONAL CARE,025010,3100 TONGASS AVENUE,KETCHIKAN,KETCHIKAN,0,5,3,0,24,0,0,0
DENALI CENTER,025020,1510 19TH AVENUE,FAIRBANKS,FAIRBANKS,0,12,0,0,76,0,10,0
HERITAGE PLACE,025021,232 ROCKWELL AVENUE,SOLDOTNA,KENAI-COOK INLET,0,0,0,0,49,1,4,0
QUYANNA CARE CENTER,025026,1100 GREG KRUSCHEK AVENUE (P.O. BOX 966),NOME,NOME,0,0,1,0,17,1,0,0
CORDOVA COMMUNITY MED LTC,025028,P.O. BOX 160,CORDOVA,CORDOVA-MCCARTHY,0,1,1,0,10,0,0,0
SOUTH PENINSULA HOSPITAL LTC,025031,4300 BARTLETT STREET,HOMER,KENAI-COOK INLET,0,0,2,0,22,3,26,0
PROVIDENCE KODIAK ISLAND MED LTC,025030,1915 E REZANOF DRIVE,KODIAK,KODIAK ISLAND BOROUGH,0,2,0,0,22,0,0,0
PRESTIGE CARE AND REHABILITATION CENTER OF ANCHORAGE,025025,9100 CENTENNIAL DRIVE,ANCHORAGE,ANCHORAGE,0,0,0,0,95,0,7,0
SEARHC SITKA LONG TERM CARE,025032,209 MOLLER AVENUE,SITKA,SITKA,1,0,4,0,14,1,0,0
PROVIDENCE VALDEZ MEDICAL CENTER,025034,911 MEALS AVENUE,VALDEZ,VALDEZ-CHITINA-WHITTIER,0,2,0,0,8,0,0,0
MAPLE SPRINGS OF PALMER,025039,12130 EAST MAPLE SPRINGS WAY,PALMER,MATANUSKA-SUSITNA,0,0,1,0,24,0,0,0
WILDFLOWER COURT,025027,2000 SALMON CREEK LANE,JUNEAU,JUNEAU,0,10,7,0,56,1,10,0
PROVIDENCE TRANSITIONAL CARE CENTER,025018,910 COMPASSION CIRCLE,ANCHORAGE,ANCHORAGE,19,0,2,2,18,20,3,0
KETCHIKAN MED CENTER NEW HORIZONS TRANSITIONAL CARE,025010,3100 TONGASS AVENUE,KETCHIKAN,KETCHIKAN,0,5,3,0,24,0,0,0
WRANGELL MEDICAL CENTER LTC,025015,P.O. BOX 1081,WRANGELL,WRANGELL-PETERSBURG,0,0,1,0,12,0,0,0
PETERSBURG MEDICAL CENTER LTC,025019,P.O. BOX 589,PETERSBURG,WRANGELL-PETERSBURG,0,0,3,0,9,0,4,0
HERITAGE PLACE,025021,232 ROCKWELL AVENUE,SOLDOTNA,KENAI-COOK INLET,0,0,0,0,50,1,4,0
PROVIDENCE SEWARD MED AND CARE CENTER LTC,025024,2203 OAK STREET (P.O. BOX 430),SEWARD,SEWARD,0,5,3,0,29,1,16,0
YUKON KUSKOKWIM ELDER'S HOME,025037,"1100 CHIEF EDDIE HOFFMAN HWY, PO BOX 528",BETHEL,BETHEL,0,1,1,0,15,0,0,0
QUYANNA CARE CENTER,025026,1100 GREG KRUSCHEK AVENUE (P.O. BOX 966),NOME,NOME,0,0,1,0,17,1,0,0
UTUQQANAAT INAAT,025035,436 MISSION STREET,KOTZEBUE,NOT AVAILABLE,0,0,0,0,17,0,0,0
MAPLE SPRINGS OF WASILLA,025038,3265 E MERIDIAN LOOP,WASILLA,MATANUSKA-SUSITNA,0,0,0,0,61,0,0,0
DENALI CENTER,025020,1510 19TH AVENUE,FAIRBANKS,FAIRBANKS,0,12,0,0,70,1,10,0
PROVIDENCE EXTENDED CARE,025036,920 COMPASSION CIRCLE,ANCHORAGE,ANCHORAGE,0,0,5,0,95,3,12,0
CORDOVA COMMUNITY MED LTC,025028,P.O. BOX 160,CORDOVA,CORDOVA-MCCARTHY,0,1,1,0,10,0,0,0
UTUQQANAAT INAAT,025035,436 MISSION STREET,KOTZEBUE,NOT AVAILABLE,0,0,0,0,17,0,0,0
DENALI CENTER,025020,1510 19TH AVENUE,FAIRBANKS,FAIRBANKS,0,12,0,0,70,1,13,0
QUYANNA CARE CENTER,025026,1100 GREG KRUSCHEK AVENUE (P.O. BOX 966),NOME,NOME,0,0,2,0,16,1,0,0
PROVIDENCE TRANSITIONAL CARE CENTER,025018,910 COMPASSION CIRCLE,ANCHORAGE,ANCHORAGE,19,0,2,2,18,21,3,0
MAPLE SPRINGS OF WASILLA,025038,3265 E MERIDIAN LOOP,WASILLA,MATANUSKA-SUSITNA,0,0,0,0,58,0,0,0
WILDFLOWER COURT,025027,2000 SALMON CREEK LANE,JUNEAU,JUNEAU,0,11,7,0,56,1,10,0
KETCHIKAN MED CENTER NEW HORIZONS TRANSITIONAL CARE,025010,3100 TONGASS AVENUE,KETCHIKAN,KETCHIKAN,0,6,3,0,24,0,0,0
WRANGELL MEDICAL CENTER LTC,025015,P.O. BOX 1081,WRANGELL,WRANGELL-PETERSBURG,0,0,1,0,12,0,0,0
HERITAGE PLACE,025021,232 ROCKWELL AVENUE,SOLDOTNA,KENAI-COOK INLET,0,0,0,0,50,1,4,0
MAPLE SPRINGS OF PALMER,025039,12130 EAST MAPLE SPRINGS WAY,PALMER,MATANUSKA-SUSITNA,0,0,1,0,24,0,0,0
PROVIDENCE SEWARD MED AND CARE CENTER LTC,025024,2203 OAK STREET (P.O. BOX 430),SEWARD,SEWARD,0,5,3,0,29,1,18,0
PRESTIGE CARE AND REHABILITATION CENTER OF ANCHORAGE,025025,9100 CENTENNIAL DRIVE,ANCHORAGE,ANCHORAGE,0,0,0,0,97,1,7,0
SEARHC SITKA LONG TERM CARE,025032,209 MOLLER AVENUE,SITKA,SITKA,1,0,4,0,14,1,0,0
PROVIDENCE VALDEZ MEDICAL CENTER,025034,911 MEALS AVENUE,VALDEZ,VALDEZ-CHITINA-WHITTIER,0,2,0,0,8,0,0,0
PROVIDENCE EXTENDED CARE,025036,920 COMPASSION CIRCLE,ANCHORAGE,ANCHORAGE,0,0,5,0,94,3,13,0
SOUTH PENINSULA HOSPITAL LTC,025031,4300 BARTLETT STREET,HOMER,KENAI-COOK INLET,0,0,2,0,22,3,26,0
PETERSBURG MEDICAL CENTER LTC,025019,P.O. BOX 589,PETERSBURG,WRANGELL-PETERSBURG,0,0,3,0,9,0,4,0
PROVIDENCE KODIAK ISLAND MED LTC,025030,1915 E REZANOF DRIVE,KODIAK,KODIAK ISLAND BOROUGH,0,2,0,0,22,0,0,0
YUKON KUSKOKWIM ELDER'S HOME,025037,"1100 CHIEF EDDIE HOFFMAN HWY, PO BOX 528",BETHEL,BETHEL,0,1,1,0,15,0,0,0
PETERSBURG MEDICAL CENTER LTC,025019,P.O. BOX 589,PETERSBURG,WRANGELL-PETERSBURG,0,0,3,0,9,0,4,0
HERITAGE PLACE,025021,232 ROCKWELL AVENUE,SOLDOTNA,KENAI-COOK INLET,0,0,0,0,48,1,4,0
YUKON KUSKOKWIM ELDER'S HOME,025037,"1100 CHIEF EDDIE HOFFMAN HWY, PO BOX 528",BETHEL,BETHEL,0,1,1,0,16,0,0,0
PROVIDENCE SEWARD MED AND CARE CENTER LTC,025024,2203 OAK STREET (P.O. BOX 430),SEWARD,SEWARD,0,5,3,0,30,1,19,0
DENALI CENTER,025020,1510 19TH AVENUE,FAIRBANKS,FAIRBANKS,0,13,0,0,71,1,13,0
QUYANNA CARE CENTER,025026,1100 GREG KRUSCHEK AVENUE (P.O. BOX 966),NOME,NOME,0,0,2,0,17,1,0,0
MAPLE SPRINGS OF WASILLA,025038,3265 E MERIDIAN LOOP,WASILLA,MATANUSKA-SUSITNA,0,0,0,0,66,0,1,0
CORDOVA COMMUNITY MED LTC,025028,P.O. BOX 160,CORDOVA,CORDOVA-MCCARTHY,0,1,1,0,10,0,0,0
PROVIDENCE EXTENDED CARE,025036,920 COMPASSION CIRCLE,ANCHORAGE,ANCHORAGE,0,0,5,0,94,3,13,0
MAPLE SPRINGS OF PALMER,025039,12130 EAST MAPLE SPRINGS WAY,PALMER,MATANUSKA-SUSITNA,0,0,1,0,24,0,0,0
SOUTH PENINSULA HOSPITAL LTC,025031,4300 BARTLETT STREET,HOMER,KENAI-COOK INLET,0,0,2,0,20,3,26,0
PROVIDENCE KODIAK ISLAND MED LTC,025030,1915 E REZANOF DRIVE,KODIAK,KODIAK ISLAND BOROUGH,0,3,1,0,22,0,1,0
PROVIDENCE VALDEZ MEDICAL CENTER,025034,911 MEALS AVENUE,VALDEZ,VALDEZ-CHITINA-WHITTIER,0,2,0,0,8,0,0,0
SEARHC SITKA LONG TERM CARE,025032,209 MOLLER AVENUE,SITKA,SITKA,1,0,4,0,14,1,0,0
PROVIDENCE TRANSITIONAL CARE CENTER,025018,910 COMPASSION CIRCLE,ANCHORAGE,ANCHORAGE,19,0,2,2,22,22,3,0
UTUQQANAAT INAAT,025035,436 MISSION STREET,KOTZEBUE,NOT AVAILABLE,0,0,1,0,17,0,0,0
PRESTIGE CARE AND REHABILITATION CENTER OF ANCHORAGE,025025,9100 CENTENNIAL DRIVE,ANCHORAGE,ANCHORAGE,0,0,0,0,93,3,7,0
WRANGELL MEDICAL CENTER LTC,025015,P.O. BOX 1081,WRANGELL,WRANGELL-PETERSBURG,0,0,1,0,13,0,0,0
KETCHIKAN MED CENTER NEW HORIZONS TRANSITIONAL CARE,025010,3100 TONGASS AVENUE,KETCHIKAN,KETCHIKAN,0,6,3,0,24,0,0,0
WILDFLOWER COURT,025027,2000 SALMON CREEK LANE,JUNEAU,JUNEAU,0,12,7,0,57,1,10,0
SEARHC SITKA LONG TERM CARE,025032,209 MOLLER AVENUE,SITKA,SITKA,1,0,4,0,15,1,0,0
PROVIDENCE VALDEZ MEDICAL CENTER,025034,911 MEALS AVENUE,VALDEZ,VALDEZ-CHITINA-WHITTIER,0,2,0,0,8,0,0,0
PRESTIGE CARE AND REHABILITATION CENTER OF ANCHORAGE,025025,9100 CENTENNIAL DRIVE,ANCHORAGE,ANCHORAGE,0,0,0,0,97,3,7,0
HERITAGE PLACE,025021,232 ROCKWELL AVENUE,SOLDOTNA,KENAI-COOK INLET,0,0,0,0,48,1,4,0
PROVIDENCE EXTENDED CARE,025036,920 COMPASSION CIRCLE,ANCHORAGE,ANCHORAGE,0,1,5,0,93,3,13,0
PETERSBURG MEDICAL CENTER LTC,025019,P.O. BOX 589,PETERSBURG,WRANGELL-PETERSBURG,0,0,3,0,9,0,4,0
YUKON KUSKOKWIM ELDER'S HOME,025037,"1100 CHIEF EDDIE HOFFMAN HWY, PO BOX 528",BETHEL,BETHEL,0,1,1,0,16,0,0,0
SOUTH PENINSULA HOSPITAL LTC,025031,4300 BARTLETT STREET,HOMER,KENAI-COOK INLET,0,0,2,0,20,3,26,0
PROVIDENCE KODIAK ISLAND MED LTC,025030,1915 E REZANOF DRIVE,KODIAK,KODIAK ISLAND BOROUGH,0,3,1,0,21,0,1,0
DENALI CENTER,025020,1510 19TH AVENUE,FAIRBANKS,FAIRBANKS,0,13,0,0,70,1,15,0
PROVIDENCE TRANSITIONAL CARE CENTER,025018,910 COMPASSION CIRCLE,ANCHORAGE,ANCHORAGE,19,0,3,2,22,23,3,0
MAPLE SPRINGS OF WASILLA,025038,3265 E MERIDIAN LOOP,WASILLA,MATANUSKA-SUSITNA,0,0,1,0,66,0,1,0
QUYANNA CARE CENTER,025026,1100 GREG KRUSCHEK AVENUE (P.O. BOX 966),NOME,NOME,0,0,2,0,17,1,0,0
UTUQQANAAT INAAT,025035,436 MISSION STREET,KOTZEBUE,NOT AVAILABLE,0,0,1,0,16,0,0,0
CORDOVA COMMUNITY MED LTC,025028,P.O. BOX 160,CORDOVA,CORDOVA-MCCARTHY,0,1,1,0,10,0,0,0
WRANGELL MEDICAL CENTER LTC,025015,P.O. BOX 1081,WRANGELL,WRANGELL-PETERSBURG,0,0,1,0,13,1,0,0
WILDFLOWER COURT,025027,2000 SALMON CREEK LANE,JUNEAU,JUNEAU,0,12,7,0,57,1,10,0
MAPLE SPRINGS OF PALMER,025039,12130 EAST MAPLE SPRINGS WAY,PALMER,MATANUSKA-SUSITNA,0,0,1,0,24,0,0,0
KETCHIKAN MED CENTER NEW HORIZONS TRANSITIONAL CARE,025010,3100 TONGASS AVENUE,KETCHIKAN,KETCHIKAN,0,6,3,0,24,0,0,0
PROVIDENCE SEWARD MED AND CARE CENTER LTC,025024,2203 OAK STREET (P.O. BOX 430),SEWARD,SEWARD,0,5,3,0,30,1,19,0
MAPLE SPRINGS OF PALMER,025039,12130 EAST MAPLE SPRINGS WAY,PALMER,MATANUSKA-SUSITNA,0,0,1,0,27,0,0,0
WRANGELL MEDICAL CENTER LTC,025015,P.O. BOX 1081,WRANGELL,WRANGELL-PETERSBURG,0,0,1,0,13,1,0,0
WILDFLOWER COURT,025027,2000 SALMON CREEK LANE,JUNEAU,JUNEAU,0,12,7,0,57,1,11,0
SOUTH PENINSULA HOSPITAL LTC,025031,4300 BARTLETT STREET,HOMER,KENAI-COOK INLET,0,0,2,0,20,3,27,0
SEARHC SITKA LONG TERM CARE,025032,209 MOLLER AVENUE,SITKA,SITKA,1,0,4,0,15,1,0,0
UTUQQANAAT INAAT,025035,436 MISSION STREET,KOTZEBUE,NOT AVAILABLE,0,0,1,0,17,0,0,0
KETCHIKAN MED CENTER NEW HORIZONS TRANSITIONAL CARE,025010,3100 TONGASS AVENUE,KETCHIKAN,KETCHIKAN,0,6,3,0,23,0,0,0
PROVIDENCE VALDEZ MEDICAL CENTER,025034,911 MEALS AVENUE,VALDEZ,VALDEZ-CHITINA-WHITTIER,0,2,0,0,8,0,0,0
PETERSBURG MEDICAL CENTER LTC,025019,P.O. BOX 589,PETERSBURG,WRANGELL-PETERSBURG,0,0,3,0,9,0,4,0
QUYANNA CARE CENTER,025026,1100 GREG KRUSCHEK AVENUE (P.O. BOX 966),NOME,NOME,0,0,2,0,16,1,0,0
PROVIDENCE TRANSITIONAL CARE CENTER,025018,910 COMPASSION CIRCLE,ANCHORAGE,ANCHORAGE,19,0,3,2,19,23,3,0
PROVIDENCE SEWARD MED AND CARE CENTER LTC,025024,2203 OAK STREET (P.O. BOX 430),SEWARD,SEWARD,0,5,3,0,30,1,22,0
DENALI CENTER,025020,1510 19TH AVENUE,FAIRBANKS,FAIRBANKS,0,14,0,0,71,3,18,0
HERITAGE PLACE,025021,232 ROCKWELL AVENUE,SOLDOTNA,KENAI-COOK INLET,0,0,0,0,48,1,5,0
PRESTIGE CARE AND REHABILITATION CENTER OF ANCHORAGE,025025,9100 CENTENNIAL DRIVE,ANCHORAGE,ANCHORAGE,0,0,0,0,93,3,7,0
MAPLE SPRINGS OF WASILLA,025038,3265 E MERIDIAN LOOP,WASILLA,MATANUSKA-SUSITNA,0,0,1,0,64,0,1,0
PROVIDENCE KODIAK ISLAND MED LTC,025030,1915 E REZANOF DRIVE,KODIAK,KODIAK ISLAND BOROUGH,0,3,1,0,21,0,1,0
PROVIDENCE EXTENDED CARE,025036,920 COMPASSION CIRCLE,ANCHORAGE,ANCHORAGE,0,1,5,0,95,3,13,0
CORDOVA COMMUNITY MED LTC,025028,P.O. BOX 160,CORDOVA,CORDOVA-MCCARTHY,0,1,1,0,10,0,0,0
YUKON KUSKOKWIM ELDER'S HOME,025037,"1100 CHIEF EDDIE HOFFMAN HWY, PO BOX 528",BETHEL,BETHEL,0,1,1,0,15,0,0,0
MAPLE SPRINGS OF WASILLA,025038,3265 E MERIDIAN LOOP,WASILLA,MATANUSKA-SUSITNA,0,0,1,0,59,0,1,0
PROVIDENCE TRANSITIONAL CARE CENTER,025018,910 COMPASSION CIRCLE,ANCHORAGE,ANCHORAGE,19,0,3,2,22,23,3,0
PETERSBURG MEDICAL CENTER LTC,025019,P.O. BOX 589,PETERSBURG,WRANGELL-PETERSBURG,0,0,4,0,8,0,4,0
WRANGELL MEDICAL CENTER LTC,025015,P.O. BOX 1081,WRANGELL,WRANGELL-PETERSBURG,1,0,2,0,10,2,0,0
PROVIDENCE SEWARD MED AND CARE CENTER LTC,025024,2203 OAK STREET (P.O. BOX 430),SEWARD,SEWARD,0,6,3,0,29,1,23,0
WILDFLOWER COURT,025027,2000 SALMON CREEK LANE,JUNEAU,JUNEAU,0,12,7,0,55,2,11,0
PROVIDENCE EXTENDED CARE,025036,920 COMPASSION CIRCLE,ANCHORAGE,ANCHORAGE,0,1,7,0,94,3,15,0
PRESTIGE CARE AND REHABILITATION CENTER OF ANCHORAGE,025025,9100 CENTENNIAL DRIVE,ANCHORAGE,ANCHORAGE,0,0,0,0,92,3,7,0
QUYANNA CARE CENTER,025026,1100 GREG KRUSCHEK AVENUE (P.O. BOX 966),NOME,NOME,0,0,2,0,17,1,0,0
UTUQQANAAT INAAT,025035,436 MISSION STREET,KOTZEBUE,NOT AVAILABLE,0,0,1,0,17,0,0,0
KETCHIKAN MED CENTER NEW HORIZONS TRANSITIONAL CARE,025010,3100 TONGASS AVENUE,KETCHIKAN,KETCHIKAN,0,6,3,0,21,0,0,0
YUKON KUSKOKWIM ELDER'S HOME,025037,"1100 CHIEF EDDIE HOFFMAN HWY, PO BOX 528",BETHEL,BETHEL,0,1,1,0,16,0,0,0
PROVIDENCE VALDEZ MEDICAL CENTER,025034,911 MEALS AVENUE,VALDEZ,VALDEZ-CHITINA-WHITTIER,0,2,0,0,8,0,0,0
MAPLE SPRINGS OF PALMER,025039,12130 EAST MAPLE SPRINGS WAY,PALMER,MATANUSKA-SUSITNA,0,0,1,0,26,0,0,0
DENALI CENTER,025020,1510 19TH AVENUE,FAIRBANKS,FAIRBANKS,0,14,0,0,70,3,18,0
CORDOVA COMMUNITY MED LTC,025028,P.O. BOX 160,CORDOVA,CORDOVA-MCCARTHY,0,1,1,0,10,0,1,0
HERITAGE PLACE,025021,232 ROCKWELL AVENUE,SOLDOTNA,KENAI-COOK INLET,0,0,0,0,48,1,5,0
SOUTH PENINSULA HOSPITAL LTC,025031,4300 BARTLETT STREET,HOMER,KENAI-COOK INLET,0,0,2,0,20,3,28,0
SEARHC SITKA LONG TERM CARE,025032,209 MOLLER AVENUE,SITKA,SITKA,1,0,4,0,15,1,0,0
PROVIDENCE KODIAK ISLAND MED LTC,025030,1915 E REZANOF DRIVE,KODIAK,KODIAK ISLAND BOROUGH,0,3,1,0,21,0,1,0
HERITAGE PLACE,025021,232 ROCKWELL AVENUE,SOLDOTNA,KENAI-COOK INLET,0,0,0,0,49,1,5,0
DENALI CENTER,025020,1510 19TH AVENUE,FAIRBANKS,FAIRBANKS,0,14,0,0,71,3,18,0
CORDOVA COMMUNITY MED LTC,025028,P.O. BOX 160,CORDOVA,CORDOVA-MCCARTHY,0,1,1,0,10,0,1,0
PROVIDENCE SEWARD MED AND CARE CENTER LTC,025024,2203 OAK STREET (P.O. BOX 430),SEWARD,SEWARD,0,6,3,0,29,1,23,0
PROVIDENCE KODIAK ISLAND MED LTC,025030,1915 E REZANOF DRIVE,KODIAK,KODIAK ISLAND BOROUGH,0,3,1,0,21,0,1,0
PRESTIGE CARE AND REHABILITATION CENTER OF ANCHORAGE,025025,9100 CENTENNIAL DRIVE,ANCHORAGE,ANCHORAGE,0,0,0,0,89,3,7,0
PROVIDENCE EXTENDED CARE,025036,920 COMPASSION CIRCLE,ANCHORAGE,ANCHORAGE,0,1,7,0,94,3,15,0
MAPLE SPRINGS OF WASILLA,025038,3265 E MERIDIAN LOOP,WASILLA,MATANUSKA-SUSITNA,0,0,1,0,60,0,1,0
MAPLE SPRINGS OF PALMER,025039,12130 EAST MAPLE SPRINGS WAY,PALMER,MATANUSKA-SUSITNA,0,0,1,0,27,0,0,0
YUKON KUSKOKWIM ELDER'S HOME,025037,"1100 CHIEF EDDIE HOFFMAN HWY, PO BOX 528",BETHEL,BETHEL,0,1,1,0,16,0,0,0
WILDFLOWER COURT,025027,2000 SALMON CREEK LANE,JUNEAU,JUNEAU,0,12,7,0,56,2,12,0
SEARHC SITKA LONG TERM CARE,025032,209 MOLLER AVENUE,SITKA,SITKA,1,0,4,0,14,1,0,0
WRANGELL MEDICAL CENTER LTC,025015,P.O. BOX 1081,WRANGELL,WRANGELL-PETERSBURG,1,0,2,0,10,2,0,0
SOUTH PENINSULA HOSPITAL LTC,025031,4300 BARTLETT STREET,HOMER,KENAI-COOK INLET,0,0,2,0,20,3,31,0
KETCHIKAN MED CENTER NEW HORIZONS TRANSITIONAL CARE,025010,3100 TONGASS AVENUE,KETCHIKAN,KETCHIKAN,0,7,3,0,20,0,0,0
UTUQQANAAT INAAT,025035,436 MISSION STREET,KOTZEBUE,NOT AVAILABLE,0,0,1,0,17,0,0,0
QUYANNA CARE CENTER,025026,1100 GREG KRUSCHEK AVENUE (P.O. BOX 966),NOME,NOME,0,0,2,0,17,1,0,0
PETERSBURG MEDICAL CENTER LTC,025019,P.O. BOX 589,PETERSBURG,WRANGELL-PETERSBURG,0,0,4,0,8,0,4,0
PROVIDENCE VALDEZ MEDICAL CENTER,025034,911 MEALS AVENUE,VALDEZ,VALDEZ-CHITINA-WHITTIER,0,2,0,0,8,0,0,0
PROVIDENCE TRANSITIONAL CARE CENTER,025018,910 COMPASSION CIRCLE,ANCHORAGE,ANCHORAGE,19,0,3,2,22,23,4,0
UTUQQANAAT INAAT,025035,436 MISSION STREET,KOTZEBUE,NOT AVAILABLE,0,0,1,0,17,0,0,0
PROVIDENCE VALDEZ MEDICAL CENTER,025034,911 MEALS AVENUE,VALDEZ,VALDEZ-CHITINA-WHITTIER,0,2,0,0,8,0,0,0
KETCHIKAN MED CENTER NEW HORIZONS TRANSITIONAL CARE,025010,3100 TONGASS AVENUE,KETCHIKAN,KETCHIKAN,0,7,3,0,20,0,0,0
QUYANNA CARE CENTER,025026,1100 GREG KRUSCHEK AVENUE (P.O. BOX 966),NOME,NOME,0,0,2,0,17,1,0,0
YUKON KUSKOKWIM ELDER'S HOME,025037,"1100 CHIEF EDDIE HOFFMAN HWY, PO BOX 528",BETHEL,BETHEL,0,1,2,0,15,0,0,0
MAPLE SPRINGS OF PALMER,025039,12130 EAST MAPLE SPRINGS WAY,PALMER,MATANUSKA-SUSITNA,0,0,1,0,24,2,0,0
DENALI CENTER,025020,1510 19TH AVENUE,FAIRBANKS,FAIRBANKS,0,14,0,0,72,4,18,0
CORDOVA COMMUNITY MED LTC,025028,P.O. BOX 160,CORDOVA,CORDOVA-MCCARTHY,0,1,1,0,10,0,1,0
HERITAGE PLACE,025021,232 ROCKWELL AVENUE,SOLDOTNA,KENAI-COOK INLET,0,0,0,0,50,1,5,0
SEARHC SITKA LONG TERM CARE,025032,209 MOLLER AVENUE,SITKA,SITKA,1,0,4,0,14,1,0,0
PROVIDENCE KODIAK ISLAND MED LTC,025030,1915 E REZANOF DRIVE,KODIAK,KODIAK ISLAND BOROUGH,0,3,1,0,21,0,1,0
SOUTH PENINSULA HOSPITAL LTC,025031,4300 BARTLETT STREET,HOMER,KENAI-COOK INLET,0,0,2,0,20,3,31,0
MAPLE SPRINGS OF WASILLA,025038,3265 E MERIDIAN LOOP,WASILLA,MATANUSKA-SUSITNA,0,0,1,0,62,0,3,0
PETERSBURG MEDICAL CENTER LTC,025019,P.O. BOX 589,PETERSBURG,WRANGELL-PETERSBURG,0,0,4,0,8,0,4,0
PROVIDENCE TRANSITIONAL CARE CENTER,025018,910 COMPASSION CIRCLE,ANCHORAGE,ANCHORAGE,19,0,4,2,28,23,4,0
PROVIDENCE SEWARD MED AND CARE CENTER LTC,025024,2203 OAK STREET (P.O. BOX 430),SEWARD,SEWARD,0,6,4,0,28,1,24,0
WRANGELL MEDICAL CENTER LTC,025015,P.O. BOX 1081,WRANGELL,WRANGELL-PETERSBURG,2,0,2,0,11,2,0,0
PRESTIGE CARE AND REHABILITATION CENTER OF ANCHORAGE,025025,9100 CENTENNIAL DRIVE,ANCHORAGE,ANCHORAGE,0,0,0,0,93,5,7,0
PROVIDENCE EXTENDED CARE,025036,920 COMPASSION CIRCLE,ANCHORAGE,ANCHORAGE,0,1,7,0,95,3,15,0
WILDFLOWER COURT,025027,2000 SALMON CREEK LANE,JUNEAU,JUNEAU,0,12,7,0,56,3,12,0
WILDFLOWER COURT,025027,2000 SALMON CREEK LANE,JUNEAU,JUNEAU,0,12,7,0,57,3,12,0
SEARHC SITKA LONG TERM CARE,025032,209 MOLLER AVENUE,SITKA,SITKA,1,0,4,0,13,1,0,0
PROVIDENCE VALDEZ MEDICAL CENTER,025034,911 MEALS AVENUE,VALDEZ,VALDEZ-CHITINA-WHITTIER,0,2,0,0,8,0,0,0
DENALI CENTER,025020,1510 19TH AVENUE,FAIRBANKS,FAIRBANKS,0,14,0,0,71,6,19,0
PROVIDENCE EXTENDED CARE,025036,920 COMPASSION CIRCLE,ANCHORAGE,ANCHORAGE,0,1,7,0,96,4,15,0
WRANGELL MEDICAL CENTER LTC,025015,P.O. BOX 1081,WRANGELL,WRANGELL-PETERSBURG,2,0,2,0,11,2,0,0
UTUQQANAAT INAAT,025035,436 MISSION STREET,KOTZEBUE,NOT AVAILABLE,0,0,2,0,16,0,0,0
PETERSBURG MEDICAL CENTER LTC,025019,P.O. BOX 589,PETERSBURG,WRANGELL-PETERSBURG,0,0,4,0,8,0,4,0
PROVIDENCE SEWARD MED AND CARE CENTER LTC,025024,2203 OAK STREET (P.O. BOX 430),SEWARD,SEWARD,0,7,4,0,29,1,24,0
PRESTIGE CARE AND REHABILITATION CENTER OF ANCHORAGE,025025,9100 CENTENNIAL DRIVE,ANCHORAGE,ANCHORAGE,3,0,0,0,90,6,7,0
PROVIDENCE KODIAK ISLAND MED LTC,025030,1915 E REZANOF DRIVE,KODIAK,KODIAK ISLAND BOROUGH,0,3,2,0,20,0,1,0
KETCHIKAN MED CENTER NEW HORIZONS TRANSITIONAL CARE,025010,3100 TONGASS AVENUE,KETCHIKAN,KETCHIKAN,0,7,3,0,21,0,0,0
HERITAGE PLACE,025021,232 ROCKWELL AVENUE,SOLDOTNA,KENAI-COOK INLET,0,0,0,0,48,1,5,0
QUYANNA CARE CENTER,025026,1100 GREG KRUSCHEK AVENUE (P.O. BOX 966),NOME,NOME,0,0,2,0,17,1,0,0
MAPLE SPRINGS OF WASILLA,025038,3265 E MERIDIAN LOOP,WASILLA,MATANUSKA-SUSITNA,0,0,1,0,67,0,15,0
SOUTH PENINSULA HOSPITAL LTC,025031,4300 BARTLETT STREET,HOMER,KENAI-COOK INLET,0,0,2,0,19,3,32,0
YUKON KUSKOKWIM ELDER'S HOME,025037,"1100 CHIEF EDDIE HOFFMAN HWY, PO BOX 528",BETHEL,BETHEL,0,1,2,0,15,0,0,0
CORDOVA COMMUNITY MED LTC,025028,P.O. BOX 160,CORDOVA,CORDOVA-MCCARTHY,0,1,1,0,10,0,1,0
PROVIDENCE TRANSITIONAL CARE CENTER,025018,910 COMPASSION CIRCLE,ANCHORAGE,ANCHORAGE,19,0,4,2,32,23,4,0
MAPLE SPRINGS OF PALMER,025039,12130 EAST MAPLE SPRINGS WAY,PALMER,MATANUSKA-SUSITNA,0,0,1,0,24,2,0,0
DENALI CENTER,025020,1510 19TH AVENUE,FAIRBANKS,FAIRBANKS,0,14,0,0,71,11,23,0
YUKON KUSKOKWIM ELDER'S HOME,025037,"1100 CHIEF EDDIE HOFFMAN HWY, PO BOX 528",BETHEL,BETHEL,0,1,2,0,15,0,0,0
SOUTH PENINSULA HOSPITAL LTC,025031,4300 BARTLETT STREET,HOMER,KENAI-COOK INLET,0,0,2,0,19,3,36,0
PETERSBURG MEDICAL CENTER LTC,025019,P.O. BOX 589,PETERSBURG,WRANGELL-PETERSBURG,0,0,4,0,8,0,4,0
WILDFLOWER COURT,025027,2000 SALMON CREEK LANE,JUNEAU,JUNEAU,0,12,7,0,57,3,12,0
PROVIDENCE TRANSITIONAL CARE CENTER,025018,910 COMPASSION CIRCLE,ANCHORAGE,ANCHORAGE,19,0,5,2,34,23,6,0
QUYANNA CARE CENTER,025026,1100 GREG KRUSCHEK AVENUE (P.O. BOX 966),NOME,NOME,0,0,2,0,17,1,0,0
KETCHIKAN MED CENTER NEW HORIZONS TRANSITIONAL CARE,025010,3100 TONGASS AVENUE,KETCHIKAN,KETCHIKAN,0,7,3,0,21,0,0,0
MAPLE SPRINGS OF WASILLA,025038,3265 E MERIDIAN LOOP,WASILLA,MATANUSKA-SUSITNA,0,0,1,0,66,0,23,0
MAPLE SPRINGS OF PALMER,025039,12130 EAST MAPLE SPRINGS WAY,PALMER,MATANUSKA-SUSITNA,0,0,1,0,20,2,0,0
PROVIDENCE EXTENDED CARE,025036,920 COMPASSION CIRCLE,ANCHORAGE,ANCHORAGE,0,1,7,0,96,6,16,0
WRANGELL MEDICAL CENTER LTC,025015,P.O. BOX 1081,WRANGELL,WRANGELL-PETERSBURG,2,0,2,0,12,2,0,0
PRESTIGE CARE AND REHABILITATION CENTER OF ANCHORAGE,025025,9100 CENTENNIAL DRIVE,ANCHORAGE,ANCHORAGE,4,0,1,1,84,7,7,0
CORDOVA COMMUNITY MED LTC,025028,P.O. BOX 160,CORDOVA,CORDOVA-MCCARTHY,0,2,1,0,10,0,1,0
UTUQQANAAT INAAT,025035,436 MISSION STREET,KOTZEBUE,NOT AVAILABLE,0,0,2,0,16,0,0,0
PROVIDENCE KODIAK ISLAND MED LTC,025030,1915 E REZANOF DRIVE,KODIAK,KODIAK ISLAND BOROUGH,0,3,2,0,20,0,4,0
PROVIDENCE SEWARD MED AND CARE CENTER LTC,025024,2203 OAK STREET (P.O. BOX 430),SEWARD,SEWARD,0,7,5,0,28,1,25,0
SEARHC SITKA LONG TERM CARE,025032,209 MOLLER AVENUE,SITKA,SITKA,1,0,4,0,14,1,0,0
HERITAGE PLACE,025021,232 ROCKWELL AVENUE,SOLDOTNA,KENAI-COOK INLET,0,0,0,0,47,2,5,0
PROVIDENCE VALDEZ MEDICAL CENTER,025034,911 MEALS AVENUE,VALDEZ,VALDEZ-CHITINA-WHITTIER,0,2,0,0,8,0,0,0
PROVIDENCE SEWARD MED AND CARE CENTER LTC,025024,2203 OAK STREET (P.O. BOX 430),SEWARD,SEWARD,0,7,5,0,28,1,28,0
PROVIDENCE KODIAK ISLAND MED LTC,025030,1915 E REZANOF DRIVE,KODIAK,KODIAK ISLAND BOROUGH,0,3,2,0,22,0,4,0
QUYANNA CARE CENTER,025026,1100 GREG KRUSCHEK AVENUE (P.O. BOX 966),NOME,NOME,0,0,2,0,17,1,0,0
MAPLE SPRINGS OF WASILLA,025038,3265 E MERIDIAN LOOP,WASILLA,MATANUSKA-SUSITNA,0,0,1,0,62,0,31,0
YUKON KUSKOKWIM ELDER'S HOME,025037,"1100 CHIEF EDDIE HOFFMAN HWY, PO BOX 528",BETHEL,BETHEL,0,1,2,0,15,0,0,0
KETCHIKAN MED CENTER NEW HORIZONS TRANSITIONAL CARE,025010,3100 TONGASS AVENUE,KETCHIKAN,KETCHIKAN,0,7,3,0,21,0,0,0
HERITAGE PLACE,025021,232 ROCKWELL AVENUE,SOLDOTNA,KENAI-COOK INLET,0,0,0,0,49,2,5,0
SOUTH PENINSULA HOSPITAL LTC,025031,4300 BARTLETT STREET,HOMER,KENAI-COOK INLET,0,0,3,0,18,3,40,0
PROVIDENCE TRANSITIONAL CARE CENTER,025018,910 COMPASSION CIRCLE,ANCHORAGE,ANCHORAGE,19,0,5,2,40,23,8,0
MAPLE SPRINGS OF PALMER,025039,12130 EAST MAPLE SPRINGS WAY,PALMER,MATANUSKA-SUSITNA,0,0,1,0,24,2,0,0
PRESTIGE CARE AND REHABILITATION CENTER OF ANCHORAGE,025025,9100 CENTENNIAL DRIVE,ANCHORAGE,ANCHORAGE,4,0,1,1,82,8,7,0
CORDOVA COMMUNITY MED LTC,025028,P.O. BOX 160,CORDOVA,CORDOVA-MCCARTHY,0,3,1,0,10,0,1,0
PROVIDENCE VALDEZ MEDICAL CENTER,025034,911 MEALS AVENUE,VALDEZ,VALDEZ-CHITINA-WHITTIER,0,3,0,0,8,0,0,0
SEARHC SITKA LONG TERM CARE,025032,209 MOLLER AVENUE,SITKA,SITKA,1,0,4,0,14,1,0,0
DENALI CENTER,025020,1510 19TH AVENUE,FAIRBANKS,FAIRBANKS,0,14,1,0,69,11,26,0
WRANGELL MEDICAL CENTER LTC,025015,P.O. BOX 1081,WRANGELL,WRANGELL-PETERSBURG,2,0,2,0,12,2,0,0
PROVIDENCE EXTENDED CARE,025036,920 COMPASSION CIRCLE,ANCHORAGE,ANCHORAGE,0,1,9,0,93,6,19,0
WILDFLOWER COURT,025027,2000 SALMON CREEK LANE,JUNEAU,JUNEAU,0,12,8,0,55,3,12,0
PETERSBURG MEDICAL CENTER LTC,025019,P.O. BOX 589,PETERSBURG,WRANGELL-PETERSBURG,0,0,4,0,8,0,4,0
UTUQQANAAT INAAT,025035,436 MISSION STREET,KOTZEBUE,NOT AVAILABLE,0,0,2,0,17,0,0,0
WRANGELL MEDICAL CENTER LTC,025015,P.O. BOX 1081,WRANGELL,WRANGELL-PETERSBURG,2,0,2,0,11,2,0,0
PROVIDENCE EXTENDED CARE,025036,920 COMPASSION CIRCLE,ANCHORAGE,ANCHORAGE,4,1,9,0,89,12,19,0
MAPLE SPRINGS OF PALMER,025039,12130 EAST MAPLE SPRINGS WAY,PALMER,MATANUSKA-SUSITNA,0,0,1,0,22,2,0,0
UTUQQANAAT INAAT,025035,436 MISSION STREET,KOTZEBUE,NOT AVAILABLE,0,0,2,0,17,0,0,0
CORDOVA COMMUNITY MED LTC,025028,P.O. BOX 160,CORDOVA,CORDOVA-MCCARTHY,0,3,1,0,10,0,2,0
PRESTIGE CARE AND REHABILITATION CENTER OF ANCHORAGE,025025,9100 CENTENNIAL DRIVE,ANCHORAGE,ANCHORAGE,4,0,3,1,87,16,7,0
HERITAGE PLACE,025021,232 ROCKWELL AVENUE,SOLDOTNA,KENAI-COOK INLET,0,0,0,0,50,2,5,0
PROVIDENCE SEWARD MED AND CARE CENTER LTC,025024,2203 OAK STREET (P.O. BOX 430),SEWARD,SEWARD,0,8,6,0,27,1,28,0
PROVIDENCE KODIAK ISLAND MED LTC,025030,1915 E REZANOF DRIVE,KODIAK,KODIAK ISLAND BOROUGH,0,3,2,0,21,0,4,0
SEARHC SITKA LONG TERM CARE,025032,209 MOLLER AVENUE,SITKA,SITKA,1,0,4,0,14,1,0,0
PROVIDENCE VALDEZ MEDICAL CENTER,025034,911 MEALS AVENUE,VALDEZ,VALDEZ-CHITINA-WHITTIER,0,4,0,0,8,0,0,0
SOUTH PENINSULA HOSPITAL LTC,025031,4300 BARTLETT STREET,HOMER,KENAI-COOK INLET,0,0,3,0,18,5,41,0
DENALI CENTER,025020,1510 19TH AVENUE,FAIRBANKS,FAIRBANKS,0,14,3,0,66,12,27,0
PETERSBURG MEDICAL CENTER LTC,025019,P.O. BOX 589,PETERSBURG,WRANGELL-PETERSBURG,0,0,4,0,8,0,4,0
PROVIDENCE TRANSITIONAL CARE CENTER,025018,910 COMPASSION CIRCLE,ANCHORAGE,ANCHORAGE,19,0,5,2,40,24,8,0
WILDFLOWER COURT,025027,2000 SALMON CREEK LANE,JUNEAU,JUNEAU,0,12,8,0,55,3,12,0
KETCHIKAN MED CENTER NEW HORIZONS TRANSITIONAL CARE,025010,3100 TONGASS AVENUE,KETCHIKAN,KETCHIKAN,0,7,3,0,20,0,0,0
MAPLE SPRINGS OF WASILLA,025038,3265 E MERIDIAN LOOP,WASILLA,MATANUSKA-SUSITNA,0,0,1,0,60,1,31,0
QUYANNA CARE CENTER,025026,1100 GREG KRUSCHEK AVENUE (P.O. BOX 966),NOME,NOME,0,0,2,0,17,1,0,0
YUKON KUSKOKWIM ELDER'S HOME,025037,"1100 CHIEF EDDIE HOFFMAN HWY, PO BOX 528",BETHEL,BETHEL,0,1,2,0,15,1,0,0
PROVIDENCE VALDEZ MEDICAL CENTER,025034,911 MEALS AVENUE,VALDEZ,VALDEZ-CHITINA-WHITTIER,0,4,0,0,8,0,0,0
PETERSBURG MEDICAL CENTER LTC,025019,P.O. BOX 589,PETERSBURG,WRANGELL-PETERSBURG,0,0,4,0,8,0,4,0
UTUQQANAAT INAAT,025035,436 MISSION STREET,KOTZEBUE,NOT AVAILABLE,0,0,2,0,17,1,0,0
YUKON KUSKOKWIM ELDER'S HOME,025037,"1100 CHIEF EDDIE HOFFMAN HWY, PO BOX 528",BETHEL,BETHEL,0,1,2,0,15,1,0,0
PROVIDENCE TRANSITIONAL CARE CENTER,025018,910 COMPASSION CIRCLE,ANCHORAGE,ANCHORAGE,19,0,5,2,37,24,14,0
DENALI CENTER,025020,1510 19TH AVENUE,FAIRBANKS,FAIRBANKS,0,14,3,0,66,14,27,0
PROVIDENCE EXTENDED CARE,025036,920 COMPASSION CIRCLE,ANCHORAGE,ANCHORAGE,7,1,9,0,89,16,20,0
HERITAGE PLACE,025021,232 ROCKWELL AVENUE,SOLDOTNA,KENAI-COOK INLET,0,0,0,0,52,2,5,0
PRESTIGE CARE AND REHABILITATION CENTER OF ANCHORAGE,025025,9100 CENTENNIAL DRIVE,ANCHORAGE,ANCHORAGE,4,0,3,1,91,18,9,0
WILDFLOWER COURT,025027,2000 SALMON CREEK LANE,JUNEAU,JUNEAU,0,12,8,0,56,5,12,0
SOUTH PENINSULA HOSPITAL LTC,025031,4300 BARTLETT STREET,HOMER,KENAI-COOK INLET,0,0,3,0,18,5,42,0
QUYANNA CARE CENTER,025026,1100 GREG KRUSCHEK AVENUE (P.O. BOX 966),NOME,NOME,0,0,2,0,17,1,0,0
PROVIDENCE SEWARD MED AND CARE CENTER LTC,025024,2203 OAK STREET (P.O. BOX 430),SEWARD,SEWARD,0,8,6,0,28,1,30,0
WRANGELL MEDICAL CENTER LTC,025015,P.O. BOX 1081,WRANGELL,WRANGELL-PETERSBURG,2,0,3,0,11,2,0,0
SEARHC SITKA LONG TERM CARE,025032,209 MOLLER AVENUE,SITKA,SITKA,1,0,4,0,14,1,0,0
KETCHIKAN MED CENTER NEW HORIZONS TRANSITIONAL CARE,025010,3100 TONGASS AVENUE,KETCHIKAN,KETCHIKAN,0,8,3,0,20,0,0,0
CORDOVA COMMUNITY MED LTC,025028,P.O. BOX 160,CORDOVA,CORDOVA-MCCARTHY,0,3,1,0,10,0,2,0
MAPLE SPRINGS OF WASILLA,025038,3265 E MERIDIAN LOOP,WASILLA,MATANUSKA-SUSITNA,0,1,1,0,62,1,34,0
PROVIDENCE KODIAK ISLAND MED LTC,025030,1915 E REZANOF DRIVE,KODIAK,KODIAK ISLAND BOROUGH,0,3,2,0,21,0,7,0
MAPLE SPRINGS OF PALMER,025039,12130 EAST MAPLE SPRINGS WAY,PALMER,MATANUSKA-SUSITNA,0,0,1,0,25,2,0,0
PETERSBURG MEDICAL CENTER LTC,025019,P.O. BOX 589,PETERSBURG,WRANGELL-PETERSBURG,0,0,4,0,7,0,4,0
DENALI CENTER,025020,1510 19TH AVENUE,FAIRBANKS,FAIRBANKS,0,14,5,0,66,14,27,0
HERITAGE PLACE,025021,232 ROCKWELL AVENUE,SOLDOTNA,KENAI-COOK INLET,0,0,0,0,52,4,6,0
CORDOVA COMMUNITY MED LTC,025028,P.O. BOX 160,CORDOVA,CORDOVA-MCCARTHY,0,3,1,0,10,0,2,0
QUYANNA CARE CENTER,025026,1100 GREG KRUSCHEK AVENUE (P.O. BOX 966),NOME,NOME,0,0,3,0,16,1,0,0
MAPLE SPRINGS OF WASILLA,025038,3265 E MERIDIAN LOOP,WASILLA,MATANUSKA-SUSITNA,0,1,1,0,64,2,37,0
WRANGELL MEDICAL CENTER LTC,025015,P.O. BOX 1081,WRANGELL,WRANGELL-PETERSBURG,2,0,3,0,11,2,0,0
KETCHIKAN MED CENTER NEW HORIZONS TRANSITIONAL CARE,025010,3100 TONGASS AVENUE,KETCHIKAN,KETCHIKAN,0,8,3,0,20,0,0,0
PROVIDENCE EXTENDED CARE,025036,920 COMPASSION CIRCLE,ANCHORAGE,ANCHORAGE,8,1,9,0,88,18,25,0
YUKON KUSKOKWIM ELDER'S HOME,025037,"1100 CHIEF EDDIE HOFFMAN HWY, PO BOX 528",BETHEL,BETHEL,0,1,2,0,15,1,0,0
PROVIDENCE TRANSITIONAL CARE CENTER,025018,910 COMPASSION CIRCLE,ANCHORAGE,ANCHORAGE,19,0,5,2,35,24,15,0
PROVIDENCE KODIAK ISLAND MED LTC,025030,1915 E REZANOF DRIVE,KODIAK,KODIAK ISLAND BOROUGH,0,4,2,0,21,0,8,0
SOUTH PENINSULA HOSPITAL LTC,025031,4300 BARTLETT STREET,HOMER,KENAI-COOK INLET,0,0,3,0,18,5,45,0
WILDFLOWER COURT,025027,2000 SALMON CREEK LANE,JUNEAU,JUNEAU,0,12,9,0,55,6,12,0
PROVIDENCE VALDEZ MEDICAL CENTER,025034,911 MEALS AVENUE,VALDEZ,VALDEZ-CHITINA-WHITTIER,0,4,0,0,8,0,0,0
MAPLE SPRINGS OF PALMER,025039,12130 EAST MAPLE SPRINGS WAY,PALMER,MATANUSKA-SUSITNA,0,0,2,0,23,7,2,0
PRESTIGE CARE AND REHABILITATION CENTER OF ANCHORAGE,025025,9100 CENTENNIAL DRIVE,ANCHORAGE,ANCHORAGE,4,0,3,1,94,19,9,0
SEARHC SITKA LONG TERM CARE,025032,209 MOLLER AVENUE,SITKA,SITKA,1,0,4,0,14,1,0,0
PROVIDENCE SEWARD MED AND CARE CENTER LTC,025024,2203 OAK STREET (P.O. BOX 430),SEWARD,SEWARD,0,8,6,0,29,1,33,0
UTUQQANAAT INAAT,025035,436 MISSION STREET,KOTZEBUE,NOT AVAILABLE,0,0,2,0,17,1,0,0
MAPLE SPRINGS OF PALMER,025039,12130 EAST MAPLE SPRINGS WAY,PALMER,MATANUSKA-SUSITNA,0,0,2,0,21,7,2,0
PRESTIGE CARE AND REHABILITATION CENTER OF ANCHORAGE,025025,9100 CENTENNIAL DRIVE,ANCHORAGE,ANCHORAGE,4,0,3,1,93,23,9,0
WILDFLOWER COURT,025027,2000 SALMON CREEK LANE,JUNEAU,JUNEAU,0,12,10,0,53,6,12,0
SOUTH PENINSULA HOSPITAL LTC,025031,4300 BARTLETT STREET,HOMER,KENAI-COOK INLET,0,0,3,0,18,6,47,0
KETCHIKAN MED CENTER NEW HORIZONS TRANSITIONAL CARE,025010,3100 TONGASS AVENUE,KETCHIKAN,KETCHIKAN,0,9,3,0,18,0,0,0
PROVIDENCE SEWARD MED AND CARE CENTER LTC,025024,2203 OAK STREET (P.O. BOX 430),SEWARD,SEWARD,0,8,6,0,30,2,33,0
WRANGELL MEDICAL CENTER LTC,025015,P.O. BOX 1081,WRANGELL,WRANGELL-PETERSBURG,2,0,3,0,13,2,0,0
SEARHC SITKA LONG TERM CARE,025032,209 MOLLER AVENUE,SITKA,SITKA,1,0,4,0,14,1,0,0
PROVIDENCE KODIAK ISLAND MED LTC,025030,1915 E REZANOF DRIVE,KODIAK,KODIAK ISLAND BOROUGH,0,4,2,0,22,0,9,0
QUYANNA CARE CENTER,025026,1100 GREG KRUSCHEK AVENUE (P.O. BOX 966),NOME,NOME,0,0,3,0,16,1,0,0
PETERSBURG MEDICAL CENTER LTC,025019,P.O. BOX 589,PETERSBURG,WRANGELL-PETERSBURG,0,0,4,0,7,0,4,0
MAPLE SPRINGS OF WASILLA,025038,3265 E MERIDIAN LOOP,WASILLA,MATANUSKA-SUSITNA,0,1,1,0,58,3,37,0
PROVIDENCE VALDEZ MEDICAL CENTER,025034,911 MEALS AVENUE,VALDEZ,VALDEZ-CHITINA-WHITTIER,0,4,0,0,8,0,0,0
UTUQQANAAT INAAT,025035,436 MISSION STREET,KOTZEBUE,NOT AVAILABLE,0,0,2,0,17,1,0,0
YUKON KUSKOKWIM ELDER'S HOME,025037,"1100 CHIEF EDDIE HOFFMAN HWY, PO BOX 528",BETHEL,BETHEL,0,2,2,0,15,1,0,0
PROVIDENCE TRANSITIONAL CARE CENTER,025018,910 COMPASSION CIRCLE,ANCHORAGE,ANCHORAGE,19,0,6,2,30,25,20,0
PROVIDENCE EXTENDED CARE,025036,920 COMPASSION CIRCLE,ANCHORAGE,ANCHORAGE,8,1,9,0,88,19,34,0
CORDOVA COMMUNITY MED LTC,025028,P.O. BOX 160,CORDOVA,CORDOVA-MCCARTHY,0,5,1,0,9,0,2,0
HERITAGE PLACE,025021,232 ROCKWELL AVENUE,SOLDOTNA,KENAI-COOK INLET,0,0,0,0,52,6,8,0
DENALI CENTER,025020,1510 19TH AVENUE,FAIRBANKS,FAIRBANKS,0,14,5,0,68,14,30,0
YUKON KUSKOKWIM ELDER'S HOME,025037,"1100 CHIEF EDDIE HOFFMAN HWY, PO BOX 528",BETHEL,BETHEL,2,2,2,0,15,2,2,0
PROVIDENCE TRANSITIONAL CARE CENTER,025018,910 COMPASSION CIRCLE,ANCHORAGE,ANCHORAGE,19,0,7,2,23,28,27,0
PROVIDENCE KODIAK ISLAND MED LTC,025030,1915 E REZANOF DRIVE,KODIAK,KODIAK ISLAND BOROUGH,0,4,2,0,22,0,10,0
PROVIDENCE EXTENDED CARE,025036,920 COMPASSION CIRCLE,ANCHORAGE,ANCHORAGE,8,1,9,0,88,22,40,0
WILDFLOWER COURT,025027,2000 SALMON CREEK LANE,JUNEAU,JUNEAU,0,12,10,0,54,6,12,0
QUYANNA CARE CENTER,025026,1100 GREG KRUSCHEK AVENUE (P.O. BOX 966),NOME,NOME,0,0,3,0,16,1,0,0
SOUTH PENINSULA HOSPITAL LTC,025031,4300 BARTLETT STREET,HOMER,KENAI-COOK INLET,0,0,3,0,18,6,47,0
PRESTIGE CARE AND REHABILITATION CENTER OF ANCHORAGE,025025,9100 CENTENNIAL DRIVE,ANCHORAGE,ANCHORAGE,4,0,3,1,93,26,9,0
MAPLE SPRINGS OF PALMER,025039,12130 EAST MAPLE SPRINGS WAY,PALMER,MATANUSKA-SUSITNA,0,0,2,0,22,9,2,0
UTUQQANAAT INAAT,025035,436 MISSION STREET,KOTZEBUE,NOT AVAILABLE,0,0,2,0,18,1,0,0
SEARHC SITKA LONG TERM CARE,025032,209 MOLLER AVENUE,SITKA,SITKA,1,0,4,0,14,1,0,0
PROVIDENCE SEWARD MED AND CARE CENTER LTC,025024,2203 OAK STREET (P.O. BOX 430),SEWARD,SEWARD,0,8,6,0,29,2,35,0
PROVIDENCE VALDEZ MEDICAL CENTER,025034,911 MEALS AVENUE,VALDEZ,VALDEZ-CHITINA-WHITTIER,0,4,0,0,8,0,0,0
CORDOVA COMMUNITY MED LTC,025028,P.O. BOX 160,CORDOVA,CORDOVA-MCCARTHY,0,5,1,0,9,0,2,0
HERITAGE PLACE,025021,232 ROCKWELL AVENUE,SOLDOTNA,KENAI-COOK INLET,4,0,1,0,51,9,15,0
PETERSBURG MEDICAL CENTER LTC,025019,P.O. BOX 589,PETERSBURG,WRANGELL-PETERSBURG,0,0,4,0,7,0,4,0
MAPLE SPRINGS OF WASILLA,025038,3265 E MERIDIAN LOOP,WASILLA,MATANUSKA-SUSITNA,0,1,1,0,58,3,37,0
DENALI CENTER,025020,1510 19TH AVENUE,FAIRBANKS,FAIRBANKS,0,15,5,0,70,14,32,0
WRANGELL MEDICAL CENTER LTC,025015,P.O. BOX 1081,WRANGELL,WRANGELL-PETERSBURG,2,0,3,0,14,2,0,0
KETCHIKAN MED CENTER NEW HORIZONS TRANSITIONAL CARE,025010,3100 TONGASS AVENUE,KETCHIKAN,KETCHIKAN,0,9,3,0,18,0,0,0
UTUQQANAAT INAAT,025035,436 MISSION STREET,KOTZEBUE,NOT AVAILABLE,0,0,2,0,18,1,0,0
PROVIDENCE EXTENDED CARE,025036,920 COMPASSION CIRCLE,ANCHORAGE,ANCHORAGE,8,3,9,0,92,24,41,0
HERITAGE PLACE,025021,232 ROCKWELL AVENUE,SOLDOTNA,KENAI-COOK INLET,16,9,1,0,51,13,19,0
PETERSBURG MEDICAL CENTER LTC,025019,P.O. BOX 589,PETERSBURG,WRANGELL-PETERSBURG,0,0,4,0,7,0,4,0
WILDFLOWER COURT,025027,2000 SALMON CREEK LANE,JUNEAU,JUNEAU,0,12,12,0,52,7,12,0
PROVIDENCE SEWARD MED AND CARE CENTER LTC,025024,2203 OAK STREET (P.O. BOX 430),SEWARD,SEWARD,0,8,6,0,30,4,40,0
YUKON KUSKOKWIM ELDER'S HOME,025037,"1100 CHIEF EDDIE HOFFMAN HWY, PO BOX 528",BETHEL,BETHEL,2,2,2,0,15,2,3,0
CORDOVA COMMUNITY MED LTC,025028,P.O. BOX 160,CORDOVA,CORDOVA-MCCARTHY,0,5,2,1,9,0,2,0
QUYANNA CARE CENTER,025026,1100 GREG KRUSCHEK AVENUE (P.O. BOX 966),NOME,NOME,0,0,3,0,16,1,0,0
SEARHC SITKA LONG TERM CARE,025032,209 MOLLER AVENUE,SITKA,SITKA,1,0,4,0,14,1,0,0
PROVIDENCE VALDEZ MEDICAL CENTER,025034,911 MEALS AVENUE,VALDEZ,VALDEZ-CHITINA-WHITTIER,0,4,0,0,8,0,0,0
MAPLE SPRINGS OF PALMER,025039,12130 EAST MAPLE SPRINGS WAY,PALMER,MATANUSKA-SUSITNA,0,0,2,0,19,9,2,0
WRANGELL MEDICAL CENTER LTC,025015,P.O. BOX 1081,WRANGELL,WRANGELL-PETERSBURG,3,0,3,0,13,2,0,0
PRESTIGE CARE AND REHABILITATION CENTER OF ANCHORAGE,025025,9100 CENTENNIAL DRIVE,ANCHORAGE,ANCHORAGE,4,0,3,1,96,29,9,0
PROVIDENCE TRANSITIONAL CARE CENTER,025018,910 COMPASSION CIRCLE,ANCHORAGE,ANCHORAGE,19,0,7,2,17,31,30,0
KETCHIKAN MED CENTER NEW HORIZONS TRANSITIONAL CARE,025010,3100 TONGASS AVENUE,KETCHIKAN,KETCHIKAN,0,10,3,0,18,0,0,0
MAPLE SPRINGS OF WASILLA,025038,3265 E MERIDIAN LOOP,WASILLA,MATANUSKA-SUSITNA,0,1,1,0,61,4,37,0
DENALI CENTER,025020,1510 19TH AVENUE,FAIRBANKS,FAIRBANKS,0,15,6,0,72,16,32,0
PROVIDENCE KODIAK ISLAND MED LTC,025030,1915 E REZANOF DRIVE,KODIAK,KODIAK ISLAND BOROUGH,0,6,2,0,21,0,11,0
SOUTH PENINSULA HOSPITAL LTC,025031,4300 BARTLETT STREET,HOMER,KENAI-COOK INLET,0,0,3,0,18,6,47,0
HERITAGE PLACE,025021,232 ROCKWELL AVENUE,SOLDOTNA,KENAI-COOK INLET,28,9,3,1,49,20,19,0
KETCHIKAN MED CENTER NEW HORIZONS TRANSITIONAL CARE,025010,3100 TONGASS AVENUE,KETCHIKAN,KETCHIKAN,0,10,3,0,18,0,0,0
DENALI CENTER,025020,1510 19TH AVENUE,FAIRBANKS,FAIRBANKS,0,15,6,0,73,16,32,0
PROVIDENCE KODIAK ISLAND MED LTC,025030,1915 E REZANOF DRIVE,KODIAK,KODIAK ISLAND BOROUGH,0,6,2,0,21,0,11,0
PROVIDENCE SEWARD MED AND CARE CENTER LTC,025024,2203 OAK STREET (P.O. BOX 430),SEWARD,SEWARD,0,8,7,0,29,5,40,0
PROVIDENCE TRANSITIONAL CARE CENTER,025018,910 COMPASSION CIRCLE,ANCHORAGE,ANCHORAGE,19,0,7,2,17,31,30,0
WRANGELL MEDICAL CENTER LTC,025015,P.O. BOX 1081,WRANGELL,WRANGELL-PETERSBURG,3,0,3,0,13,2,0,0
PETERSBURG MEDICAL CENTER LTC,025019,P.O. BOX 589,PETERSBURG,WRANGELL-PETERSBURG,0,0,4,0,7,0,4,0
WILDFLOWER COURT,025027,2000 SALMON CREEK LANE,JUNEAU,JUNEAU,0,12,12,0,55,7,12,0
MAPLE SPRINGS OF WASILLA,025038,3265 E MERIDIAN LOOP,WASILLA,MATANUSKA-SUSITNA,0,1,1,0,61,4,37,0
YUKON KUSKOKWIM ELDER'S HOME,025037,"1100 CHIEF EDDIE HOFFMAN HWY, PO BOX 528",BETHEL,BETHEL,2,2,2,0,15,2,3,0
SOUTH PENINSULA HOSPITAL LTC,025031,4300 BARTLETT STREET,HOMER,KENAI-COOK INLET,0,0,3,0,18,15,47,0
QUYANNA CARE CENTER,025026,1100 GREG KRUSCHEK AVENUE (P.O. BOX 966),NOME,NOME,0,0,3,0,16,3,0,0
PRESTIGE CARE AND REHABILITATION CENTER OF ANCHORAGE,025025,9100 CENTENNIAL DRIVE,ANCHORAGE,ANCHORAGE,20,0,4,1,94,32,9,0
CORDOVA COMMUNITY MED LTC,025028,P.O. BOX 160,CORDOVA,CORDOVA-MCCARTHY,0,5,2,1,10,0,2,0
UTUQQANAAT INAAT,025035,436 MISSION STREET,KOTZEBUE,NOT AVAILABLE,0,0,3,0,18,1,0,0
PROVIDENCE VALDEZ MEDICAL CENTER,025034,911 MEALS AVENUE,VALDEZ,VALDEZ-CHITINA-WHITTIER,0,4,0,0,8,0,0,0
SEARHC SITKA LONG TERM CARE,025032,209 MOLLER AVENUE,SITKA,SITKA,1,0,4,0,15,1,0,0
MAPLE SPRINGS OF PALMER,025039,12130 EAST MAPLE SPRINGS WAY,PALMER,MATANUSKA-SUSITNA,0,0,2,0,19,9,2,0
PROVIDENCE EXTENDED CARE,025036,920 COMPASSION CIRCLE,ANCHORAGE,ANCHORAGE,8,3,10,0,91,27,41,0
NORTH HILL NURSING AND REHABILITATION CENTER,015091,200 NORTH PINE HILL ROAD,BIRMINGHAM,JEFFERSON,12,8,5,4,159,3,1,0
CROSSVILLE HEALTH AND REHABILITATION,015176,8922 HIGHWAY 227,CROSSVILLE,DEKALB,0,0,17,0,137,0,6,0
GLENWOOD CENTER,015147,211 ANA DRIVE,FLORENCE,LAUDERDALE,1,2,6,0,98,0,13,0
BROOKDALE UNIVERSITY PARK SNF (AL),015423,501 UNIVERSITY PARK DRIVE,BIRMINGHAM,JEFFERSON,4,2,13,0,33,0,13,0
BURNS NURSING HOME,015009,701 MONROE STREET NW,RUSSELLVILLE,FRANKLIN,45,1,4,4,45,33,12,0
CLOVERDALE REHABILITATION AND NURSING CENTER,015184,412 CLOVERDALE ROAD,SCOTTSBORO,JACKSON,1,2,17,0,125,0,9,0
TRAYLOR RETIREMENT COMMUNITY,015126,1235 YANCEY STREET  P O BOX 467,ROANOKE,RANDOLPH,33,0,6,5,84,12,0,0
TLC NURSING CENTER,015422,212 ELLEN STREET,ONEONTA,BLOUNT,1,0,7,0,92,1,0,0
MITCHELL-HOLLINGSWORTH NURSING AND REHABILITATION,015031,805 FLAGG CIRCLE,FLORENCE,LAUDERDALE,0,10,4,0,181,5,15,0
ARBOR SPRINGS HEALTH AND REHABILITATION CENTER,015192,1910 PEPPERELL PKWY,OPELIKA,LEE,68,0,44,19,101,42,0,0
PERRY COUNTY NURSING HOME,015158,505 EAST LAFAYETTE STREET,MARION,PERRY,0,1,0,0,64,2,1,0
ROANOKE REHABILITATION AND HEALTHCARE CENTER,015424,680 SEYMOUR DRIVE,ROANOKE,RANDOLPH,0,0,0,0,57,1,0,0
ADAMS NURSING HOME,015386,1555 HILLABEE STREET,ALEXANDER CITY,TALLAPOOSA,0,0,0,0,61,0,0,0
HIGHLANDS HEALTH AND REHABILITATION,015012,380 WOODS COVE ROAD,SCOTTSBORO,JACKSON,1,26,5,0,42,1,23,0
GENERATIONS OF RED BAY,015201,106 TENTH AVENUE NORTHWEST,RED BAY,FRANKLIN,0,0,6,0,65,1,26,0
AZALEA GARDENS OF MOBILE,015151,1758 SPRINGHILL AVE,MOBILE,MOBILE,4,1,0,0,91,2,2,0
WOODLAND VILLAGE REHABILITATION AND HEALTHCARE CENTER,015383,1900 OLIVE STREET,CULLMAN,CULLMAN,0,2,27,0,117,1,23,0
DIVERSICARE OF BIG SPRINGS,015111,500 ST. CLAIR AVENUE SOUTHWEST,HUNTSVILLE,MADISON,0,3,0,0,107,0,1,0
FOREST MANOR HEALTH AND REHABILITATION,015143,2215 32ND STREET,NORTHPORT,TUSCALOOSA,17,2,7,0,151,5,19,0
CROWNE HEALTH CARE OF EUFAULA,015199,430 RIVERS AVENUE,EUFAULA,BARBOUR,12,14,5,1,140,4,11,0
FAIRHOPE HEALTH AND REHABILITATION,015222,108 SOUTH CHURCH STREET,FAIRHOPE,BALDWIN,0,0,0,0,65,0,0,0
GREENBRIAR AT THE ALTAMONT SKILLED NURSING FACILIT,015446,2831 HIGHLAND AVENUE SOUTH,BIRMINGHAM,JEFFERSON,1,0,1,0,90,12,0,0
DADEVILLE HEALTHCARE CENTER,015166,351 NORTH EAST STREET,DADEVILLE,TALLAPOOSA,41,2,6,5,71,11,1,0
COLONIAL HAVEN CARE AND REHABILITATION CENTER,015396,616 ARMORY STREET,GREENSBORO,HALE,16,0,3,1,76,11,0,0
TALLASSEE HEALTH AND REHABILITATION,015139,2639 GILMER AVENUE  P O BOX 780277,TALLASSEE,ELMORE,1,0,15,0,87,1,6,0
LAFAYETTE EXTENDED CARE,015197,805 HOSPITAL STREET SOUTHWEST,LAFAYETTE,CHAMBERS,0,0,1,1,45,0,0,0
WEST HILL HEALTH AND REHABILITATION,015303,1028 BESSEMER RD,BIRMINGHAM,JEFFERSON,0,0,0,0,75,0,0,0
JOHN KNOX MANOR INC I I,015135,4401 NARROW LANE ROAD,MONTGOMERY,MONTGOMERY,0,1,0,0,57,1,1,0
GRAND BAY CONVALESCENT HOME,015406,13750 HIGHWAY 90 WEST P.O. BOX 328,GRAND BAY,MOBILE,0,2,3,0,58,0,0,0
CAREGIVERS OF PLEASANT GROVE,015044,700 FIRST AVENUE,PLEASANT GROVE,JEFFERSON,22,18,12,9,38,7,0,0
SELF HEALTH CARE AND REHABILITATION CENTER,015212,131 EAST CREST ROAD,HUEYTOWN,JEFFERSON,0,0,0,0,64,0,0,0
SANCTUARY AT THE WOODLANDS,015471,1910 CHEROKEE  AVENUE SW,CULLMAN,CULLMAN,,,,,,,,
CHERRY HILL REHABILITATION AND HEALTHCARE CENTER,015445,1250 JEFF GERMANY PARKWAY,BIRMINGHAM,JEFFERSON,,,,,,,,
HEALTH CARE,015407,P O BOX 130,ASHVILLE,ST. CLAIR,0,0,0,0,49,0,0,0
HATLEY HEALTH CARE,015023,300 MEDICAL CENTER DRIVE,CLANTON,CHILTON,0,5,1,0,125,0,3,0
WINDSOR HOUSE,015397,4411 MCALLISTER DRIVE,HUNTSVILLE,MADISON,0,0,0,0,101,0,0,0
BARON HOUSE OF HUEYTOWN,015404,190 BROOKLANE DRIVE,HUEYTOWN,JEFFERSON,0,0,11,11,19,23,23,0
ASPIRE PHYSICAL RECOVERY CENTER AT CAHABA RIVER,015468,3070 HEALTHY WAY,VESTAVIA,JEFFERSON,2,1,10,0,98,0,2,0
CLAY COUNTY NURSING HOME,015124,83825 HIGHWAY 9   P O BOX 1270,ASHLAND,CLAY,0,1,0,0,69,0,1,0
CAMDEN NURSING FACILITY,015374,210 PONDEROSA DRIVE,CAMDEN,WILCOX,23,3,7,5,56,20,4,0
CHOCTAW HEALTH AND REHABILITATION,015164,1406 EAST PUSHMATAHA STREET,BUTLER,CHOCTAW,39,47,7,5,52,13,19,0
DIVERSICARE OF MONTGOMERY,015040,2020 NORTH COUNTRY CLUB DRIVE,MONTGOMERY,MONTGOMERY,0,0,0,0,100,1,0,0
CIVIC CENTER HEALTH AND REHABILITATION,015109,1201 22ND STREET NORTH,BIRMINGHAM,JEFFERSON,0,4,5,0,87,1,0,0
CUMBERLAND HEALTH AND REHABILITATION,015420,47065 AL HIGHWAY 277,BRIDGEPORT,JACKSON,0,0,0,0,82,0,0,0
FAIR HAVEN,015076,1424 MONTCLAIR ROAD,BIRMINGHAM,JEFFERSON,0,0,5,0,224,0,0,0
ANNISTON HEALTH AND REHABILITATION SERVICES,015375,600 E 8TH STREET,ANNISTON,CALHOUN,0,0,0,0,51,1,0,0
PRATTVILLE HEALTH AND REHABILITATION,015065,601 JASMINE TRAIL,PRATTVILLE,AUTAUGA,0,9,13,0,122,1,10,0
CROWNE HEALTH CARE OF FT PAYNE,015156,403 13TH STREET NORTHWEST,FORT PAYNE,DEKALB,0,0,0,0,103,0,0,0
MOUNDVILLE HEALTH AND REHABILITATION,015187,THIRD AVENUE    P O BOX 607,MOUNDVILLE,HALE,0,0,11,0,64,0,0,0
OAKVIEW MANOR HEALTH CARE CENTER,015216,929 MIXON SCHOOL ROAD,OZARK,DALE,0,0,10,0,118,0,6,0
LONGLEAF HEALTH AND REHABILITATION,015469,1300 E SOUTH BLVD,MONTGOMERY,MONTGOMERY,,,,,,,,
LINEVILLE HEALTH AND REHABILITATION,015142,88073 HIGHWAY 9,LINEVILLE,CLAY,0,3,2,0,97,0,11,0
EASTVIEW REHABILITATION AND HEALTHCARE CENTER,015014,7755 FOURTH AVENUE SOUTH,BIRMINGHAM,JEFFERSON,0,0,0,0,82,0,0,0
HILLVIEW TERRACE,015436,100 PERRY HILL RD,MONTGOMERY,MONTGOMERY,44,7,21,3,105,34,0,0
KELLER LANDING,015028,813 KELLER LANE,TUSCUMBIA,COLBERT,1,0,2,0,73,0,1,0
LIGHTHOUSE REHABILITATION AND HEALTHCARE CENTER,015413,2911 EARL GOODWIN PARKWAY,SELMA,DALLAS,0,0,1,0,64,0,0,0
CHAPMAN HEALTHCARE CENTER,015221,3701 DADEVILLE ROAD,ALEXANDER CITY,TALLAPOOSA,6,0,1,1,136,4,0,0
WOODHAVEN MANOR NURSING HOME,015177,105 WEST WINDSOR ST,DEMOPOLIS,MARENGO,0,4,1,0,63,0,7,0
CANTERBURY HEALTH CARE FACILITY,015382,1720 KNOWLES ROAD,PHENIX CITY,RUSSELL,0,0,0,0,116,0,0,0
WILLOWBROOKE CT SKILLED CARE CENTER AT MAGNOLIA TRACE,015450,ONE CROWN CIRCLE,HUNTSVILLE,MADISON,0,0,0,0,46,0,0,0
GEORGIANA HEALTH AND REHABILITATION,015182,206 PALMER AVENUE,GEORGIANA,BUTLER,0,1,8,0,83,0,4,0
WALKER REHABILITATION CENTER,015408,350 NORTHEAST 4TH STREET     P O BOX 30,CARBON HILL,WALKER,0,0,0,0,50,0,0,0
KIRKWOOD BY THE RIVER,015457,3605 RATLIFF ROAD,BIRMINGHAM,JEFFERSON,0,0,0,0,47,0,0,0
MOBILE NURSING AND REHABILITATION CENTER,015379,7020 BRUNS DRIVE,MOBILE,MOBILE,0,1,0,0,101,0,1,0
DIVERSICARE OF OXFORD,015132,1130 SOUTH HALE STREET,OXFORD,CALHOUN,0,0,2,0,135,0,0,0
RIDGEVIEW HEALTH SERVICES,015155,"907 11TH STREET, NE",JASPER,WALKER,4,0,0,0,126,0,1,0
MAGNOLIA RIDGE,015133,420 DEAN DRIVE,GARDENDALE,JEFFERSON,5,0,3,0,123,2,0,0
REGENCY HEALTH CARE AND REHABILITATION CENTER,015372,"2061 POOLE DRIVE, NW",HUNTSVILLE,MADISON,1,1,0,0,56,0,1,0
SOUTHERN SPRINGS HEALTHCARE FACILITY,015171,745 SOUTHERN SPRINGS ROAD,UNION SPRINGS,BULLOCK,24,42,6,4,95,9,4,0
PHENIX CITY HEALTH CARE,015331,3900 LAKEWOOD DRIVE,PHENIX CITY,RUSSELL,0,0,1,0,76,0,1,0
FATHER PURCELL MEMORIAL EXCEPTIONAL CHILDREN'S CENTER,01A193,2048 W FAIRVIEW AVE,MONTGOMERY,MONTGOMERY,0,0,0,0,48,0,0,0
ELBA NURSING AND REHABILITATION CENTER,015083,987 DRAYTON STREET,ELBA,COFFEE,0,0,3,0,103,0,0,0
MONTGOMERY CHILDREN'S SPECIALTY CENTER,01A208,2853 FORBES DRIVE,MONTGOMERY,MONTGOMERY,1,0,0,0,45,5,1,0
COOSA VALLEY HEALTHCARE CENTER,015010,260 WEST WALNUT STREET,SYLACAUGA,TALLADEGA,0,15,0,0,75,2,14,0
WEST GATE VILLAGE,015035,100 PINEVIEW AND THIRD P.O. BOX 49,BREWTON,ESCAMBIA,0,1,0,0,113,0,4,0
BIRMINGHAM NURSING AND REHABILITATION CENTER,015217,1000 DUGAN AVENUE,BIRMINGHAM,JEFFERSON,0,11,2,0,127,0,4,0
OPP HEALTH AND REHABILITATION,015210,115 PAULK AVENUE  P O BOX 730,OPP,COVINGTON,0,0,16,0,159,0,1,0
HERITAGE HEALTH CARE AND REHABILITATION,015371,1101 SNOWS MILL AVENUE,TUSCALOOSA,TUSCALOOSA,0,15,11,0,147,0,12,0
MONTGOMERY HEALTH AND REHABILITATION,015228,4490 VIRGINIA LOOP ROAD,MONTGOMERY,MONTGOMERY,0,0,0,0,74,0,0,0
TALLADEGA HEALTHCARE CENTER,015162,616 CHAFFEE STREET,TALLADEGA,TALLADEGA,0,31,0,0,183,0,7,0
WETUMPKA HEALTH AND REHABILITATION,015027,1825 HOLTVILLE ROAD,WETUMPKA,ELMORE,0,1,20,0,110,2,5,0
VALLEY VIEW HEALTH AND REHABILITATION,015431,5968 WALL TRIANA HIGHWAY,MADISON,MADISON,0,3,9,0,133,0,10,0
BROOKSHIRE HEALTHCARE CENTER,015127,4320 JUDITH LANE,HUNTSVILLE,MADISON,0,0,0,0,110,0,0,0
ALBERTVILLE NURSING HOME,015163,750 ALABAMA HIGHWAY 75 NORTH,ALBERTVILLE,MARSHALL,1,2,12,0,151,3,18,0
CROWNE HEALTH CARE OF MONTGOMERY,015393,1837 UPPER WETUMPKA ROAD,MONTGOMERY,MONTGOMERY,0,0,4,0,150,2,3,0
FAIRVIEW AT REDSTONE VILLAGE,015454,12000 TURNMEYER DRIVE,HUNTSVILLE,MADISON,0,1,2,0,46,0,1,0
SENIOR REHABILITATION AND RECOVERY AT LIMESTONE HEALTH FACILI,015024,1600 WEST HOBBS STREET,ATHENS,LIMESTONE,0,1,34,0,139,0,12,0
DIVERSICARE OF ARAB,015148,235 THIRD STREET SE,ARAB,MARSHALL,0,0,0,0,80,0,2,0
"NHC HEALTHCARE, MOULTON",015128,300 HOSPITAL STREET,MOULTON,LAWRENCE,0,0,0,0,108,0,0,0
SOUTH HEALTH AND REHABILITATION,015097,1220 SOUTH 17TH STREET,BIRMINGHAM,JEFFERSON,0,0,2,0,67,2,3,0
PARK PLACE,015084,100 PARK PLACE,SELMA,DALLAS,0,0,0,0,93,0,0,0
WASHINGTON COUNTY NURSING HOME,015123,14600 ST STEPHENS AVENUE,CHATOM,WASHINGTON,16,15,4,4,71,8,11,0
CRIMSON HEALTH AND REHABILITATION,015037,3312 WOODLEY ROAD,MONTGOMERY,MONTGOMERY,0,0,0,0,45,0,0,0
FAYETTE MEDICAL CENTER LONG TERM CARE UNIT,015154,1653 TEMPLE AVENUE NORTH,FAYETTE,FAYETTE,0,2,1,0,102,1,0,0
JACKSONVILLE HEALTH AND REHABILITATION,015391,410 WILSON DRIVE SOUTHWEST,JACKSONVILLE,CALHOUN,0,1,9,0,151,0,0,0
GULF COAST HEALTH AND REHABILITATION,015456,8002 GRELOT ROAD,MOBILE,MOBILE,1,9,4,0,82,5,0,0
SUMTER HEALTH AND REHABILITATION,015042,1505 EAST 4TH AVENUE,YORK,SUMTER,27,1,6,1,73,20,10,0
ARLINGTON REHABILITATION AND HEALTHCARE CENTER,015153,"1020 TUSCALOOSA AVENUE, SW",BIRMINGHAM,JEFFERSON,0,0,0,0,92,0,0,0
CAPITOL HILL HEALTHCARE CENTER,015390,520 SOUTH HULL STREET,MONTGOMERY,MONTGOMERY,1,1,0,0,204,0,0,0
GLEN HAVEN HEALTH AND REHABILITATION,015186,2201 32ND STREET,NORTHPORT,TUSCALOOSA,0,10,13,0,180,1,5,0
SELMA HEALTH AND REHABILITATION,015119,11 BELL ROAD,SELMA,DALLAS,,,,,,,,
WILLOWBROOKE CT SKILLED CARE CENTER WESTMINSTER VLG,015381,500 SPANISH FORT BLVD,SPANISH FORT,BALDWIN,8,0,3,1,39,6,2,0
ARBOR WOODS HEALTH AND REHABILITATION,015141,515 2ND AVENUE NORTHWEST,REFORM,PICKENS,0,0,0,0,53,0,0,0
GENERATIONS OF VERNON,015227,1050 CONVALESCENT ROAD,VERNON,LAMAR,0,2,0,0,115,0,2,0
SPRINGHILL SENIOR RESIDENCE,015435,3717 DAUPHIN STREET,MOBILE,MOBILE,0,20,6,0,64,2,41,0
KNOLLWOOD HEALTHCARE,015463,3151-A KNOLLWOOD DRIVE,MOBILE,MOBILE,11,8,13,11,54,8,29,0
MOUNT ROYAL TOWERS,015455,300 ROYAL TOWER DRIVE,BIRMINGHAM,JEFFERSON,,,,,,,,
DIVERSICARE OF ONEONTA,015159,215 VALLEY ROAD,ONEONTA,BLOUNT,0,0,0,0,108,1,4,0
RIDGEWOOD HEALTH SERVICES,015315,201 OAKHILL ROAD,JASPER,WALKER,0,0,0,0,81,0,0,0
BIRMINGHAM NURSING AND REHABILITATION CENTER EAST,015134,733 MARY VANN LANE,BIRMINGHAM,JEFFERSON,0,0,4,0,125,1,0,0
EL REPOSO NURSING FACILITY,015402,260 MILNER CHAPEL ROAD,FLORENCE,LAUDERDALE,0,1,3,0,59,0,1,0
ATMORE NURSING CENTER,015129,715 EAST LAUREL STREET,ATMORE,ESCAMBIA,0,0,1,0,77,0,1,0
PARK MANOR HEALTH AND REHABILITATION,015326,2201 MCFARLAND BOULEVARD,NORTHPORT,TUSCALOOSA,0,9,8,0,133,0,7,0
OAKS ON PARKWOOD SKILLED NURSING FACILITY,015369,2625 LAUREL OAK DRIVE,BESSEMER,JEFFERSON,0,0,25,0,126,1,2,0
HENRY COUNTY HEALTH AND REHABILITATION FACILITY,015373,212 DOTHAN ROAD,ABBEVILLE,HENRY,12,45,24,3,89,10,30,0
BIBB MED CENTER NURSING HOME,015215,208 PIERSON AVE,CENTREVILLE,BIBB,0,0,2,0,120,0,0,0
MARENGO NURSING HOME,015330,608 NORTH MAIN STREET,LINDEN,MARENGO,0,0,1,0,66,4,3,0
ST MARTIN'S IN THE PINES,015433,4941 MONTEVALLO ROAD,BIRMINGHAM,JEFFERSON,0,0,6,0,101,0,0,0
COLLINSVILLE HEALTHCARE AND REHABILITATION,015207,685 NORTH VALLEY AVE,COLLINSVILLE,DEKALB,0,2,0,0,157,4,3,0
AHAVA HEALTHCARE OF ALABASTER,015144,"850 9TH STREET, NORTHWEST",ALABASTER,SHELBY,0,3,0,0,158,0,10,0
ENTERPRISE HEALTH AND REHABILITATION CENTER,015320,300 PLAZA DRIVE P O BOX 311227,ENTERPRISE,COFFEE,0,0,25,0,191,2,2,0
WESLEY PLACE ON HONEYSUCKLE,015175,718 HONEYSUCKLE ROAD,DOTHAN,HOUSTON,0,1,0,0,152,0,10,0
OAK KNOLL HEALTH AND REHABILITATION,015117,824 SIXTH AVENUE WEST,BIRMINGHAM,JEFFERSON,0,0,4,0,90,0,0,0
COLUMBIANA HEALTH AND REHABILITATION,015453,22969 HIGHWAY 25,COLUMBIANA,SHELBY,39,18,16,9,35,28,10,0
ALLEN HEALTH AND REHABILITATION,015098,735 SOUTH WASHINGTON AVENUE,MOBILE,MOBILE,8,23,6,2,78,18,6,0
SOUTH HAVEN HEALTH AND REHABILITATION,015321,3141 OLD COLUMBIANA ROAD,BIRMINGHAM,JEFFERSON,55,18,22,16,51,29,2,0
GOODWATER HEALTHCARE CENTER,015204,16 JONES HILL ROAD,GOODWATER,COOSA,0,0,0,0,62,0,0,0
CHEROKEE COUNTY HEALTH AND REHABILITATION CENTER,015200,877 CEDAR BLUFF ROAD,CENTRE,CHEROKEE,,,,,,,,
KENSINGTON HEALTH AND REHABILITATION,015429,550 CONGRESS STREET,MOBILE,MOBILE,10,2,1,0,112,10,6,0
CLEBURNE COUNTY NURSING HOME,015053,122 BROCKFORD ROAD,HEFLIN,CLEBURNE,,,,,,,,
AHC MILLENIUM,015458,5275 MILLENNIUM DRIVE,HUNTSVILLE,MADISON,0,9,2,0,84,0,5,0
CYPRESS COVE CARE CENTER,015392,200 ALABAMA AVENUE,MUSCLE SHOALS,COLBERT,1,1,4,0,71,0,0,0
LAUDERDALE CHRISTIAN NURSING HOME,015361,2019 COUNTY ROAD 394,KILLEN,LAUDERDALE,0,1,1,0,57,0,2,0
TERRACE MANOR NURSING AND REHABILITATION CENTER,015066,390 UNDERWOOD ROAD,RUSSELLVILLE,FRANKLIN,0,2,0,0,53,0,14,0
EAST GLEN,015388,53 MEDICAL PARK DRIVE EAST,BIRMINGHAM,JEFFERSON,0,0,0,0,102,0,0,0
OAK PARK,015452,1365 GATEWOOD DRIVE,AUBURN,LEE,0,5,2,0,79,0,2,0
GADSDEN HEALTH AND REHABILITATION CENTER,015180,1945 DAVIS DRIVE,GADSDEN,ETOWAH,1,0,1,0,137,0,0,0
OZARK HEALTH AND REHABILITATION,015208,312 BRYAN DRIVE,OZARK,DALE,0,0,11,0,134,0,1,0
EASTERN SHORE REHABILITATION AND HEALTH CENTER,015049,"101 VILLA DRIVE, P O BOX 1090",DAPHNE,BALDWIN,4,10,17,0,69,5,0,0
ASPIRE PHYSICAL RECOVERY CENTER OF WEST ALABAMA,015465,2400 HOSPITAL DRIVE,NORTHPORT,TUSCALOOSA,1,0,4,0,50,1,10,0
FLORENCE NURSING AND REHABILITATION CENTER,015169,2107 CLOYD BLVD,FLORENCE,LAUDERDALE,0,0,4,0,138,0,0,0
MADISON MANOR NURSING HOME,015214,3891 SULLIVAN ST,MADISON,MADISON,0,7,2,0,73,0,5,0
MARSHALL MANOR NURSING HOME,015378,3120 NORTH STREET,GUNTERSVILLE,MARSHALL,0,2,12,0,72,1,0,0
ATHENS HEALTH AND REHABILITATION,015016,611 WEST MARKET STREET,ATHENS,LIMESTONE,0,4,21,0,118,0,9,0
VILLAGE AT COOK SPRINGS SKILLED NURSING FACILITY,015195,415 COOK SPRINGS,PELL CITY,ST. CLAIR,0,4,1,0,128,0,0,0
TERRACE OAKS CARE AND REHABILITATION CENTER,015060,4201 BESSEMER SUPER HIGHWAY,BESSEMER,JEFFERSON,0,0,0,0,56,0,0,0
ORCHARD REHABILITATION AND HEALTHCARE CENTER,015442,629 STATE HIGHWAY 21 SOUTH,HAYNEVILLE,LOWNDES,0,0,1,1,53,1,0,0
SHADESCREST HEALTH CARE CENTER,015114,331 WEST 25TH STREET,JASPER,WALKER,0,0,0,0,100,1,5,0
ANDALUSIA MANOR,015416,670 MOORE RD,ANDALUSIA,COVINGTON,0,0,0,0,116,2,0,0
FALKVILLE HEALTH CARE CENTER,015136,10 WEST 3RD STREET  PO BOX 409,FALKVILLE,MORGAN,0,2,0,0,98,0,1,0
MEADOWVIEW NURSING CENTER,015400,7300 OLD HIGHWAY 78 EAST,PELL CITY,ST. CLAIR,0,4,0,0,53,0,4,0
EXTENDICARE HEALTH CENTER,015152,950 SOUTH ST. ANDREWS STREET,DOTHAN,HOUSTON,2,14,17,0,143,1,17,0
HANCEVILLE NURSING AND REHABILITATION CENTER,015073,420 MAIN STREET NE,HANCEVILLE,CULLMAN,0,0,0,0,188,1,0,0
LYNWOOD NURSING HOME,015434,4164 HALLS MILL ROAD,MOBILE,MOBILE,50,0,14,13,74,38,5,0
ASHLAND PLACE HEALTH AND REHABILITATION,015103,148 TUSCALOOSA ST,MOBILE,MOBILE,78,19,24,15,92,16,5,0
WIREGRASS REHABILITATION CENTER AND NURSING HOME,015150,1200 MAPLE AVENUE WEST,GENEVA,GENEVA,0,0,2,0,79,0,2,0
DECATUR HEALTH AND REHABILITATION CENTER,015206,2326 MORGAN AVENUE SOUTHWEST,DECATUR,MORGAN,0,0,0,0,84,0,0,0
PLANTATION MANOR NURSING HOME,015015,6450 OLD TUSCALOOSA HIGHWAY   P O BOX 97,MC CALLA,JEFFERSON,0,0,1,0,81,0,0,0
COTTAGE OF THE SHOALS,015067,500 JOHN ALDRIDGE DRIVE,TUSCUMBIA,COLBERT,1,0,3,0,82,4,1,0
GALLERIA WOODS SKILLED NURSING FACILITY,015459,3850 GALLERIA WOODS DRIVE,BIRMINGHAM,JEFFERSON,0,0,1,0,27,3,0,0
LEGACY HEALTH AND REHABILITATION OF PLEASANT GROVE,015461,30 7TH STREET,PLEASANT GROVE,JEFFERSON,1,30,7,0,125,3,8,0
TROY HEALTH AND REHABILITATION CENTER,015213,515 ELBA HIGHWAY,TROY,PIKE,1,18,9,0,144,1,11,0
SIGNATURE HEALTHCARE OF WHITESBURG GARDENS,015116,105 TEAKWOOD DRIVE SW,HUNTSVILLE,MADISON,0,0,0,0,111,0,0,0
LUVERNE HEALTH AND REHABILITATION,015336,142 WEST THIRD STREET,LUVERNE,CRENSHAW,0,2,19,0,133,5,15,0
"NHC HEALTHCARE, ANNISTON",015120,2300 COLEMAN RD,ANNISTON,CALHOUN,0,4,30,0,116,1,29,0
BROWN NURSING HOME,015191,2334 WASHINGTON STREET,ALEXANDER CITY,TALLAPOOSA,0,0,2,0,65,0,3,0
ROBERTSDALE REHABILITATION AND HEALTHCARE CENTER,015443,18700 U S HIGHWAY 90,ROBERTSDALE,BALDWIN,0,0,0,0,116,0,0,0
TRUSSVILLE HEALTH AND REHABILITATION CENTER,015467,119 WATTERSON PARKWAY,TRUSSVILLE,JEFFERSON,0,0,2,0,101,0,0,0
COOSA VALLEY HEALTH AND REHABILITATION,015174,513 PINEVIEW AVENUE,GLENCOE,ETOWAH,0,0,1,0,99,0,0,0
RUSSELLVILLE HEALTH CARE,015071,705 NORTHEAST GANDY STREET,RUSSELLVILLE,FRANKLIN,0,0,0,0,45,0,2,0
SUNSET MANOR,015149,251 SUNSET PLACE,GUIN,MARION,0,4,1,0,67,0,0,0
SPRINGHILL MANOR NURSING HOME,015415,3900 OLD SHELL ROAD,MOBILE,MOBILE,0,1,0,0,31,0,0,0
DIVERSICARE OF RIVERCHASE,015145,2500 RIVERHAVEN DRIVE,BIRMINGHAM,JEFFERSON,51,15,10,10,100,23,2,0
OAKWOOD-NORTH BALDWIN'S CENTER FOR LIVING,015417,2010 MEDICAL CENTER DRIVE,BAY MINETTE,BALDWIN,0,4,0,0,67,0,6,0
ASPIRE PHYSICAL RECOVERY CENTER AT HOOVER,015464,575 SOUTHLAND DRIVE,HOOVER,JEFFERSON,2,15,16,0,80,1,21,0
DIVERSICARE OF FOLEY,015032,1701 NORTH ALSTON STREET,FOLEY,BALDWIN,0,0,0,0,118,0,0,0
HUNTSVILLE HEALTH AND REHABILITATION,015440,4010 CHRIS DRIVE,HUNTSVILLE,MADISON,0,0,7,0,89,0,5,0
ATTALLA HEALTH AND REHABILITATION,015203,915 STEWART AVENUE SOUTHEAST,ATTALLA,ETOWAH,0,0,5,0,144,0,0,0
JACKSON HEALTH CARE FACILITY,015188,2616 NORTH COLLEGE AVENUE,JACKSON,CLARKE,0,6,11,0,73,0,3,0
EVERGREEN NURSING HOME,015089,100 SANDERS DRIVE,EVERGREEN,CONECUH,0,0,0,0,56,0,0,0
CORDOVA HEALTH AND REHABILITATION,015115,70 HIGHLAND STREET WEST,CORDOVA,WALKER,0,3,14,0,110,0,13,0
TWIN OAKS REHABILITATION AND HEALTHCARE CENTER,015211,857 CRAWFORD LANE,MOBILE,MOBILE,3,0,0,0,115,4,0,0
DIVERSICARE OF WINFIELD,015376,144 COUNTY HWY 14,WINFIELD,MARION,0,0,0,0,104,1,0,0
RIVER CITY CENTER,015113,1350 FOURTEENTH AVENUE SOUTHEAST,DECATUR,MORGAN,0,1,9,0,144,1,0,0
HALEYVILLE HEALTH CARE CENTER,015157,2201 11TH AVENUE,HALEYVILLE,WINSTON,0,1,12,0,53,1,2,0
PARKWOOD HEALTH CARE FACILITY,015179,3301 STADIUM DRIVE,PHENIX CITY,RUSSELL,0,2,16,0,67,1,6,0
LAFAYETTE NURSING HOME,015414,555 B STREET SW,LAFAYETTE,CHAMBERS,3,0,2,0,50,0,0,0
SHELBY RIDGE NURSING HOME,015411,881 3RD STREET NORTHEAST,ALABASTER,SHELBY,17,29,19,3,110,11,27,0
CULLMAN HEALTH CARE CENTER,015048,1607 MAIN AVE NE,CULLMAN,CULLMAN,0,0,1,0,79,0,0,0
NORTHSIDE HEALTH CARE,015223,700 HUTCHINS AVENUE,GADSDEN,ETOWAH,0,0,0,0,87,0,0,0
SUMMERFORD NURSING HOME,015075,4087 HIGHWAY 31 SOUTHWEST,FALKVILLE,MORGAN,2,18,31,0,190,0,35,0
DIVERSICARE OF LANETT,015196,702 SOUTH 13TH STREET,LANETT,CHAMBERS,0,0,1,0,78,2,2,0
CROWNE HEALTH CARE OF GREENVILLE,015193,408 COUNTRY CLUB DRIVE,GREENVILLE,BUTLER,47,3,9,9,58,27,4,0
CROWNE HEALTH CARE OF THOMASVILLE,015220,1425 MOSLEY DRIVE,THOMASVILLE,CLARKE,0,0,0,0,67,1,0,0
PALM GARDENS HEALTH AND REHABILITATION,015403,3104 DAUPHIN SQUARE CONNECTOR,MOBILE,MOBILE,0,4,5,0,86,1,3,0
"FOLSOM CENTER FOR REHABILITATION AND HEALTHCARE, T",015437,401 ARNOLD STREET N.E.,CULLMAN,CULLMAN,0,17,17,0,82,1,29,0
NORTH MOBILE NURSING AND REHABILITATION CENTER,015183,4525 ST STEPHENS ROAD,EIGHT MILE,MOBILE,45,36,15,12,121,14,26,0
EAST ALABAMA MEDICAL CENTER SKILLED NURSING FACILI,015410,2000 PEPPERELL PARKWAY,OPELIKA,LEE,2,0,1,0,12,0,1,0
MARION REGIONAL NURSING HOME,015167,184 SASSER DRIVE,HAMILTON,MARION,34,37,14,6,61,22,48,1
FLORALA HEALTH AND REHABILITATION,015451,23621 GOLDENROD AVENUE,FLORALA,COVINGTON,0,0,3,0,75,0,1,0
MONROE MANOR HEALTH AND REHABILITATION CENTER,015398,236 WEST CLAIBORNE STREET,MONROEVILLE,MONROE,0,0,0,0,72,0,0,0
CROWNE HEALTH CARE OF CITRONELLE,015121,19225 NORTH 4TH STREET,CITRONELLE,MOBILE,0,0,1,0,64,0,0,0
SOUTH HAMPTON NURSING AND REHABILITATION CENTER,015448,213 WILSON MANN ROAD,OWENS CROSS ROADS,MADISON,0,1,3,0,60,0,5,0
MERRY WOOD LODGE,015019,P O BOX 130,ELMORE,ELMORE,2,34,4,0,86,1,4,0
BARFIELD HEALTH CARE,015225,22444 HIGHWAY 431,GUNTERSVILLE,MARSHALL,0,7,25,0,102,0,18,0
LITTLE SISTERS OF THE POOR SACRED HEART RESIDENCE,015168,1655 MCGILL AVENUE,MOBILE,MOBILE,,,,,,,,
HENDRIX HEALTH AND REHABILITATION,015138,1000 HIGHWAY 33,DOUBLE SPRINGS,WINSTON,0,7,10,0,99,1,8,0
ALTOONA HEALTH AND REHABILITATION,015101,6532 WALNUT GROVE ROAD,ALTOONA,ETOWAH,0,0,0,0,49,0,0,0
PIEDMONT HEALTH CARE CENTER,015194,30 ROUNDTREE DRIVE,PIEDMONT,CALHOUN,0,0,1,0,77,0,0,0
GREENE COUNTY NURSING HOME,015178,509 WILSON AVE,EUTAW,GREENE,18,0,8,8,38,0,0,0
CROWNE HEALTH CARE OF SPRINGHILL,015426,3712 DAUPHIN ST,MOBILE,MOBILE,0,0,0,0,9,0,0,0
MAGNOLIA HAVEN HEALTH AND REHABILITATION CENTER,015112,603 WRIGHT STREET,TUSKEGEE,MACON,,,,,,,,
EAMC LANIER NURSING HOME,015045,4800 48TH STREET,VALLEY,CHAMBERS,0,6,10,0,88,7,23,0
DIVERSICARE OF BOAZ,015063,600 CORLEY AVENUE,BOAZ,MARSHALL,1,0,0,0,96,3,0,0
MCGUFFEY HEALTH AND REHABILITATION CENTER,015202,2301 RAINBOW DRIVE,GADSDEN,ETOWAH,0,5,2,0,132,0,4,0
OAK TRACE CARE AND REHABILITATION CENTER,015050,325 SELMA ROAD,BESSEMER,JEFFERSON,0,0,0,0,72,0,0,0
MONTROSE BAY HEALTH AND REHABILITATION,015447,22670 MAIN STREET,FAIRHOPE,BALDWIN,0,0,0,0,65,0,0,0
HARTFORD HEALTH CARE,015419,217 TORO ROAD,HARTFORD,GENEVA,0,0,0,0,79,0,1,0
CHARLTON PLACE REHABILITATION AND HEALTHCARE CENTER,015460,65 CHARLTON PLACE,DEATSVILLE,ELMORE,1,0,0,0,50,0,0,0
WESTSIDE TERRACE HEALTH AND REHABILITATION CENTER,015425,501 NORTH WOODBURN DRIVE,DOTHAN,HOUSTON,0,3,3,0,146,0,2,0
ENGLEWOOD HEALTH CARE CENTER,015322,2046 SOUTH ALABAMA AVE,MONROEVILLE,MONROE,0,0,2,0,72,0,2,0
CROWNE HEALTH CARE OF MOBILE,015100,954 NAVCO ROAD,MOBILE,MOBILE,1,0,8,5,99,2,1,1
DIVERSICARE OF BESSEMER,015209,820 GOLF COURSE ROAD,BESSEMER,JEFFERSON,50,2,30,23,115,32,2,1
SYLACAUGA HEALTH AND REHABILITATION SERVICES,015160,1007 W FORT WILLIAMS ST,SYLACAUGA,TALLADEGA,0,7,13,0,135,0,12,0
ALICEVILLE MANOR NURSING HOME,015137,703 17TH STREET NORTHWEST,ALICEVILLE,PICKENS,0,4,0,0,77,1,5,0
NORTHWAY HEALTH AND REHABILITATION,015047,1424 NORTH 25TH STREET,BIRMINGHAM,JEFFERSON,0,1,6,0,106,0,1,0
DIVERSICARE OF PELL CITY,015189,"510 WOLF CREEK ROAD, NORTH",PELL CITY,ST. CLAIR,0,0,1,0,76,0,0,0
SOUTHLAND NURSING HOME,015104,500 SHIVERS TERRACE,MARION,PERRY,,,,,,,,
HUNTER CREEK HEALTH AND REHABILITATION,015034,600 34TH ST,NORTHPORT,TUSCALOOSA,0,1,2,0,71,1,6,0
SELMA HEALTH AND REHABILITATION,015119,11 BELL ROAD,SELMA,DALLAS,,,,,,,,
ANNISTON HEALTH AND REHABILITATION SERVICES,015375,600 E 8TH STREET,ANNISTON,CALHOUN,0,0,0,0,51,1,0,0
OAK TRACE CARE AND REHABILITATION CENTER,015050,325 SELMA ROAD,BESSEMER,JEFFERSON,0,0,1,0,70,0,0,0
LUVERNE HEALTH AND REHABILITATION,015336,142 WEST THIRD STREET,LUVERNE,CRENSHAW,1,5,21,0,127,5,16,0
HUNTER CREEK HEALTH AND REHABILITATION,015034,600 34TH ST,NORTHPORT,TUSCALOOSA,11,3,2,0,68,5,6,0
DIVERSICARE OF PELL CITY,015189,"510 WOLF CREEK ROAD, NORTH",PELL CITY,ST. CLAIR,0,0,1,0,74,0,0,0
RIDGEWOOD HEALTH SERVICES,015315,201 OAKHILL ROAD,JASPER,WALKER,0,0,0,0,81,0,0,0
PERRY COUNTY NURSING HOME,015158,505 EAST LAFAYETTE STREET,MARION,PERRY,0,1,0,0,62,4,1,0
SHELBY RIDGE NURSING HOME,015411,881 3RD STREET NORTHEAST,ALABASTER,SHELBY,19,37,19,3,114,13,27,0
HARTFORD HEALTH CARE,015419,217 TORO ROAD,HARTFORD,GENEVA,0,0,0,0,80,0,1,0
GOODWATER HEALTHCARE CENTER,015204,16 JONES HILL ROAD,GOODWATER,COOSA,0,0,0,0,63,0,0,0
SIGNATURE HEALTHCARE OF WHITESBURG GARDENS,015116,105 TEAKWOOD DRIVE SW,HUNTSVILLE,MADISON,0,0,0,0,114,0,0,0
CLAY COUNTY NURSING HOME,015124,83825 HIGHWAY 9   P O BOX 1270,ASHLAND,CLAY,0,1,0,0,70,0,3,0
SOUTHLAND NURSING HOME,015104,500 SHIVERS TERRACE,MARION,PERRY,,,,,,,,
DIVERSICARE OF MONTGOMERY,015040,2020 NORTH COUNTRY CLUB DRIVE,MONTGOMERY,MONTGOMERY,2,0,2,2,98,4,0,0
CROWNE HEALTH CARE OF SPRINGHILL,015426,3712 DAUPHIN ST,MOBILE,MOBILE,0,0,0,0,11,0,0,0
CUMBERLAND HEALTH AND REHABILITATION,015420,47065 AL HIGHWAY 277,BRIDGEPORT,JACKSON,0,0,0,0,82,0,0,0
JOHN KNOX MANOR INC I I,015135,4401 NARROW LANE ROAD,MONTGOMERY,MONTGOMERY,0,1,0,0,56,1,3,0
EAMC LANIER NURSING HOME,015045,4800 48TH STREET,VALLEY,CHAMBERS,0,8,10,0,87,7,23,0
CIVIC CENTER HEALTH AND REHABILITATION,015109,1201 22ND STREET NORTH,BIRMINGHAM,JEFFERSON,0,4,5,0,85,1,0,0
CROWNE HEALTH CARE OF THOMASVILLE,015220,1425 MOSLEY DRIVE,THOMASVILLE,CLARKE,0,0,0,0,68,3,0,0
CHERRY HILL REHABILITATION AND HEALTHCARE CENTER,015445,1250 JEFF GERMANY PARKWAY,BIRMINGHAM,JEFFERSON,,,,,,,,
LAFAYETTE EXTENDED CARE,015197,805 HOSPITAL STREET SOUTHWEST,LAFAYETTE,CHAMBERS,0,0,1,1,50,0,0,0
RUSSELLVILLE HEALTH CARE,015071,705 NORTHEAST GANDY STREET,RUSSELLVILLE,FRANKLIN,0,0,1,0,44,0,3,0
WILLOWBROOKE CT SKILLED CARE CENTER AT MAGNOLIA TRACE,015450,ONE CROWN CIRCLE,HUNTSVILLE,MADISON,0,0,2,0,47,0,0,0
CHAPMAN HEALTHCARE CENTER,015221,3701 DADEVILLE ROAD,ALEXANDER CITY,TALLAPOOSA,6,0,1,1,140,4,0,0
DIVERSICARE OF OXFORD,015132,1130 SOUTH HALE STREET,OXFORD,CALHOUN,0,0,2,0,135,0,0,0
SOUTH HAMPTON NURSING AND REHABILITATION CENTER,015448,213 WILSON MANN ROAD,OWENS CROSS ROADS,MADISON,0,1,3,0,57,0,5,0
DIVERSICARE OF LANETT,015196,702 SOUTH 13TH STREET,LANETT,CHAMBERS,0,0,5,0,78,2,2,0
TERRACE MANOR NURSING AND REHABILITATION CENTER,015066,390 UNDERWOOD ROAD,RUSSELLVILLE,FRANKLIN,0,3,0,0,50,0,14,0
FAYETTE MEDICAL CENTER LONG TERM CARE UNIT,015154,1653 TEMPLE AVENUE NORTH,FAYETTE,FAYETTE,0,2,2,0,103,1,0,0
COLONIAL HAVEN CARE AND REHABILITATION CENTER,015396,616 ARMORY STREET,GREENSBORO,HALE,26,0,6,4,49,23,0,0
AZALEA GARDENS OF MOBILE,015151,1758 SPRINGHILL AVE,MOBILE,MOBILE,4,1,0,0,87,4,2,0
CROSSVILLE HEALTH AND REHABILITATION,015176,8922 HIGHWAY 227,CROSSVILLE,DEKALB,0,0,17,0,134,0,8,0
VALLEY VIEW HEALTH AND REHABILITATION,015431,5968 WALL TRIANA HIGHWAY,MADISON,MADISON,0,3,9,0,138,0,10,0
AHC MILLENIUM,015458,5275 MILLENNIUM DRIVE,HUNTSVILLE,MADISON,0,9,3,0,80,0,5,0
GADSDEN HEALTH AND REHABILITATION CENTER,015180,1945 DAVIS DRIVE,GADSDEN,ETOWAH,1,0,1,0,129,0,0,0
CRIMSON HEALTH AND REHABILITATION,015037,3312 WOODLEY ROAD,MONTGOMERY,MONTGOMERY,0,0,0,0,45,0,0,0
HIGHLANDS HEALTH AND REHABILITATION,015012,380 WOODS COVE ROAD,SCOTTSBORO,JACKSON,1,26,7,0,39,1,24,0
OPP HEALTH AND REHABILITATION,015210,115 PAULK AVENUE  P O BOX 730,OPP,COVINGTON,0,1,17,0,158,0,2,0
COOSA VALLEY HEALTHCARE CENTER,015010,260 WEST WALNUT STREET,SYLACAUGA,TALLADEGA,0,15,0,0,74,2,18,0
PARKWOOD HEALTH CARE FACILITY,015179,3301 STADIUM DRIVE,PHENIX CITY,RUSSELL,0,2,16,0,67,1,6,0
KENSINGTON HEALTH AND REHABILITATION,015429,550 CONGRESS STREET,MOBILE,MOBILE,13,2,1,0,107,10,6,0
PHENIX CITY HEALTH CARE,015331,3900 LAKEWOOD DRIVE,PHENIX CITY,RUSSELL,0,0,2,0,74,0,1,0
WALKER REHABILITATION CENTER,015408,350 NORTHEAST 4TH STREET     P O BOX 30,CARBON HILL,WALKER,0,0,0,0,50,0,0,0
CORDOVA HEALTH AND REHABILITATION,015115,70 HIGHLAND STREET WEST,CORDOVA,WALKER,0,3,14,0,108,0,14,0
CROWNE HEALTH CARE OF MONTGOMERY,015393,1837 UPPER WETUMPKA ROAD,MONTGOMERY,MONTGOMERY,0,0,6,0,150,3,3,0
COLLINSVILLE HEALTHCARE AND REHABILITATION,015207,685 NORTH VALLEY AVE,COLLINSVILLE,DEKALB,0,2,0,0,153,4,3,0
ASPIRE PHYSICAL RECOVERY CENTER AT HOOVER,015464,575 SOUTHLAND DRIVE,HOOVER,JEFFERSON,2,16,16,0,76,3,21,0
WETUMPKA HEALTH AND REHABILITATION,015027,1825 HOLTVILLE ROAD,WETUMPKA,ELMORE,35,3,23,3,103,24,5,0
GLENWOOD CENTER,015147,211 ANA DRIVE,FLORENCE,LAUDERDALE,1,2,6,0,98,2,13,0
AHAVA HEALTHCARE OF ALABASTER,015144,"850 9TH STREET, NORTHWEST",ALABASTER,SHELBY,0,3,0,0,152,0,11,0
ATTALLA HEALTH AND REHABILITATION,015203,915 STEWART AVENUE SOUTHEAST,ATTALLA,ETOWAH,0,0,5,0,144,0,0,0
PARK PLACE,015084,100 PARK PLACE,SELMA,DALLAS,1,0,0,0,86,0,0,0
SYLACAUGA HEALTH AND REHABILITATION SERVICES,015160,1007 W FORT WILLIAMS ST,SYLACAUGA,TALLADEGA,0,7,14,0,137,0,12,0
ENTERPRISE HEALTH AND REHABILITATION CENTER,015320,300 PLAZA DRIVE P O BOX 311227,ENTERPRISE,COFFEE,0,0,26,0,187,2,2,0
BROOKDALE UNIVERSITY PARK SNF (AL),015423,501 UNIVERSITY PARK DRIVE,BIRMINGHAM,JEFFERSON,4,2,13,0,30,0,14,0
MCGUFFEY HEALTH AND REHABILITATION CENTER,015202,2301 RAINBOW DRIVE,GADSDEN,ETOWAH,0,7,3,0,136,0,7,0
KIRKWOOD BY THE RIVER,015457,3605 RATLIFF ROAD,BIRMINGHAM,JEFFERSON,0,0,0,0,46,0,0,0
SHADESCREST HEALTH CARE CENTER,015114,331 WEST 25TH STREET,JASPER,WALKER,0,0,0,0,98,4,5,0
ST MARTIN'S IN THE PINES,015433,4941 MONTEVALLO ROAD,BIRMINGHAM,JEFFERSON,0,0,7,0,101,0,0,0
BURNS NURSING HOME,015009,701 MONROE STREET NW,RUSSELLVILLE,FRANKLIN,45,1,4,4,42,35,13,0
HUNTSVILLE HEALTH AND REHABILITATION,015440,4010 CHRIS DRIVE,HUNTSVILLE,MADISON,0,0,7,0,88,0,5,0
HERITAGE HEALTH CARE AND REHABILITATION,015371,1101 SNOWS MILL AVENUE,TUSCALOOSA,TUSCALOOSA,0,16,11,0,150,0,13,0
FAIR HAVEN,015076,1424 MONTCLAIR ROAD,BIRMINGHAM,JEFFERSON,0,1,5,1,226,0,0,0
EASTVIEW REHABILITATION AND HEALTHCARE CENTER,015014,7755 FOURTH AVENUE SOUTH,BIRMINGHAM,JEFFERSON,0,0,0,0,80,0,0,0
SPRINGHILL SENIOR RESIDENCE,015435,3717 DAUPHIN STREET,MOBILE,MOBILE,0,24,6,0,64,2,42,0
WOODHAVEN MANOR NURSING HOME,015177,105 WEST WINDSOR ST,DEMOPOLIS,MARENGO,2,7,1,0,61,0,11,0
DIVERSICARE OF ONEONTA,015159,215 VALLEY ROAD,ONEONTA,BLOUNT,0,0,5,0,108,1,4,0
ROANOKE REHABILITATION AND HEALTHCARE CENTER,015424,680 SEYMOUR DRIVE,ROANOKE,RANDOLPH,0,0,0,0,57,1,0,0
NORTHWAY HEALTH AND REHABILITATION,015047,1424 NORTH 25TH STREET,BIRMINGHAM,JEFFERSON,0,2,6,0,104,0,1,0
GLEN HAVEN HEALTH AND REHABILITATION,015186,2201 32ND STREET,NORTHPORT,TUSCALOOSA,0,12,13,0,180,1,5,0
DIVERSICARE OF BOAZ,015063,600 CORLEY AVENUE,BOAZ,MARSHALL,1,0,0,0,96,3,0,0
MONTROSE BAY HEALTH AND REHABILITATION,015447,22670 MAIN STREET,FAIRHOPE,BALDWIN,0,0,0,0,64,0,0,0
FAIRVIEW AT REDSTONE VILLAGE,015454,12000 TURNMEYER DRIVE,HUNTSVILLE,MADISON,0,1,2,0,45,0,1,0
HATLEY HEALTH CARE,015023,300 MEDICAL CENTER DRIVE,CLANTON,CHILTON,0,6,1,0,125,0,4,0
CROWNE HEALTH CARE OF GREENVILLE,015193,408 COUNTRY CLUB DRIVE,GREENVILLE,BUTLER,56,11,16,15,52,29,4,0
EXTENDICARE HEALTH CENTER,015152,950 SOUTH ST. ANDREWS STREET,DOTHAN,HOUSTON,2,14,18,0,142,1,18,0
PRATTVILLE HEALTH AND REHABILITATION,015065,601 JASMINE TRAIL,PRATTVILLE,AUTAUGA,1,10,13,0,125,1,12,0
GULF COAST HEALTH AND REHABILITATION,015456,8002 GRELOT ROAD,MOBILE,MOBILE,1,9,4,0,79,5,1,0
DECATUR HEALTH AND REHABILITATION CENTER,015206,2326 MORGAN AVENUE SOUTHWEST,DECATUR,MORGAN,0,0,0,0,84,0,0,0
WASHINGTON COUNTY NURSING HOME,015123,14600 ST STEPHENS AVENUE,CHATOM,WASHINGTON,18,16,4,4,73,8,11,1
GRAND BAY CONVALESCENT HOME,015406,13750 HIGHWAY 90 WEST P.O. BOX 328,GRAND BAY,MOBILE,0,2,4,0,58,0,0,0
WIREGRASS REHABILITATION CENTER AND NURSING HOME,015150,1200 MAPLE AVENUE WEST,GENEVA,GENEVA,0,0,2,0,84,0,4,0
GREENE COUNTY NURSING HOME,015178,509 WILSON AVE,EUTAW,GREENE,20,0,8,8,39,0,0,0
CROWNE HEALTH CARE OF MOBILE,015100,954 NAVCO ROAD,MOBILE,MOBILE,2,0,8,5,98,2,1,1
MARION REGIONAL NURSING HOME,015167,184 SASSER DRIVE,HAMILTON,MARION,34,37,15,6,60,23,49,1
LEGACY HEALTH AND REHABILITATION OF PLEASANT GROVE,015461,30 7TH STREET,PLEASANT GROVE,JEFFERSON,1,30,7,0,121,4,8,0
WINDSOR HOUSE,015397,4411 MCALLISTER DRIVE,HUNTSVILLE,MADISON,0,0,0,0,98,0,0,0
MEADOWVIEW NURSING CENTER,015400,7300 OLD HIGHWAY 78 EAST,PELL CITY,ST. CLAIR,0,4,0,0,52,0,4,0
MERRY WOOD LODGE,015019,P O BOX 130,ELMORE,ELMORE,2,36,4,0,86,1,4,0
ATHENS HEALTH AND REHABILITATION,015016,611 WEST MARKET STREET,ATHENS,LIMESTONE,0,4,21,0,117,0,9,0
HANCEVILLE NURSING AND REHABILITATION CENTER,015073,420 MAIN STREET NE,HANCEVILLE,CULLMAN,0,0,1,0,189,2,1,0
MONROE MANOR HEALTH AND REHABILITATION CENTER,015398,236 WEST CLAIBORNE STREET,MONROEVILLE,MONROE,0,0,0,0,74,0,0,0
SENIOR REHABILITATION AND RECOVERY AT LIMESTONE HEALTH FACILI,015024,1600 WEST HOBBS STREET,ATHENS,LIMESTONE,0,1,34,0,145,0,15,0
ANDALUSIA MANOR,015416,670 MOORE RD,ANDALUSIA,COVINGTON,0,0,0,0,118,2,0,0
DIVERSICARE OF WINFIELD,015376,144 COUNTY HWY 14,WINFIELD,MARION,0,0,0,0,101,1,0,0
EAST GLEN,015388,53 MEDICAL PARK DRIVE EAST,BIRMINGHAM,JEFFERSON,0,0,0,0,98,0,0,0
WEST GATE VILLAGE,015035,100 PINEVIEW AND THIRD P.O. BOX 49,BREWTON,ESCAMBIA,0,2,0,0,115,0,5,0
TERRACE OAKS CARE AND REHABILITATION CENTER,015060,4201 BESSEMER SUPER HIGHWAY,BESSEMER,JEFFERSON,0,0,0,0,54,0,0,0
TALLADEGA HEALTHCARE CENTER,015162,616 CHAFFEE STREET,TALLADEGA,TALLADEGA,0,37,0,0,189,0,7,0
OAK KNOLL HEALTH AND REHABILITATION,015117,824 SIXTH AVENUE WEST,BIRMINGHAM,JEFFERSON,0,0,4,0,91,0,0,0
GENERATIONS OF RED BAY,015201,106 TENTH AVENUE NORTHWEST,RED BAY,FRANKLIN,0,1,7,0,60,1,27,0
ARBOR SPRINGS HEALTH AND REHABILITATION CENTER,015192,1910 PEPPERELL PKWY,OPELIKA,LEE,68,0,44,19,108,42,0,0
SPRINGHILL MANOR NURSING HOME,015415,3900 OLD SHELL ROAD,MOBILE,MOBILE,0,1,0,0,31,0,0,0
OAKWOOD-NORTH BALDWIN'S CENTER FOR LIVING,015417,2010 MEDICAL CENTER DRIVE,BAY MINETTE,BALDWIN,0,4,0,0,67,0,6,0
COLUMBIANA HEALTH AND REHABILITATION,015453,22969 HIGHWAY 25,COLUMBIANA,SHELBY,39,18,16,9,35,29,10,0
ELBA NURSING AND REHABILITATION CENTER,015083,987 DRAYTON STREET,ELBA,COFFEE,0,1,3,0,100,1,1,0
WESLEY PLACE ON HONEYSUCKLE,015175,718 HONEYSUCKLE ROAD,DOTHAN,HOUSTON,0,3,0,0,144,0,14,0
CLOVERDALE REHABILITATION AND NURSING CENTER,015184,412 CLOVERDALE ROAD,SCOTTSBORO,JACKSON,1,2,17,0,125,0,12,0
MARSHALL MANOR NURSING HOME,015378,3120 NORTH STREET,GUNTERSVILLE,MARSHALL,0,2,12,0,72,1,1,0
HENRY COUNTY HEALTH AND REHABILITATION FACILITY,015373,212 DOTHAN ROAD,ABBEVILLE,HENRY,12,46,24,3,89,12,37,0
BROWN NURSING HOME,015191,2334 WASHINGTON STREET,ALEXANDER CITY,TALLAPOOSA,0,0,2,0,64,0,4,0
JACKSONVILLE HEALTH AND REHABILITATION,015391,410 WILSON DRIVE SOUTHWEST,JACKSONVILLE,CALHOUN,0,2,9,0,150,0,0,0
LIGHTHOUSE REHABILITATION AND HEALTHCARE CENTER,015413,2911 EARL GOODWIN PARKWAY,SELMA,DALLAS,0,0,2,0,63,0,0,0
FATHER PURCELL MEMORIAL EXCEPTIONAL CHILDREN'S CENTER,01A193,2048 W FAIRVIEW AVE,MONTGOMERY,MONTGOMERY,0,0,0,0,48,0,0,0
KELLER LANDING,015028,813 KELLER LANE,TUSCUMBIA,COLBERT,2,0,2,0,72,0,1,0
CANTERBURY HEALTH CARE FACILITY,015382,1720 KNOWLES ROAD,PHENIX CITY,RUSSELL,0,0,0,0,115,0,0,0
MOUNT ROYAL TOWERS,015455,300 ROYAL TOWER DRIVE,BIRMINGHAM,JEFFERSON,0,0,2,0,119,0,0,0
BIRMINGHAM NURSING AND REHABILITATION CENTER EAST,015134,733 MARY VANN LANE,BIRMINGHAM,JEFFERSON,0,0,5,0,122,1,0,0
TROY HEALTH AND REHABILITATION CENTER,015213,515 ELBA HIGHWAY,TROY,PIKE,8,38,9,0,142,2,19,0
MONTGOMERY CHILDREN'S SPECIALTY CENTER,01A208,2853 FORBES DRIVE,MONTGOMERY,MONTGOMERY,1,0,0,0,46,6,1,0
CHOCTAW HEALTH AND REHABILITATION,015164,1406 EAST PUSHMATAHA STREET,BUTLER,CHOCTAW,39,48,8,6,47,18,21,0
BARON HOUSE OF HUEYTOWN,015404,190 BROOKLANE DRIVE,HUEYTOWN,JEFFERSON,0,0,11,11,22,23,23,0
PLANTATION MANOR NURSING HOME,015015,6450 OLD TUSCALOOSA HIGHWAY   P O BOX 97,MC CALLA,JEFFERSON,0,0,1,0,82,0,0,0
CAMDEN NURSING FACILITY,015374,210 PONDEROSA DRIVE,CAMDEN,WILCOX,23,4,8,6,55,20,4,0
ALBERTVILLE NURSING HOME,015163,750 ALABAMA HIGHWAY 75 NORTH,ALBERTVILLE,MARSHALL,1,2,12,0,156,3,18,0
ASPIRE PHYSICAL RECOVERY CENTER OF WEST ALABAMA,015465,2400 HOSPITAL DRIVE,NORTHPORT,TUSCALOOSA,1,0,4,0,53,1,10,0
FLORALA HEALTH AND REHABILITATION,015451,23621 GOLDENROD AVENUE,FLORALA,COVINGTON,0,0,4,0,73,0,1,0
ARBOR WOODS HEALTH AND REHABILITATION,015141,515 2ND AVENUE NORTHWEST,REFORM,PICKENS,0,0,0,0,54,0,0,0
WILLOWBROOKE CT SKILLED CARE CENTER WESTMINSTER VLG,015381,500 SPANISH FORT BLVD,SPANISH FORT,BALDWIN,8,0,3,1,37,6,2,0
HEALTH CARE,015407,P O BOX 130,ASHVILLE,ST. CLAIR,0,0,0,0,49,0,0,0
SUMTER HEALTH AND REHABILITATION,015042,1505 EAST 4TH AVENUE,YORK,SUMTER,31,1,7,1,71,23,10,0
HENDRIX HEALTH AND REHABILITATION,015138,1000 HIGHWAY 33,DOUBLE SPRINGS,WINSTON,0,7,10,0,100,1,9,0
ORCHARD REHABILITATION AND HEALTHCARE CENTER,015442,629 STATE HIGHWAY 21 SOUTH,HAYNEVILLE,LOWNDES,1,0,1,1,51,1,0,0
LITTLE SISTERS OF THE POOR SACRED HEART RESIDENCE,015168,1655 MCGILL AVENUE,MOBILE,MOBILE,0,0,0,0,78,0,0,0
SUNSET MANOR,015149,251 SUNSET PLACE,GUIN,MARION,0,4,2,0,66,0,0,0
FALKVILLE HEALTH CARE CENTER,015136,10 WEST 3RD STREET  PO BOX 409,FALKVILLE,MORGAN,0,2,0,0,96,0,5,0
PIEDMONT HEALTH CARE CENTER,015194,30 ROUNDTREE DRIVE,PIEDMONT,CALHOUN,0,0,1,0,77,0,0,0
WEST HILL HEALTH AND REHABILITATION,015303,1028 BESSEMER RD,BIRMINGHAM,JEFFERSON,0,0,0,0,75,0,0,0
ALTOONA HEALTH AND REHABILITATION,015101,6532 WALNUT GROVE ROAD,ALTOONA,ETOWAH,0,0,0,0,47,0,0,0
ASHLAND PLACE HEALTH AND REHABILITATION,015103,148 TUSCALOOSA ST,MOBILE,MOBILE,80,19,25,16,92,16,5,0
BARFIELD HEALTH CARE,015225,22444 HIGHWAY 431,GUNTERSVILLE,MARSHALL,0,7,25,0,102,0,18,0
WESTSIDE TERRACE HEALTH AND REHABILITATION CENTER,015425,501 NORTH WOODBURN DRIVE,DOTHAN,HOUSTON,0,3,3,0,144,0,2,0
FLORENCE NURSING AND REHABILITATION CENTER,015169,2107 CLOYD BLVD,FLORENCE,LAUDERDALE,0,0,5,0,138,0,0,0
DIVERSICARE OF ARAB,015148,235 THIRD STREET SE,ARAB,MARSHALL,0,0,0,0,79,0,2,0
CAREGIVERS OF PLEASANT GROVE,015044,700 FIRST AVENUE,PLEASANT GROVE,JEFFERSON,22,18,13,10,39,8,0,0
MOBILE NURSING AND REHABILITATION CENTER,015379,7020 BRUNS DRIVE,MOBILE,MOBILE,0,1,0,0,100,0,1,0
VILLAGE AT COOK SPRINGS SKILLED NURSING FACILITY,015195,415 COOK SPRINGS,PELL CITY,ST. CLAIR,0,4,1,0,130,0,1,0
PALM GARDENS HEALTH AND REHABILITATION,015403,3104 DAUPHIN SQUARE CONNECTOR,MOBILE,MOBILE,0,4,7,0,85,2,4,0
CULLMAN HEALTH CARE CENTER,015048,1607 MAIN AVE NE,CULLMAN,CULLMAN,0,0,2,0,78,0,4,0
OAK PARK,015452,1365 GATEWOOD DRIVE,AUBURN,LEE,0,5,2,0,76,0,5,0
TALLASSEE HEALTH AND REHABILITATION,015139,2639 GILMER AVENUE  P O BOX 780277,TALLASSEE,ELMORE,1,0,15,0,86,1,7,0
EASTERN SHORE REHABILITATION AND HEALTH CENTER,015049,"101 VILLA DRIVE, P O BOX 1090",DAPHNE,BALDWIN,4,12,17,0,73,5,0,0
GENERATIONS OF VERNON,015227,1050 CONVALESCENT ROAD,VERNON,LAMAR,0,2,0,0,116,0,2,0
LINEVILLE HEALTH AND REHABILITATION,015142,88073 HIGHWAY 9,LINEVILLE,CLAY,0,3,3,0,94,0,11,0
SOUTHERN SPRINGS HEALTHCARE FACILITY,015171,745 SOUTHERN SPRINGS ROAD,UNION SPRINGS,BULLOCK,24,42,6,4,95,9,4,0
LAFAYETTE NURSING HOME,015414,555 B STREET SW,LAFAYETTE,CHAMBERS,3,0,3,0,48,0,0,0
MONTGOMERY HEALTH AND REHABILITATION,015228,4490 VIRGINIA LOOP ROAD,MONTGOMERY,MONTGOMERY,0,0,0,0,74,0,0,0
ADAMS NURSING HOME,015386,1555 HILLABEE STREET,ALEXANDER CITY,TALLAPOOSA,0,0,0,0,60,0,0,0
COOSA VALLEY HEALTH AND REHABILITATION,015174,513 PINEVIEW AVENUE,GLENCOE,ETOWAH,0,0,2,0,97,0,0,0
CLEBURNE COUNTY NURSING HOME,015053,122 BROCKFORD ROAD,HEFLIN,CLEBURNE,,,,,,,,
CHEROKEE COUNTY HEALTH AND REHABILITATION CENTER,015200,877 CEDAR BLUFF ROAD,CENTRE,CHEROKEE,3,0,9,2,158,1,0,0
MARENGO NURSING HOME,015330,608 NORTH MAIN STREET,LINDEN,MARENGO,0,0,1,0,66,5,3,0
RIVER CITY CENTER,015113,1350 FOURTEENTH AVENUE SOUTHEAST,DECATUR,MORGAN,0,1,11,0,141,2,0,0
PARK MANOR HEALTH AND REHABILITATION,015326,2201 MCFARLAND BOULEVARD,NORTHPORT,TUSCALOOSA,0,9,8,0,130,1,7,0
BIBB MED CENTER NURSING HOME,015215,208 PIERSON AVE,CENTREVILLE,BIBB,0,0,2,0,121,0,0,0
ALICEVILLE MANOR NURSING HOME,015137,703 17TH STREET NORTHWEST,ALICEVILLE,PICKENS,0,4,0,0,78,1,6,0
"NHC HEALTHCARE, ANNISTON",015120,2300 COLEMAN RD,ANNISTON,CALHOUN,0,4,30,0,122,1,29,0
ROBERTSDALE REHABILITATION AND HEALTHCARE CENTER,015443,18700 U S HIGHWAY 90,ROBERTSDALE,BALDWIN,0,0,0,0,116,0,0,0
TRUSSVILLE HEALTH AND REHABILITATION CENTER,015467,119 WATTERSON PARKWAY,TRUSSVILLE,JEFFERSON,0,0,2,0,96,0,0,0
KNOLLWOOD HEALTHCARE,015463,3151-A KNOLLWOOD DRIVE,MOBILE,MOBILE,14,11,14,12,47,13,31,0
CHARLTON PLACE REHABILITATION AND HEALTHCARE CENTER,015460,65 CHARLTON PLACE,DEATSVILLE,ELMORE,1,0,0,0,47,1,0,0
OAKS ON PARKWOOD SKILLED NURSING FACILITY,015369,2625 LAUREL OAK DRIVE,BESSEMER,JEFFERSON,0,0,26,0,115,1,3,0
LONGLEAF HEALTH AND REHABILITATION,015469,1300 E SOUTH BLVD,MONTGOMERY,MONTGOMERY,,,,,,,,
DIVERSICARE OF RIVERCHASE,015145,2500 RIVERHAVEN DRIVE,BIRMINGHAM,JEFFERSON,60,23,10,10,94,26,5,0
GEORGIANA HEALTH AND REHABILITATION,015182,206 PALMER AVENUE,GEORGIANA,BUTLER,4,1,9,1,78,0,4,0
EL REPOSO NURSING FACILITY,015402,260 MILNER CHAPEL ROAD,FLORENCE,LAUDERDALE,0,1,4,0,58,0,2,0
MAGNOLIA HAVEN HEALTH AND REHABILITATION CENTER,015112,603 WRIGHT STREET,TUSKEGEE,MACON,,,,,,,,
HILLVIEW TERRACE,015436,100 PERRY HILL RD,MONTGOMERY,MONTGOMERY,44,7,23,5,109,34,0,0
CROWNE HEALTH CARE OF FT PAYNE,015156,403 13TH STREET NORTHWEST,FORT PAYNE,DEKALB,0,0,0,0,104,0,0,0
OAKVIEW MANOR HEALTH CARE CENTER,015216,929 MIXON SCHOOL ROAD,OZARK,DALE,0,0,11,0,119,1,6,0
MOUNDVILLE HEALTH AND REHABILITATION,015187,THIRD AVENUE    P O BOX 607,MOUNDVILLE,HALE,0,0,11,0,62,0,4,0
SOUTH HAVEN HEALTH AND REHABILITATION,015321,3141 OLD COLUMBIANA ROAD,BIRMINGHAM,JEFFERSON,57,18,22,16,53,29,2,0
SELF HEALTH CARE AND REHABILITATION CENTER,015212,131 EAST CREST ROAD,HUEYTOWN,JEFFERSON,0,0,0,0,64,0,0,0
COTTAGE OF THE SHOALS,015067,500 JOHN ALDRIDGE DRIVE,TUSCUMBIA,COLBERT,3,0,4,0,74,5,1,0
GALLERIA WOODS SKILLED NURSING FACILITY,015459,3850 GALLERIA WOODS DRIVE,BIRMINGHAM,JEFFERSON,0,0,1,0,26,3,0,0
ENGLEWOOD HEALTH CARE CENTER,015322,2046 SOUTH ALABAMA AVE,MONROEVILLE,MONROE,0,0,3,0,75,0,2,0
OZARK HEALTH AND REHABILITATION,015208,312 BRYAN DRIVE,OZARK,DALE,0,0,11,0,132,0,1,0
CYPRESS COVE CARE CENTER,015392,200 ALABAMA AVENUE,MUSCLE SHOALS,COLBERT,3,2,5,0,71,1,0,0
CAPITOL HILL HEALTHCARE CENTER,015390,520 SOUTH HULL STREET,MONTGOMERY,MONTGOMERY,2,1,2,0,208,3,0,0
TWIN OAKS REHABILITATION AND HEALTHCARE CENTER,015211,857 CRAWFORD LANE,MOBILE,MOBILE,3,0,0,0,113,4,0,0
DIVERSICARE OF BESSEMER,015209,820 GOLF COURSE ROAD,BESSEMER,JEFFERSON,51,2,31,23,112,37,3,1
CROWNE HEALTH CARE OF CITRONELLE,015121,19225 NORTH 4TH STREET,CITRONELLE,MOBILE,0,0,1,0,66,0,0,0
LYNWOOD NURSING HOME,015434,4164 HALLS MILL ROAD,MOBILE,MOBILE,50,0,18,16,73,38,9,0
NORTHSIDE HEALTH CARE,015223,700 HUTCHINS AVENUE,GADSDEN,ETOWAH,0,0,0,0,87,0,2,0
BROOKSHIRE HEALTHCARE CENTER,015127,4320 JUDITH LANE,HUNTSVILLE,MADISON,0,0,0,0,112,0,0,0
FAIRHOPE HEALTH AND REHABILITATION,015222,108 SOUTH CHURCH STREET,FAIRHOPE,BALDWIN,0,0,0,0,64,0,0,0
"FOLSOM CENTER FOR REHABILITATION AND HEALTHCARE, T",015437,401 ARNOLD STREET N.E.,CULLMAN,CULLMAN,0,18,18,0,80,1,31,0
EAST ALABAMA MEDICAL CENTER SKILLED NURSING FACILI,015410,2000 PEPPERELL PARKWAY,OPELIKA,LEE,2,0,2,0,15,0,1,0
WOODLAND VILLAGE REHABILITATION AND HEALTHCARE CENTER,015383,1900 OLIVE STREET,CULLMAN,CULLMAN,1,3,27,0,116,1,27,0
FOREST MANOR HEALTH AND REHABILITATION,015143,2215 32ND STREET,NORTHPORT,TUSCALOOSA,21,10,9,1,134,15,23,0
CROWNE HEALTH CARE OF EUFAULA,015199,430 RIVERS AVENUE,EUFAULA,BARBOUR,28,14,6,1,138,6,11,0
SUMMERFORD NURSING HOME,015075,4087 HIGHWAY 31 SOUTHWEST,FALKVILLE,MORGAN,2,20,31,0,188,0,37,0
GREENBRIAR AT THE ALTAMONT SKILLED NURSING FACILIT,015446,2831 HIGHLAND AVENUE SOUTH,BIRMINGHAM,JEFFERSON,1,0,1,0,85,13,0,0
NORTH MOBILE NURSING AND REHABILITATION CENTER,015183,4525 ST STEPHENS ROAD,EIGHT MILE,MOBILE,45,36,16,13,122,14,26,0
SOUTH HEALTH AND REHABILITATION,015097,1220 SOUTH 17TH STREET,BIRMINGHAM,JEFFERSON,0,1,2,0,67,2,3,0
ASPIRE PHYSICAL RECOVERY CENTER AT CAHABA RIVER,015468,3070 HEALTHY WAY,VESTAVIA,JEFFERSON,2,1,10,0,102,0,2,0
DADEVILLE HEALTHCARE CENTER,015166,351 NORTH EAST STREET,DADEVILLE,TALLAPOOSA,48,2,7,6,64,14,1,0
ALLEN HEALTH AND REHABILITATION,015098,735 SOUTH WASHINGTON AVENUE,MOBILE,MOBILE,9,23,6,2,72,18,6,0
HALEYVILLE HEALTH CARE CENTER,015157,2201 11TH AVENUE,HALEYVILLE,WINSTON,0,1,12,0,50,1,2,0
ARLINGTON REHABILITATION AND HEALTHCARE CENTER,015153,"1020 TUSCALOOSA AVENUE, SW",BIRMINGHAM,JEFFERSON,0,0,0,0,91,0,0,0
JACKSON HEALTH CARE FACILITY,015188,2616 NORTH COLLEGE AVENUE,JACKSON,CLARKE,0,7,11,0,68,0,5,0
DIVERSICARE OF BIG SPRINGS,015111,500 ST. CLAIR AVENUE SOUTHWEST,HUNTSVILLE,MADISON,0,3,0,0,104,0,3,0
SANCTUARY AT THE WOODLANDS,015471,1910 CHEROKEE  AVENUE SW,CULLMAN,CULLMAN,,,,,,,,
LAUDERDALE CHRISTIAN NURSING HOME,015361,2019 COUNTY ROAD 394,KILLEN,LAUDERDALE,0,1,2,0,54,0,2,0
TRAYLOR RETIREMENT COMMUNITY,015126,1235 YANCEY STREET  P O BOX 467,ROANOKE,RANDOLPH,34,0,6,5,88,12,0,0
BIRMINGHAM NURSING AND REHABILITATION CENTER,015217,1000 DUGAN AVENUE,BIRMINGHAM,JEFFERSON,0,11,3,0,127,0,8,0
DIVERSICARE OF FOLEY,015032,1701 NORTH ALSTON STREET,FOLEY,BALDWIN,0,0,0,0,121,0,1,0
"NHC HEALTHCARE, MOULTON",015128,300 HOSPITAL STREET,MOULTON,LAWRENCE,0,0,0,0,107,0,0,0
EVERGREEN NURSING HOME,015089,100 SANDERS DRIVE,EVERGREEN,CONECUH,0,0,0,0,56,0,0,0
MAGNOLIA RIDGE,015133,420 DEAN DRIVE,GARDENDALE,JEFFERSON,5,0,3,0,124,2,0,0
ATMORE NURSING CENTER,015129,715 EAST LAUREL STREET,ATMORE,ESCAMBIA,6,0,1,0,75,5,1,0
MITCHELL-HOLLINGSWORTH NURSING AND REHABILITATION,015031,805 FLAGG CIRCLE,FLORENCE,LAUDERDALE,0,12,6,0,187,5,19,0
NORTH HILL NURSING AND REHABILITATION CENTER,015091,200 NORTH PINE HILL ROAD,BIRMINGHAM,JEFFERSON,13,8,6,4,158,3,1,0
RIDGEVIEW HEALTH SERVICES,015155,"907 11TH STREET, NE",JASPER,WALKER,4,0,0,0,130,3,3,0
REGENCY HEALTH CARE AND REHABILITATION CENTER,015372,"2061 POOLE DRIVE, NW",HUNTSVILLE,MADISON,1,1,0,0,54,0,1,0
TLC NURSING CENTER,015422,212 ELLEN STREET,ONEONTA,BLOUNT,1,0,7,0,92,1,0,0
MADISON MANOR NURSING HOME,015214,3891 SULLIVAN ST,MADISON,MADISON,0,7,3,0,70,0,5,0
ROBERTSDALE REHABILITATION AND HEALTHCARE CENTER,015443,18700 U S HIGHWAY 90,ROBERTSDALE,BALDWIN,0,0,0,0,116,0,0,0
SOUTH HAVEN HEALTH AND REHABILITATION,015321,3141 OLD COLUMBIANA ROAD,BIRMINGHAM,JEFFERSON,57,18,22,16,53,29,2,0
BIBB MED CENTER NURSING HOME,015215,208 PIERSON AVE,CENTREVILLE,BIBB,0,0,3,0,118,0,0,0
SANCTUARY AT THE WOODLANDS,015471,1910 CHEROKEE  AVENUE SW,CULLMAN,CULLMAN,,,,,,,,
ALICEVILLE MANOR NURSING HOME,015137,703 17TH STREET NORTHWEST,ALICEVILLE,PICKENS,0,5,0,0,79,1,7,0
MERRY WOOD LODGE,015019,P O BOX 130,ELMORE,ELMORE,2,37,4,0,84,6,8,0
KIRKWOOD BY THE RIVER,015457,3605 RATLIFF ROAD,BIRMINGHAM,JEFFERSON,0,0,0,0,46,0,0,0
DIVERSICARE OF BOAZ,015063,600 CORLEY AVENUE,BOAZ,MARSHALL,1,0,2,0,91,6,0,0
MAGNOLIA HAVEN HEALTH AND REHABILITATION CENTER,015112,603 WRIGHT STREET,TUSKEGEE,MACON,,,,,,,,
KNOLLWOOD HEALTHCARE,015463,3151-A KNOLLWOOD DRIVE,MOBILE,MOBILE,19,18,15,13,46,14,32,0
CHARLTON PLACE REHABILITATION AND HEALTHCARE CENTER,015460,65 CHARLTON PLACE,DEATSVILLE,ELMORE,1,0,0,0,47,1,0,0
"NHC HEALTHCARE, ANNISTON",015120,2300 COLEMAN RD,ANNISTON,CALHOUN,0,4,31,0,124,1,29,0
DIVERSICARE OF BESSEMER,015209,820 GOLF COURSE ROAD,BESSEMER,JEFFERSON,62,2,33,25,114,38,3,1
ENGLEWOOD HEALTH CARE CENTER,015322,2046 SOUTH ALABAMA AVE,MONROEVILLE,MONROE,0,1,4,0,71,0,9,0
TRUSSVILLE HEALTH AND REHABILITATION CENTER,015467,119 WATTERSON PARKWAY,TRUSSVILLE,JEFFERSON,0,0,4,0,95,0,0,0
ATHENS HEALTH AND REHABILITATION,015016,611 WEST MARKET STREET,ATHENS,LIMESTONE,0,4,21,0,117,0,9,0
DECATUR HEALTH AND REHABILITATION CENTER,015206,2326 MORGAN AVENUE SOUTHWEST,DECATUR,MORGAN,0,0,0,0,82,0,8,0
COTTAGE OF THE SHOALS,015067,500 JOHN ALDRIDGE DRIVE,TUSCUMBIA,COLBERT,3,0,4,0,70,5,3,0
GALLERIA WOODS SKILLED NURSING FACILITY,015459,3850 GALLERIA WOODS DRIVE,BIRMINGHAM,JEFFERSON,0,0,1,0,26,3,0,0
CAPITOL HILL HEALTHCARE CENTER,015390,520 SOUTH HULL STREET,MONTGOMERY,MONTGOMERY,2,1,4,0,207,5,0,0
DIVERSICARE OF RIVERCHASE,015145,2500 RIVERHAVEN DRIVE,BIRMINGHAM,JEFFERSON,61,24,12,11,94,28,8,0
COLONIAL HAVEN CARE AND REHABILITATION CENTER,015396,616 ARMORY STREET,GREENSBORO,HALE,33,0,7,5,53,23,0,1
SELMA HEALTH AND REHABILITATION,015119,11 BELL ROAD,SELMA,DALLAS,,,,,,,,
SUMMERFORD NURSING HOME,015075,4087 HIGHWAY 31 SOUTHWEST,FALKVILLE,MORGAN,2,21,32,0,187,1,47,0
OZARK HEALTH AND REHABILITATION,015208,312 BRYAN DRIVE,OZARK,DALE,0,0,12,0,132,0,2,0
LYNWOOD NURSING HOME,015434,4164 HALLS MILL ROAD,MOBILE,MOBILE,55,0,18,16,73,38,9,0
FAIRVIEW AT REDSTONE VILLAGE,015454,12000 TURNMEYER DRIVE,HUNTSVILLE,MADISON,0,1,3,0,47,0,2,0
MONTROSE BAY HEALTH AND REHABILITATION,015447,22670 MAIN STREET,FAIRHOPE,BALDWIN,0,0,0,0,61,0,0,0
GEORGIANA HEALTH AND REHABILITATION,015182,206 PALMER AVENUE,GEORGIANA,BUTLER,7,1,10,2,78,0,4,0
OAK KNOLL HEALTH AND REHABILITATION,015117,824 SIXTH AVENUE WEST,BIRMINGHAM,JEFFERSON,0,0,4,0,91,0,0,0
ASPIRE PHYSICAL RECOVERY CENTER AT CAHABA RIVER,015468,3070 HEALTHY WAY,VESTAVIA,JEFFERSON,2,1,10,0,101,0,2,0
COLUMBIANA HEALTH AND REHABILITATION,015453,22969 HIGHWAY 25,COLUMBIANA,SHELBY,39,18,16,9,35,32,10,0
TERRACE OAKS CARE AND REHABILITATION CENTER,015060,4201 BESSEMER SUPER HIGHWAY,BESSEMER,JEFFERSON,0,0,0,0,55,0,0,0
ANDALUSIA MANOR,015416,670 MOORE RD,ANDALUSIA,COVINGTON,0,0,0,0,118,2,4,0
TALLADEGA HEALTHCARE CENTER,015162,616 CHAFFEE STREET,TALLADEGA,TALLADEGA,1,37,0,0,185,0,24,0
CROWNE HEALTH CARE OF CITRONELLE,015121,19225 NORTH 4TH STREET,CITRONELLE,MOBILE,0,0,1,0,66,0,0,0
HANCEVILLE NURSING AND REHABILITATION CENTER,015073,420 MAIN STREET NE,HANCEVILLE,CULLMAN,0,0,1,0,187,2,3,0
EAST GLEN,015388,53 MEDICAL PARK DRIVE EAST,BIRMINGHAM,JEFFERSON,0,0,0,0,95,0,0,0
WIREGRASS REHABILITATION CENTER AND NURSING HOME,015150,1200 MAPLE AVENUE WEST,GENEVA,GENEVA,0,0,3,0,88,0,5,0
MADISON MANOR NURSING HOME,015214,3891 SULLIVAN ST,MADISON,MADISON,0,7,3,0,71,0,5,0
NORTHSIDE HEALTH CARE,015223,700 HUTCHINS AVENUE,GADSDEN,ETOWAH,0,0,0,0,85,0,2,0
OAKS ON PARKWOOD SKILLED NURSING FACILITY,015369,2625 LAUREL OAK DRIVE,BESSEMER,JEFFERSON,0,0,26,0,116,1,3,0
MARSHALL MANOR NURSING HOME,015378,3120 NORTH STREET,GUNTERSVILLE,MARSHALL,0,2,12,0,71,1,2,0
OAK TRACE CARE AND REHABILITATION CENTER,015050,325 SELMA ROAD,BESSEMER,JEFFERSON,0,0,1,0,68,0,0,0
ATMORE NURSING CENTER,015129,715 EAST LAUREL STREET,ATMORE,ESCAMBIA,25,0,1,0,75,12,4,0
LAUDERDALE CHRISTIAN NURSING HOME,015361,2019 COUNTY ROAD 394,KILLEN,LAUDERDALE,0,2,2,0,55,0,3,0
OAKWOOD-NORTH BALDWIN'S CENTER FOR LIVING,015417,2010 MEDICAL CENTER DRIVE,BAY MINETTE,BALDWIN,0,4,0,0,67,0,7,0
ARLINGTON REHABILITATION AND HEALTHCARE CENTER,015153,"1020 TUSCALOOSA AVENUE, SW",BIRMINGHAM,JEFFERSON,0,0,0,0,96,0,0,0
WESLEY PLACE ON HONEYSUCKLE,015175,718 HONEYSUCKLE ROAD,DOTHAN,HOUSTON,0,4,0,0,150,0,15,0
GOODWATER HEALTHCARE CENTER,015204,16 JONES HILL ROAD,GOODWATER,COOSA,0,0,0,0,64,0,0,0
SOUTHLAND NURSING HOME,015104,500 SHIVERS TERRACE,MARION,PERRY,,,,,,,,
CROWNE HEALTH CARE OF SPRINGHILL,015426,3712 DAUPHIN ST,MOBILE,MOBILE,0,0,0,0,14,0,0,0
SHELBY RIDGE NURSING HOME,015411,881 3RD STREET NORTHEAST,ALABASTER,SHELBY,22,37,19,3,116,15,28,0
CAMDEN NURSING FACILITY,015374,210 PONDEROSA DRIVE,CAMDEN,WILCOX,23,4,8,6,54,20,5,0
HUNTER CREEK HEALTH AND REHABILITATION,015034,600 34TH ST,NORTHPORT,TUSCALOOSA,34,5,2,0,68,9,6,0
EAMC LANIER NURSING HOME,015045,4800 48TH STREET,VALLEY,CHAMBERS,0,10,10,0,89,7,25,0
DIVERSICARE OF PELL CITY,015189,"510 WOLF CREEK ROAD, NORTH",PELL CITY,ST. CLAIR,0,0,1,0,73,0,0,0
PERRY COUNTY NURSING HOME,015158,505 EAST LAFAYETTE STREET,MARION,PERRY,0,1,0,0,61,4,1,0
HUNTSVILLE HEALTH AND REHABILITATION,015440,4010 CHRIS DRIVE,HUNTSVILLE,MADISON,0,0,7,0,86,0,5,0
CLAY COUNTY NURSING HOME,015124,83825 HIGHWAY 9   P O BOX 1270,ASHLAND,CLAY,0,1,0,0,71,0,3,0
CUMBERLAND HEALTH AND REHABILITATION,015420,47065 AL HIGHWAY 277,BRIDGEPORT,JACKSON,0,0,0,0,84,0,0,0
LITTLE SISTERS OF THE POOR SACRED HEART RESIDENCE,015168,1655 MCGILL AVENUE,MOBILE,MOBILE,0,0,0,0,69,0,0,0
LAFAYETTE EXTENDED CARE,015197,805 HOSPITAL STREET SOUTHWEST,LAFAYETTE,CHAMBERS,0,0,1,1,52,0,0,0
PIEDMONT HEALTH CARE CENTER,015194,30 ROUNDTREE DRIVE,PIEDMONT,CALHOUN,0,0,3,0,74,0,0,0
WILLOWBROOKE CT SKILLED CARE CENTER AT MAGNOLIA TRACE,015450,ONE CROWN CIRCLE,HUNTSVILLE,MADISON,0,0,2,0,44,0,0,0
CHAPMAN HEALTHCARE CENTER,015221,3701 DADEVILLE ROAD,ALEXANDER CITY,TALLAPOOSA,6,0,3,1,141,4,0,0
ASHLAND PLACE HEALTH AND REHABILITATION,015103,148 TUSCALOOSA ST,MOBILE,MOBILE,80,19,26,17,92,16,5,0
BARFIELD HEALTH CARE,015225,22444 HIGHWAY 431,GUNTERSVILLE,MARSHALL,0,7,26,0,104,0,18,0
ORCHARD REHABILITATION AND HEALTHCARE CENTER,015442,629 STATE HIGHWAY 21 SOUTH,HAYNEVILLE,LOWNDES,1,0,2,2,52,1,0,0
RUSSELLVILLE HEALTH CARE,015071,705 NORTHEAST GANDY STREET,RUSSELLVILLE,FRANKLIN,0,0,1,0,44,0,4,0
SIGNATURE HEALTHCARE OF WHITESBURG GARDENS,015116,105 TEAKWOOD DRIVE SW,HUNTSVILLE,MADISON,0,0,0,0,115,0,0,0
FLORALA HEALTH AND REHABILITATION,015451,23621 GOLDENROD AVENUE,FLORALA,COVINGTON,0,0,5,0,73,0,1,0
CROWNE HEALTH CARE OF THOMASVILLE,015220,1425 MOSLEY DRIVE,THOMASVILLE,CLARKE,1,0,0,0,66,5,0,0
CIVIC CENTER HEALTH AND REHABILITATION,015109,1201 22ND STREET NORTH,BIRMINGHAM,JEFFERSON,0,4,5,0,85,1,0,0
CHERRY HILL REHABILITATION AND HEALTHCARE CENTER,015445,1250 JEFF GERMANY PARKWAY,BIRMINGHAM,JEFFERSON,,,,,,,,
LIGHTHOUSE REHABILITATION AND HEALTHCARE CENTER,015413,2911 EARL GOODWIN PARKWAY,SELMA,DALLAS,0,0,2,0,63,0,0,0
HARTFORD HEALTH CARE,015419,217 TORO ROAD,HARTFORD,GENEVA,0,0,0,0,80,0,1,0
JOHN KNOX MANOR INC I I,015135,4401 NARROW LANE ROAD,MONTGOMERY,MONTGOMERY,0,1,0,0,55,1,3,0
SOUTH HAMPTON NURSING AND REHABILITATION CENTER,015448,213 WILSON MANN ROAD,OWENS CROSS ROADS,MADISON,0,1,3,0,57,0,5,0
HENDRIX HEALTH AND REHABILITATION,015138,1000 HIGHWAY 33,DOUBLE SPRINGS,WINSTON,0,8,10,0,100,1,10,0
BARON HOUSE OF HUEYTOWN,015404,190 BROOKLANE DRIVE,HUEYTOWN,JEFFERSON,3,0,12,11,23,23,23,0
GADSDEN HEALTH AND REHABILITATION CENTER,015180,1945 DAVIS DRIVE,GADSDEN,ETOWAH,1,0,2,0,135,0,0,0
ASPIRE PHYSICAL RECOVERY CENTER OF WEST ALABAMA,015465,2400 HOSPITAL DRIVE,NORTHPORT,TUSCALOOSA,1,0,4,0,53,1,10,0
GENERATIONS OF VERNON,015227,1050 CONVALESCENT ROAD,VERNON,LAMAR,0,2,0,0,114,0,2,0
PARKWOOD HEALTH CARE FACILITY,015179,3301 STADIUM DRIVE,PHENIX CITY,RUSSELL,0,2,16,0,67,1,6,0
VILLAGE AT COOK SPRINGS SKILLED NURSING FACILITY,015195,415 COOK SPRINGS,PELL CITY,ST. CLAIR,0,4,1,0,131,1,4,0
CULLMAN HEALTH CARE CENTER,015048,1607 MAIN AVE NE,CULLMAN,CULLMAN,0,0,2,0,78,0,11,0
MEADOWVIEW NURSING CENTER,015400,7300 OLD HIGHWAY 78 EAST,PELL CITY,ST. CLAIR,0,4,0,0,53,0,4,0
LEGACY HEALTH AND REHABILITATION OF PLEASANT GROVE,015461,30 7TH STREET,PLEASANT GROVE,JEFFERSON,1,30,7,0,118,4,8,0
ALTOONA HEALTH AND REHABILITATION,015101,6532 WALNUT GROVE ROAD,ALTOONA,ETOWAH,1,0,0,0,47,0,0,0
MOBILE NURSING AND REHABILITATION CENTER,015379,7020 BRUNS DRIVE,MOBILE,MOBILE,0,1,0,0,99,1,2,0
ATTALLA HEALTH AND REHABILITATION,015203,915 STEWART AVENUE SOUTHEAST,ATTALLA,ETOWAH,0,0,6,0,145,0,0,0
DIVERSICARE OF LANETT,015196,702 SOUTH 13TH STREET,LANETT,CHAMBERS,0,0,5,0,77,2,2,0
PALM GARDENS HEALTH AND REHABILITATION,015403,3104 DAUPHIN SQUARE CONNECTOR,MOBILE,MOBILE,0,4,7,0,85,2,4,0
FLORENCE NURSING AND REHABILITATION CENTER,015169,2107 CLOYD BLVD,FLORENCE,LAUDERDALE,0,0,8,0,141,0,0,0
RIVER CITY CENTER,015113,1350 FOURTEENTH AVENUE SOUTHEAST,DECATUR,MORGAN,4,2,12,0,136,3,0,0
BURNS NURSING HOME,015009,701 MONROE STREET NW,RUSSELLVILLE,FRANKLIN,45,1,4,4,43,35,13,0
CHEROKEE COUNTY HEALTH AND REHABILITATION CENTER,015200,877 CEDAR BLUFF ROAD,CENTRE,CHEROKEE,10,0,11,3,154,3,0,0
KENSINGTON HEALTH AND REHABILITATION,015429,550 CONGRESS STREET,MOBILE,MOBILE,13,2,3,1,104,13,6,0
CLEBURNE COUNTY NURSING HOME,015053,122 BROCKFORD ROAD,HEFLIN,CLEBURNE,,,,,,,,
LAFAYETTE NURSING HOME,015414,555 B STREET SW,LAFAYETTE,CHAMBERS,3,0,4,0,47,0,0,0
SOUTHERN SPRINGS HEALTHCARE FACILITY,015171,745 SOUTHERN SPRINGS ROAD,UNION SPRINGS,BULLOCK,45,42,9,6,86,22,4,0
FAIR HAVEN,015076,1424 MONTCLAIR ROAD,BIRMINGHAM,JEFFERSON,0,1,8,1,224,0,0,0
TALLASSEE HEALTH AND REHABILITATION,015139,2639 GILMER AVENUE  P O BOX 780277,TALLASSEE,ELMORE,1,0,15,0,86,1,7,0
EASTERN SHORE REHABILITATION AND HEALTH CENTER,015049,"101 VILLA DRIVE, P O BOX 1090",DAPHNE,BALDWIN,4,13,17,0,73,5,0,0
ADAMS NURSING HOME,015386,1555 HILLABEE STREET,ALEXANDER CITY,TALLAPOOSA,0,0,1,0,60,0,4,0
EL REPOSO NURSING FACILITY,015402,260 MILNER CHAPEL ROAD,FLORENCE,LAUDERDALE,0,1,4,0,58,0,2,0
OAK PARK,015452,1365 GATEWOOD DRIVE,AUBURN,LEE,0,5,2,0,79,0,5,0
CORDOVA HEALTH AND REHABILITATION,015115,70 HIGHLAND STREET WEST,CORDOVA,WALKER,0,3,14,0,108,0,16,0
NORTHWAY HEALTH AND REHABILITATION,015047,1424 NORTH 25TH STREET,BIRMINGHAM,JEFFERSON,0,3,6,0,104,0,1,0
GLEN HAVEN HEALTH AND REHABILITATION,015186,2201 32ND STREET,NORTHPORT,TUSCALOOSA,0,12,13,0,180,1,5,0
ROANOKE REHABILITATION AND HEALTHCARE CENTER,015424,680 SEYMOUR DRIVE,ROANOKE,RANDOLPH,0,0,0,0,57,1,0,0
SPRINGHILL SENIOR RESIDENCE,015435,3717 DAUPHIN STREET,MOBILE,MOBILE,0,25,6,0,66,3,48,0
CROWNE HEALTH CARE OF FT PAYNE,015156,403 13TH STREET NORTHWEST,FORT PAYNE,DEKALB,0,0,0,0,106,0,0,0
OAKVIEW MANOR HEALTH CARE CENTER,015216,929 MIXON SCHOOL ROAD,OZARK,DALE,0,6,11,0,118,2,6,0
LONGLEAF HEALTH AND REHABILITATION,015469,1300 E SOUTH BLVD,MONTGOMERY,MONTGOMERY,,,,,,,,
EASTVIEW REHABILITATION AND HEALTHCARE CENTER,015014,7755 FOURTH AVENUE SOUTH,BIRMINGHAM,JEFFERSON,0,0,1,0,79,0,0,0
WINDSOR HOUSE,015397,4411 MCALLISTER DRIVE,HUNTSVILLE,MADISON,0,0,0,0,100,0,0,0
EXTENDICARE HEALTH CENTER,015152,950 SOUTH ST. ANDREWS STREET,DOTHAN,HOUSTON,2,14,19,0,139,1,18,0
WOODHAVEN MANOR NURSING HOME,015177,105 WEST WINDSOR ST,DEMOPOLIS,MARENGO,5,10,1,0,57,0,12,0
WASHINGTON COUNTY NURSING HOME,015123,14600 ST STEPHENS AVENUE,CHATOM,WASHINGTON,19,19,4,4,74,8,11,1
GRAND BAY CONVALESCENT HOME,015406,13750 HIGHWAY 90 WEST P.O. BOX 328,GRAND BAY,MOBILE,0,2,5,0,55,0,0,0
GREENE COUNTY NURSING HOME,015178,509 WILSON AVE,EUTAW,GREENE,20,0,8,8,39,0,0,0
CROWNE HEALTH CARE OF GREENVILLE,015193,408 COUNTRY CLUB DRIVE,GREENVILLE,BUTLER,57,11,19,18,48,29,6,0
CROWNE HEALTH CARE OF MOBILE,015100,954 NAVCO ROAD,MOBILE,MOBILE,3,0,8,5,98,2,1,1
TWIN OAKS REHABILITATION AND HEALTHCARE CENTER,015211,857 CRAWFORD LANE,MOBILE,MOBILE,3,0,0,0,115,4,0,0
PRATTVILLE HEALTH AND REHABILITATION,015065,601 JASMINE TRAIL,PRATTVILLE,AUTAUGA,7,10,17,0,125,3,12,0
GULF COAST HEALTH AND REHABILITATION,015456,8002 GRELOT ROAD,MOBILE,MOBILE,1,9,4,0,79,5,1,0
MONROE MANOR HEALTH AND REHABILITATION CENTER,015398,236 WEST CLAIBORNE STREET,MONROEVILLE,MONROE,0,0,0,0,74,0,0,0
DIVERSICARE OF ONEONTA,015159,215 VALLEY ROAD,ONEONTA,BLOUNT,1,0,5,0,109,1,6,0
SELF HEALTH CARE AND REHABILITATION CENTER,015212,131 EAST CREST ROAD,HUEYTOWN,JEFFERSON,0,0,0,0,64,0,0,0
HATLEY HEALTH CARE,015023,300 MEDICAL CENTER DRIVE,CLANTON,CHILTON,0,6,1,0,125,0,5,0
MARION REGIONAL NURSING HOME,015167,184 SASSER DRIVE,HAMILTON,MARION,34,37,16,7,59,23,50,1
FATHER PURCELL MEMORIAL EXCEPTIONAL CHILDREN'S CENTER,01A193,2048 W FAIRVIEW AVE,MONTGOMERY,MONTGOMERY,0,0,0,0,48,0,0,0
GREENBRIAR AT THE ALTAMONT SKILLED NURSING FACILIT,015446,2831 HIGHLAND AVENUE SOUTH,BIRMINGHAM,JEFFERSON,4,0,2,1,83,13,0,0
FAIRHOPE HEALTH AND REHABILITATION,015222,108 SOUTH CHURCH STREET,FAIRHOPE,BALDWIN,0,0,0,0,63,0,0,0
DADEVILLE HEALTHCARE CENTER,015166,351 NORTH EAST STREET,DADEVILLE,TALLAPOOSA,48,2,7,6,69,15,1,0
SOUTH HEALTH AND REHABILITATION,015097,1220 SOUTH 17TH STREET,BIRMINGHAM,JEFFERSON,0,1,2,0,68,2,3,0
ARBOR SPRINGS HEALTH AND REHABILITATION CENTER,015192,1910 PEPPERELL PKWY,OPELIKA,LEE,68,0,47,19,108,42,0,0
EAST ALABAMA MEDICAL CENTER SKILLED NURSING FACILI,015410,2000 PEPPERELL PARKWAY,OPELIKA,LEE,2,0,3,0,18,0,1,0
WEST GATE VILLAGE,015035,100 PINEVIEW AND THIRD P.O. BOX 49,BREWTON,ESCAMBIA,0,3,0,0,113,0,6,0
SENIOR REHABILITATION AND RECOVERY AT LIMESTONE HEALTH FACILI,015024,1600 WEST HOBBS STREET,ATHENS,LIMESTONE,0,1,34,0,146,0,15,0
BROOKSHIRE HEALTHCARE CENTER,015127,4320 JUDITH LANE,HUNTSVILLE,MADISON,0,0,0,0,113,0,0,0
DIVERSICARE OF WINFIELD,015376,144 COUNTY HWY 14,WINFIELD,MARION,0,0,0,0,101,1,0,0
NORTH MOBILE NURSING AND REHABILITATION CENTER,015183,4525 ST STEPHENS ROAD,EIGHT MILE,MOBILE,45,36,16,13,124,15,26,0
FOREST MANOR HEALTH AND REHABILITATION,015143,2215 32ND STREET,NORTHPORT,TUSCALOOSA,23,12,11,3,125,21,25,0
WOODLAND VILLAGE REHABILITATION AND HEALTHCARE CENTER,015383,1900 OLIVE STREET,CULLMAN,CULLMAN,1,10,29,0,115,1,27,0
CROWNE HEALTH CARE OF EUFAULA,015199,430 RIVERS AVENUE,EUFAULA,BARBOUR,40,14,8,2,135,6,15,0
HEALTH CARE,015407,P O BOX 130,ASHVILLE,ST. CLAIR,0,0,0,0,49,0,0,0
CLOVERDALE REHABILITATION AND NURSING CENTER,015184,412 CLOVERDALE ROAD,SCOTTSBORO,JACKSON,1,3,18,0,123,0,13,0
RIDGEVIEW HEALTH SERVICES,015155,"907 11TH STREET, NE",JASPER,WALKER,5,0,1,0,131,4,6,0
TRAYLOR RETIREMENT COMMUNITY,015126,1235 YANCEY STREET  P O BOX 467,ROANOKE,RANDOLPH,35,0,7,5,86,13,0,0
TLC NURSING CENTER,015422,212 ELLEN STREET,ONEONTA,BLOUNT,1,0,7,0,93,1,0,0
"FOLSOM CENTER FOR REHABILITATION AND HEALTHCARE, T",015437,401 ARNOLD STREET N.E.,CULLMAN,CULLMAN,1,21,19,0,77,1,34,0
KELLER LANDING,015028,813 KELLER LANE,TUSCUMBIA,COLBERT,3,1,2,0,71,9,1,0
BROWN NURSING HOME,015191,2334 WASHINGTON STREET,ALEXANDER CITY,TALLAPOOSA,0,0,2,0,66,0,4,0
BIRMINGHAM NURSING AND REHABILITATION CENTER,015217,1000 DUGAN AVENUE,BIRMINGHAM,JEFFERSON,0,11,4,0,126,0,8,0
ELBA NURSING AND REHABILITATION CENTER,015083,987 DRAYTON STREET,ELBA,COFFEE,0,2,4,0,102,3,1,0
MITCHELL-HOLLINGSWORTH NURSING AND REHABILITATION,015031,805 FLAGG CIRCLE,FLORENCE,LAUDERDALE,0,12,9,0,180,5,21,0
REGENCY HEALTH CARE AND REHABILITATION CENTER,015372,"2061 POOLE DRIVE, NW",HUNTSVILLE,MADISON,1,1,0,0,50,0,1,0
TROY HEALTH AND REHABILITATION CENTER,015213,515 ELBA HIGHWAY,TROY,PIKE,8,41,9,0,141,3,22,0
ANNISTON HEALTH AND REHABILITATION SERVICES,015375,600 E 8TH STREET,ANNISTON,CALHOUN,0,0,0,0,53,1,0,0
GENERATIONS OF RED BAY,015201,106 TENTH AVENUE NORTHWEST,RED BAY,FRANKLIN,0,2,8,0,60,1,28,0
NORTH HILL NURSING AND REHABILITATION CENTER,015091,200 NORTH PINE HILL ROAD,BIRMINGHAM,JEFFERSON,13,12,6,4,159,3,1,0
JACKSON HEALTH CARE FACILITY,015188,2616 NORTH COLLEGE AVENUE,JACKSON,CLARKE,0,7,11,0,71,0,6,0
DIVERSICARE OF BIG SPRINGS,015111,500 ST. CLAIR AVENUE SOUTHWEST,HUNTSVILLE,MADISON,0,4,0,0,106,0,5,0
SPRINGHILL MANOR NURSING HOME,015415,3900 OLD SHELL ROAD,MOBILE,MOBILE,0,1,1,0,30,0,0,0
DIVERSICARE OF FOLEY,015032,1701 NORTH ALSTON STREET,FOLEY,BALDWIN,0,0,0,0,122,0,3,0
MAGNOLIA RIDGE,015133,420 DEAN DRIVE,GARDENDALE,JEFFERSON,9,0,4,0,122,4,0,0
HALEYVILLE HEALTH CARE CENTER,015157,2201 11TH AVENUE,HALEYVILLE,WINSTON,0,1,12,0,50,1,7,0
ARBOR WOODS HEALTH AND REHABILITATION,015141,515 2ND AVENUE NORTHWEST,REFORM,PICKENS,0,0,0,0,55,0,0,0
BIRMINGHAM NURSING AND REHABILITATION CENTER EAST,015134,733 MARY VANN LANE,BIRMINGHAM,JEFFERSON,0,0,5,0,120,1,0,0
WILLOWBROOKE CT SKILLED CARE CENTER WESTMINSTER VLG,015381,500 SPANISH FORT BLVD,SPANISH FORT,BALDWIN,8,0,4,1,35,6,2,0
CANTERBURY HEALTH CARE FACILITY,015382,1720 KNOWLES ROAD,PHENIX CITY,RUSSELL,0,0,0,0,121,0,0,0
LUVERNE HEALTH AND REHABILITATION,015336,142 WEST THIRD STREET,LUVERNE,CRENSHAW,1,5,21,0,126,5,16,0
ALLEN HEALTH AND REHABILITATION,015098,735 SOUTH WASHINGTON AVENUE,MOBILE,MOBILE,9,23,6,2,70,18,6,0
HENRY COUNTY HEALTH AND REHABILITATION FACILITY,015373,212 DOTHAN ROAD,ABBEVILLE,HENRY,13,48,24,3,88,13,44,0
ST MARTIN'S IN THE PINES,015433,4941 MONTEVALLO ROAD,BIRMINGHAM,JEFFERSON,0,0,7,0,104,0,0,0
DIVERSICARE OF MONTGOMERY,015040,2020 NORTH COUNTRY CLUB DRIVE,MONTGOMERY,MONTGOMERY,29,0,2,2,92,10,9,0
MOUNT ROYAL TOWERS,015455,300 ROYAL TOWER DRIVE,BIRMINGHAM,JEFFERSON,0,0,2,0,120,0,0,0
"NHC HEALTHCARE, MOULTON",015128,300 HOSPITAL STREET,MOULTON,LAWRENCE,0,0,0,0,105,0,0,0
RIDGEWOOD HEALTH SERVICES,015315,201 OAKHILL ROAD,JASPER,WALKER,0,0,10,0,79,0,0,0
EVERGREEN NURSING HOME,015089,100 SANDERS DRIVE,EVERGREEN,CONECUH,0,0,0,0,56,0,0,0
JACKSONVILLE HEALTH AND REHABILITATION,015391,410 WILSON DRIVE SOUTHWEST,JACKSONVILLE,CALHOUN,0,2,10,0,150,0,0,0
PLANTATION MANOR NURSING HOME,015015,6450 OLD TUSCALOOSA HIGHWAY   P O BOX 97,MC CALLA,JEFFERSON,0,0,1,0,82,0,0,0
FALKVILLE HEALTH CARE CENTER,015136,10 WEST 3RD STREET  PO BOX 409,FALKVILLE,MORGAN,0,2,0,0,94,0,6,0
TERRACE MANOR NURSING AND REHABILITATION CENTER,015066,390 UNDERWOOD ROAD,RUSSELLVILLE,FRANKLIN,0,3,0,0,51,0,14,0
SUNSET MANOR,015149,251 SUNSET PLACE,GUIN,MARION,0,4,3,0,65,0,0,0
WEST HILL HEALTH AND REHABILITATION,015303,1028 BESSEMER RD,BIRMINGHAM,JEFFERSON,0,0,0,0,74,0,0,0
HIGHLANDS HEALTH AND REHABILITATION,015012,380 WOODS COVE ROAD,SCOTTSBORO,JACKSON,1,27,7,0,42,2,24,0
SUMTER HEALTH AND REHABILITATION,015042,1505 EAST 4TH AVENUE,YORK,SUMTER,39,1,9,3,71,42,10,0
ALBERTVILLE NURSING HOME,015163,750 ALABAMA HIGHWAY 75 NORTH,ALBERTVILLE,MARSHALL,1,2,15,0,153,3,18,0
DIVERSICARE OF ARAB,015148,235 THIRD STREET SE,ARAB,MARSHALL,0,0,6,0,80,0,2,0
CYPRESS COVE CARE CENTER,015392,200 ALABAMA AVENUE,MUSCLE SHOALS,COLBERT,3,2,5,0,65,2,0,0
COOSA VALLEY HEALTHCARE CENTER,015010,260 WEST WALNUT STREET,SYLACAUGA,TALLADEGA,0,15,0,0,74,2,20,0
AHC MILLENIUM,015458,5275 MILLENNIUM DRIVE,HUNTSVILLE,MADISON,0,9,4,0,83,0,5,0
CHOCTAW HEALTH AND REHABILITATION,015164,1406 EAST PUSHMATAHA STREET,BUTLER,CHOCTAW,39,48,8,6,47,18,21,0
CRIMSON HEALTH AND REHABILITATION,015037,3312 WOODLEY ROAD,MONTGOMERY,MONTGOMERY,0,0,0,0,47,0,0,0
WALKER REHABILITATION CENTER,015408,350 NORTHEAST 4TH STREET     P O BOX 30,CARBON HILL,WALKER,0,0,0,0,51,0,0,0
MARENGO NURSING HOME,015330,608 NORTH MAIN STREET,LINDEN,MARENGO,0,0,1,0,66,5,3,0
AZALEA GARDENS OF MOBILE,015151,1758 SPRINGHILL AVE,MOBILE,MOBILE,4,1,0,0,91,4,4,0
HERITAGE HEALTH CARE AND REHABILITATION,015371,1101 SNOWS MILL AVENUE,TUSCALOOSA,TUSCALOOSA,0,16,13,0,148,0,14,0
OPP HEALTH AND REHABILITATION,015210,115 PAULK AVENUE  P O BOX 730,OPP,COVINGTON,0,2,17,0,158,0,4,0
CAREGIVERS OF PLEASANT GROVE,015044,700 FIRST AVENUE,PLEASANT GROVE,JEFFERSON,22,19,13,10,40,8,0,0
CROSSVILLE HEALTH AND REHABILITATION,015176,8922 HIGHWAY 227,CROSSVILLE,DEKALB,0,1,18,0,134,0,9,0
VALLEY VIEW HEALTH AND REHABILITATION,015431,5968 WALL TRIANA HIGHWAY,MADISON,MADISON,0,3,9,0,138,0,11,0
DIVERSICARE OF OXFORD,015132,1130 SOUTH HALE STREET,OXFORD,CALHOUN,0,0,2,0,137,0,0,0
WESTSIDE TERRACE HEALTH AND REHABILITATION CENTER,015425,501 NORTH WOODBURN DRIVE,DOTHAN,HOUSTON,0,3,5,0,142,0,4,0
ENTERPRISE HEALTH AND REHABILITATION CENTER,015320,300 PLAZA DRIVE P O BOX 311227,ENTERPRISE,COFFEE,0,0,28,0,185,2,4,0
BROOKDALE UNIVERSITY PARK SNF (AL),015423,501 UNIVERSITY PARK DRIVE,BIRMINGHAM,JEFFERSON,5,2,14,0,29,0,14,0
SHADESCREST HEALTH CARE CENTER,015114,331 WEST 25TH STREET,JASPER,WALKER,1,3,1,0,98,4,5,0
ASPIRE PHYSICAL RECOVERY CENTER AT HOOVER,015464,575 SOUTHLAND DRIVE,HOOVER,JEFFERSON,2,16,16,0,76,3,21,0
MCGUFFEY HEALTH AND REHABILITATION CENTER,015202,2301 RAINBOW DRIVE,GADSDEN,ETOWAH,0,9,4,0,139,0,9,0
PARK MANOR HEALTH AND REHABILITATION,015326,2201 MCFARLAND BOULEVARD,NORTHPORT,TUSCALOOSA,0,9,8,0,130,1,8,0
MONTGOMERY CHILDREN'S SPECIALTY CENTER,01A208,2853 FORBES DRIVE,MONTGOMERY,MONTGOMERY,1,0,0,0,45,7,1,0
PARK PLACE,015084,100 PARK PLACE,SELMA,DALLAS,1,0,1,1,88,4,0,0
FAYETTE MEDICAL CENTER LONG TERM CARE UNIT,015154,1653 TEMPLE AVENUE NORTH,FAYETTE,FAYETTE,0,2,2,0,103,1,0,0
WETUMPKA HEALTH AND REHABILITATION,015027,1825 HOLTVILLE ROAD,WETUMPKA,ELMORE,36,3,24,4,103,27,5,0
COLLINSVILLE HEALTHCARE AND REHABILITATION,015207,685 NORTH VALLEY AVE,COLLINSVILLE,DEKALB,0,2,0,0,153,5,4,0
MONTGOMERY HEALTH AND REHABILITATION,015228,4490 VIRGINIA LOOP ROAD,MONTGOMERY,MONTGOMERY,0,0,0,0,,0,0,0
LINEVILLE HEALTH AND REHABILITATION,015142,88073 HIGHWAY 9,LINEVILLE,CLAY,0,4,3,0,94,0,11,0
GLENWOOD CENTER,015147,211 ANA DRIVE,FLORENCE,LAUDERDALE,1,3,7,0,100,2,15,0
COOSA VALLEY HEALTH AND REHABILITATION,015174,513 PINEVIEW AVENUE,GLENCOE,ETOWAH,0,0,2,0,95,0,0,0
MOUNDVILLE HEALTH AND REHABILITATION,015187,THIRD AVENUE    P O BOX 607,MOUNDVILLE,HALE,0,0,12,0,62,0,4,0
AHAVA HEALTHCARE OF ALABASTER,015144,"850 9TH STREET, NORTHWEST",ALABASTER,SHELBY,0,3,0,0,153,0,13,0
SYLACAUGA HEALTH AND REHABILITATION SERVICES,015160,1007 W FORT WILLIAMS ST,SYLACAUGA,TALLADEGA,0,7,15,0,136,0,12,0
PHENIX CITY HEALTH CARE,015331,3900 LAKEWOOD DRIVE,PHENIX CITY,RUSSELL,0,0,2,0,76,0,1,0
HILLVIEW TERRACE,015436,100 PERRY HILL RD,MONTGOMERY,MONTGOMERY,44,7,24,6,105,36,0,0
CROWNE HEALTH CARE OF MONTGOMERY,015393,1837 UPPER WETUMPKA ROAD,MONTGOMERY,MONTGOMERY,1,0,9,0,149,3,4,0
ORCHARD REHABILITATION AND HEALTHCARE CENTER,015442,629 STATE HIGHWAY 21 SOUTH,HAYNEVILLE,LOWNDES,1,0,2,2,51,1,0,0
HENDRIX HEALTH AND REHABILITATION,015138,1000 HIGHWAY 33,DOUBLE SPRINGS,WINSTON,0,8,10,0,100,1,12,0
FALKVILLE HEALTH CARE CENTER,015136,10 WEST 3RD STREET  PO BOX 409,FALKVILLE,MORGAN,0,2,0,0,94,0,14,0
SUNSET MANOR,015149,251 SUNSET PLACE,GUIN,MARION,0,4,3,0,63,0,0,0
BIRMINGHAM NURSING AND REHABILITATION CENTER EAST,015134,733 MARY VANN LANE,BIRMINGHAM,JEFFERSON,0,0,5,0,121,1,0,0
SUMTER HEALTH AND REHABILITATION,015042,1505 EAST 4TH AVENUE,YORK,SUMTER,48,1,9,3,71,57,10,0
PIEDMONT HEALTH CARE CENTER,015194,30 ROUNDTREE DRIVE,PIEDMONT,CALHOUN,0,0,4,0,74,0,0,0
WEST HILL HEALTH AND REHABILITATION,015303,1028 BESSEMER RD,BIRMINGHAM,JEFFERSON,31,0,1,1,74,9,0,0
ASHLAND PLACE HEALTH AND REHABILITATION,015103,148 TUSCALOOSA ST,MOBILE,MOBILE,80,19,28,19,92,17,5,0
MONTGOMERY CHILDREN'S SPECIALTY CENTER,01A208,2853 FORBES DRIVE,MONTGOMERY,MONTGOMERY,1,0,0,0,46,7,1,0
BARON HOUSE OF HUEYTOWN,015404,190 BROOKLANE DRIVE,HUEYTOWN,JEFFERSON,3,0,13,11,22,23,23,0
PLANTATION MANOR NURSING HOME,015015,6450 OLD TUSCALOOSA HIGHWAY   P O BOX 97,MC CALLA,JEFFERSON,0,0,1,0,85,0,0,0
ALBERTVILLE NURSING HOME,015163,750 ALABAMA HIGHWAY 75 NORTH,ALBERTVILLE,MARSHALL,2,4,15,0,154,4,19,0
ASPIRE PHYSICAL RECOVERY CENTER OF WEST ALABAMA,015465,2400 HOSPITAL DRIVE,NORTHPORT,TUSCALOOSA,1,0,4,0,53,1,10,0
EAST GLEN,015388,53 MEDICAL PARK DRIVE EAST,BIRMINGHAM,JEFFERSON,0,0,0,0,96,0,0,0
MOUNT ROYAL TOWERS,015455,300 ROYAL TOWER DRIVE,BIRMINGHAM,JEFFERSON,0,0,3,0,117,0,0,0
"NHC HEALTHCARE, MOULTON",015128,300 HOSPITAL STREET,MOULTON,LAWRENCE,0,0,0,0,104,0,0,0
LITTLE SISTERS OF THE POOR SACRED HEART RESIDENCE,015168,1655 MCGILL AVENUE,MOBILE,MOBILE,0,0,0,0,69,0,0,0
BARFIELD HEALTH CARE,015225,22444 HIGHWAY 431,GUNTERSVILLE,MARSHALL,0,7,26,0,106,0,19,0
ALLEN HEALTH AND REHABILITATION,015098,735 SOUTH WASHINGTON AVENUE,MOBILE,MOBILE,9,23,6,2,71,18,6,0
GENERATIONS OF RED BAY,015201,106 TENTH AVENUE NORTHWEST,RED BAY,FRANKLIN,1,2,8,0,61,1,32,0
HENRY COUNTY HEALTH AND REHABILITATION FACILITY,015373,212 DOTHAN ROAD,ABBEVILLE,HENRY,19,53,24,3,85,17,50,0
CAMDEN NURSING FACILITY,015374,210 PONDEROSA DRIVE,CAMDEN,WILCOX,23,4,9,6,53,20,6,0
JACKSONVILLE HEALTH AND REHABILITATION,015391,410 WILSON DRIVE SOUTHWEST,JACKSONVILLE,CALHOUN,0,2,10,0,150,0,0,0
ARBOR WOODS HEALTH AND REHABILITATION,015141,515 2ND AVENUE NORTHWEST,REFORM,PICKENS,0,0,0,0,55,0,0,0
WILLOWBROOKE CT SKILLED CARE CENTER WESTMINSTER VLG,015381,500 SPANISH FORT BLVD,SPANISH FORT,BALDWIN,8,0,5,1,35,6,2,0
CANTERBURY HEALTH CARE FACILITY,015382,1720 KNOWLES ROAD,PHENIX CITY,RUSSELL,0,0,0,0,121,0,0,0
VILLAGE AT COOK SPRINGS SKILLED NURSING FACILITY,015195,415 COOK SPRINGS,PELL CITY,ST. CLAIR,0,4,1,0,132,2,5,0
OAK PARK,015452,1365 GATEWOOD DRIVE,AUBURN,LEE,0,5,2,0,79,0,7,0
TALLASSEE HEALTH AND REHABILITATION,015139,2639 GILMER AVENUE  P O BOX 780277,TALLASSEE,ELMORE,1,0,16,0,86,1,7,0
EASTERN SHORE REHABILITATION AND HEALTH CENTER,015049,"101 VILLA DRIVE, P O BOX 1090",DAPHNE,BALDWIN,4,16,19,0,83,6,2,0
COOSA VALLEY HEALTH AND REHABILITATION,015174,513 PINEVIEW AVENUE,GLENCOE,ETOWAH,0,0,2,0,97,0,0,0
PARK MANOR HEALTH AND REHABILITATION,015326,2201 MCFARLAND BOULEVARD,NORTHPORT,TUSCALOOSA,0,9,8,0,130,3,10,0
LAFAYETTE NURSING HOME,015414,555 B STREET SW,LAFAYETTE,CHAMBERS,3,0,4,0,49,0,0,0
RIVER CITY CENTER,015113,1350 FOURTEENTH AVENUE SOUTHEAST,DECATUR,MORGAN,20,2,13,0,132,4,0,0
BROOKDALE UNIVERSITY PARK SNF (AL),015423,501 UNIVERSITY PARK DRIVE,BIRMINGHAM,JEFFERSON,5,2,14,0,31,0,14,0
SHADESCREST HEALTH CARE CENTER,015114,331 WEST 25TH STREET,JASPER,WALKER,4,6,1,0,89,10,12,0
FLORENCE NURSING AND REHABILITATION CENTER,015169,2107 CLOYD BLVD,FLORENCE,LAUDERDALE,3,12,10,1,138,0,1,0
MONTGOMERY HEALTH AND REHABILITATION,015228,4490 VIRGINIA LOOP ROAD,MONTGOMERY,MONTGOMERY,0,0,0,0,,0,0,0
LINEVILLE HEALTH AND REHABILITATION,015142,88073 HIGHWAY 9,LINEVILLE,CLAY,0,5,4,0,94,0,12,0
ADAMS NURSING HOME,015386,1555 HILLABEE STREET,ALEXANDER CITY,TALLAPOOSA,0,0,1,0,59,2,6,0
PALM GARDENS HEALTH AND REHABILITATION,015403,3104 DAUPHIN SQUARE CONNECTOR,MOBILE,MOBILE,0,5,10,0,85,2,4,0
CULLMAN HEALTH CARE CENTER,015048,1607 MAIN AVE NE,CULLMAN,CULLMAN,0,0,3,0,76,0,15,0
LEGACY HEALTH AND REHABILITATION OF PLEASANT GROVE,015461,30 7TH STREET,PLEASANT GROVE,JEFFERSON,1,30,7,0,118,4,8,0
MEADOWVIEW NURSING CENTER,015400,7300 OLD HIGHWAY 78 EAST,PELL CITY,ST. CLAIR,0,4,0,0,53,0,4,0
MARENGO NURSING HOME,015330,608 NORTH MAIN STREET,LINDEN,MARENGO,0,0,2,0,65,5,3,0
ALTOONA HEALTH AND REHABILITATION,015101,6532 WALNUT GROVE ROAD,ALTOONA,ETOWAH,1,0,0,0,49,0,0,0
GENERATIONS OF VERNON,015227,1050 CONVALESCENT ROAD,VERNON,LAMAR,0,2,0,0,112,0,2,0
WESTSIDE TERRACE HEALTH AND REHABILITATION CENTER,015425,501 NORTH WOODBURN DRIVE,DOTHAN,HOUSTON,0,4,5,0,137,0,6,0
CHOCTAW HEALTH AND REHABILITATION,015164,1406 EAST PUSHMATAHA STREET,BUTLER,CHOCTAW,46,49,10,8,45,20,24,0
DIVERSICARE OF ARAB,015148,235 THIRD STREET SE,ARAB,MARSHALL,0,0,7,0,81,0,2,0
CYPRESS COVE CARE CENTER,015392,200 ALABAMA AVENUE,MUSCLE SHOALS,COLBERT,3,2,5,0,74,2,0,0
OPP HEALTH AND REHABILITATION,015210,115 PAULK AVENUE  P O BOX 730,OPP,COVINGTON,0,4,17,0,158,0,5,0
CAREGIVERS OF PLEASANT GROVE,015044,700 FIRST AVENUE,PLEASANT GROVE,JEFFERSON,23,20,14,11,40,8,0,0
MOBILE NURSING AND REHABILITATION CENTER,015379,7020 BRUNS DRIVE,MOBILE,MOBILE,0,1,0,0,102,1,2,0
OZARK HEALTH AND REHABILITATION,015208,312 BRYAN DRIVE,OZARK,DALE,0,1,13,0,132,0,3,0
DIVERSICARE OF BESSEMER,015209,820 GOLF COURSE ROAD,BESSEMER,JEFFERSON,62,2,34,26,116,38,3,1
DIVERSICARE OF RIVERCHASE,015145,2500 RIVERHAVEN DRIVE,BIRMINGHAM,JEFFERSON,61,24,14,12,87,28,9,0
LYNWOOD NURSING HOME,015434,4164 HALLS MILL ROAD,MOBILE,MOBILE,55,0,20,18,72,38,9,0
SOUTH HEALTH AND REHABILITATION,015097,1220 SOUTH 17TH STREET,BIRMINGHAM,JEFFERSON,0,1,2,0,68,2,3,0
GALLERIA WOODS SKILLED NURSING FACILITY,015459,3850 GALLERIA WOODS DRIVE,BIRMINGHAM,JEFFERSON,0,0,1,0,26,3,0,0
TRUSSVILLE HEALTH AND REHABILITATION CENTER,015467,119 WATTERSON PARKWAY,TRUSSVILLE,JEFFERSON,0,0,5,0,96,0,0,0
NORTHSIDE HEALTH CARE,015223,700 HUTCHINS AVENUE,GADSDEN,ETOWAH,0,0,0,0,88,0,2,0
CROWNE HEALTH CARE OF MOBILE,015100,954 NAVCO ROAD,MOBILE,MOBILE,5,0,8,5,99,2,1,1
"NHC HEALTHCARE, ANNISTON",015120,2300 COLEMAN RD,ANNISTON,CALHOUN,0,4,32,0,133,1,31,0
ENGLEWOOD HEALTH CARE CENTER,015322,2046 SOUTH ALABAMA AVE,MONROEVILLE,MONROE,0,2,4,0,73,1,9,0
CHARLTON PLACE REHABILITATION AND HEALTHCARE CENTER,015460,65 CHARLTON PLACE,DEATSVILLE,ELMORE,1,0,0,0,46,1,0,0
COTTAGE OF THE SHOALS,015067,500 JOHN ALDRIDGE DRIVE,TUSCUMBIA,COLBERT,3,0,5,0,68,5,3,0
CHEROKEE COUNTY HEALTH AND REHABILITATION CENTER,015200,877 CEDAR BLUFF ROAD,CENTRE,CHEROKEE,12,0,14,4,148,5,0,0
LONGLEAF HEALTH AND REHABILITATION,015469,1300 E SOUTH BLVD,MONTGOMERY,MONTGOMERY,,,,,,,,
KNOLLWOOD HEALTHCARE,015463,3151-A KNOLLWOOD DRIVE,MOBILE,MOBILE,20,18,15,13,46,14,32,0
SOUTHERN SPRINGS HEALTHCARE FACILITY,015171,745 SOUTHERN SPRINGS ROAD,UNION SPRINGS,BULLOCK,52,42,11,8,84,24,6,0
CROWNE HEALTH CARE OF FT PAYNE,015156,403 13TH STREET NORTHWEST,FORT PAYNE,DEKALB,0,0,0,0,107,0,0,0
OAKVIEW MANOR HEALTH CARE CENTER,015216,929 MIXON SCHOOL ROAD,OZARK,DALE,0,7,11,0,116,2,6,0
MAGNOLIA HAVEN HEALTH AND REHABILITATION CENTER,015112,603 WRIGHT STREET,TUSKEGEE,MACON,,,,,,,,
SOUTH HAVEN HEALTH AND REHABILITATION,015321,3141 OLD COLUMBIANA ROAD,BIRMINGHAM,JEFFERSON,57,18,22,16,53,29,2,0
BIBB MED CENTER NURSING HOME,015215,208 PIERSON AVE,CENTREVILLE,BIBB,0,0,3,0,115,0,0,0
SELF HEALTH CARE AND REHABILITATION CENTER,015212,131 EAST CREST ROAD,HUEYTOWN,JEFFERSON,0,0,0,0,63,0,0,0
ALICEVILLE MANOR NURSING HOME,015137,703 17TH STREET NORTHWEST,ALICEVILLE,PICKENS,0,5,0,0,79,1,9,0
CORDOVA HEALTH AND REHABILITATION,015115,70 HIGHLAND STREET WEST,CORDOVA,WALKER,0,3,14,0,108,0,18,0
ROBERTSDALE REHABILITATION AND HEALTHCARE CENTER,015443,18700 U S HIGHWAY 90,ROBERTSDALE,BALDWIN,0,0,0,0,119,0,0,0
ATMORE NURSING CENTER,015129,715 EAST LAUREL STREET,ATMORE,ESCAMBIA,27,0,4,3,75,14,6,0
DIVERSICARE OF FOLEY,015032,1701 NORTH ALSTON STREET,FOLEY,BALDWIN,0,0,0,0,118,0,4,0
MAGNOLIA RIDGE,015133,420 DEAN DRIVE,GARDENDALE,JEFFERSON,9,1,4,0,114,4,0,0
GREENBRIAR AT THE ALTAMONT SKILLED NURSING FACILIT,015446,2831 HIGHLAND AVENUE SOUTH,BIRMINGHAM,JEFFERSON,7,0,2,1,78,15,0,0
REGENCY HEALTH CARE AND REHABILITATION CENTER,015372,"2061 POOLE DRIVE, NW",HUNTSVILLE,MADISON,1,1,0,0,53,0,1,0
SPRINGHILL SENIOR RESIDENCE,015435,3717 DAUPHIN STREET,MOBILE,MOBILE,0,25,7,0,69,3,50,0
TROY HEALTH AND REHABILITATION CENTER,015213,515 ELBA HIGHWAY,TROY,PIKE,18,45,9,0,141,6,33,0
DADEVILLE HEALTHCARE CENTER,015166,351 NORTH EAST STREET,DADEVILLE,TALLAPOOSA,48,2,7,6,70,16,1,0
SOUTHLAND NURSING HOME,015104,500 SHIVERS TERRACE,MARION,PERRY,,,,,,,,
MADISON MANOR NURSING HOME,015214,3891 SULLIVAN ST,MADISON,MADISON,0,7,4,0,69,0,5,0
ASPIRE PHYSICAL RECOVERY CENTER AT CAHABA RIVER,015468,3070 HEALTHY WAY,VESTAVIA,JEFFERSON,2,1,11,0,101,0,2,0
NORTH HILL NURSING AND REHABILITATION CENTER,015091,200 NORTH PINE HILL ROAD,BIRMINGHAM,JEFFERSON,13,12,6,4,163,3,1,0
OAK TRACE CARE AND REHABILITATION CENTER,015050,325 SELMA ROAD,BESSEMER,JEFFERSON,0,0,2,0,70,0,0,0
DIVERSICARE OF BIG SPRINGS,015111,500 ST. CLAIR AVENUE SOUTHWEST,HUNTSVILLE,MADISON,0,4,0,0,107,0,7,0
ARLINGTON REHABILITATION AND HEALTHCARE CENTER,015153,"1020 TUSCALOOSA AVENUE, SW",BIRMINGHAM,JEFFERSON,0,0,0,0,99,0,0,0
HALEYVILLE HEALTH CARE CENTER,015157,2201 11TH AVENUE,HALEYVILLE,WINSTON,0,1,13,0,49,1,7,0
FATHER PURCELL MEMORIAL EXCEPTIONAL CHILDREN'S CENTER,01A193,2048 W FAIRVIEW AVE,MONTGOMERY,MONTGOMERY,0,0,0,0,47,1,0,0
LAUDERDALE CHRISTIAN NURSING HOME,015361,2019 COUNTY ROAD 394,KILLEN,LAUDERDALE,0,3,2,0,53,0,3,0
TRAYLOR RETIREMENT COMMUNITY,015126,1235 YANCEY STREET  P O BOX 467,ROANOKE,RANDOLPH,35,0,8,6,86,14,0,0
"FOLSOM CENTER FOR REHABILITATION AND HEALTHCARE, T",015437,401 ARNOLD STREET N.E.,CULLMAN,CULLMAN,2,21,19,0,75,2,36,0
OAKS ON PARKWOOD SKILLED NURSING FACILITY,015369,2625 LAUREL OAK DRIVE,BESSEMER,JEFFERSON,0,0,29,0,114,1,3,0
BROWN NURSING HOME,015191,2334 WASHINGTON STREET,ALEXANDER CITY,TALLAPOOSA,0,0,2,0,66,0,4,0
BROOKSHIRE HEALTHCARE CENTER,015127,4320 JUDITH LANE,HUNTSVILLE,MADISON,0,0,0,0,115,0,0,0
BIRMINGHAM NURSING AND REHABILITATION CENTER,015217,1000 DUGAN AVENUE,BIRMINGHAM,JEFFERSON,0,12,6,0,126,0,11,0
FOREST MANOR HEALTH AND REHABILITATION,015143,2215 32ND STREET,NORTHPORT,TUSCALOOSA,26,12,11,3,120,22,28,0
MITCHELL-HOLLINGSWORTH NURSING AND REHABILITATION,015031,805 FLAGG CIRCLE,FLORENCE,LAUDERDALE,0,12,11,0,176,5,28,0
WOODLAND VILLAGE REHABILITATION AND HEALTHCARE CENTER,015383,1900 OLIVE STREET,CULLMAN,CULLMAN,1,10,29,0,114,1,30,0
CROWNE HEALTH CARE OF EUFAULA,015199,430 RIVERS AVENUE,EUFAULA,BARBOUR,42,22,8,2,135,9,15,0
TWIN OAKS REHABILITATION AND HEALTHCARE CENTER,015211,857 CRAWFORD LANE,MOBILE,MOBILE,3,0,0,0,115,4,0,0
NORTH MOBILE NURSING AND REHABILITATION CENTER,015183,4525 ST STEPHENS ROAD,EIGHT MILE,MOBILE,45,36,17,13,118,17,26,0
CROWNE HEALTH CARE OF CITRONELLE,015121,19225 NORTH 4TH STREET,CITRONELLE,MOBILE,0,0,1,0,65,0,0,0
TLC NURSING CENTER,015422,212 ELLEN STREET,ONEONTA,BLOUNT,1,0,7,0,95,1,0,0
FLORALA HEALTH AND REHABILITATION,015451,23621 GOLDENROD AVENUE,FLORALA,COVINGTON,0,0,6,0,73,0,1,0
FAIRHOPE HEALTH AND REHABILITATION,015222,108 SOUTH CHURCH STREET,FAIRHOPE,BALDWIN,0,0,0,0,61,0,0,0
ARBOR SPRINGS HEALTH AND REHABILITATION CENTER,015192,1910 PEPPERELL PKWY,OPELIKA,LEE,68,0,47,19,108,42,1,0
CHERRY HILL REHABILITATION AND HEALTHCARE CENTER,015445,1250 JEFF GERMANY PARKWAY,BIRMINGHAM,JEFFERSON,,,,,,,,
EAST ALABAMA MEDICAL CENTER SKILLED NURSING FACILI,015410,2000 PEPPERELL PARKWAY,OPELIKA,LEE,2,0,3,0,22,0,1,0
CRIMSON HEALTH AND REHABILITATION,015037,3312 WOODLEY ROAD,MONTGOMERY,MONTGOMERY,0,0,0,0,48,1,0,0
GADSDEN HEALTH AND REHABILITATION CENTER,015180,1945 DAVIS DRIVE,GADSDEN,ETOWAH,1,0,3,0,141,0,0,0
CHAPMAN HEALTHCARE CENTER,015221,3701 DADEVILLE ROAD,ALEXANDER CITY,TALLAPOOSA,6,0,3,1,141,4,0,0
RUSSELLVILLE HEALTH CARE,015071,705 NORTHEAST GANDY STREET,RUSSELLVILLE,FRANKLIN,0,6,1,0,45,2,17,0
LIGHTHOUSE REHABILITATION AND HEALTHCARE CENTER,015413,2911 EARL GOODWIN PARKWAY,SELMA,DALLAS,0,0,3,0,64,0,0,0
SIGNATURE HEALTHCARE OF WHITESBURG GARDENS,015116,105 TEAKWOOD DRIVE SW,HUNTSVILLE,MADISON,0,0,0,0,115,0,0,0
HIGHLANDS HEALTH AND REHABILITATION,015012,380 WOODS COVE ROAD,SCOTTSBORO,JACKSON,2,27,7,0,44,3,25,0
JOHN KNOX MANOR INC I I,015135,4401 NARROW LANE ROAD,MONTGOMERY,MONTGOMERY,0,1,0,0,55,1,4,0
HARTFORD HEALTH CARE,015419,217 TORO ROAD,HARTFORD,GENEVA,0,0,0,0,78,0,1,0
SOUTH HAMPTON NURSING AND REHABILITATION CENTER,015448,213 WILSON MANN ROAD,OWENS CROSS ROADS,MADISON,0,1,3,0,59,0,5,0
DIVERSICARE OF LANETT,015196,702 SOUTH 13TH STREET,LANETT,CHAMBERS,0,1,15,0,76,2,2,0
TERRACE MANOR NURSING AND REHABILITATION CENTER,015066,390 UNDERWOOD ROAD,RUSSELLVILLE,FRANKLIN,0,3,0,0,51,0,14,0
CROWNE HEALTH CARE OF THOMASVILLE,015220,1425 MOSLEY DRIVE,THOMASVILLE,CLARKE,3,0,0,0,67,7,0,0
SHELBY RIDGE NURSING HOME,015411,881 3RD STREET NORTHEAST,ALABASTER,SHELBY,23,42,20,3,114,15,28,0
LAFAYETTE EXTENDED CARE,015197,805 HOSPITAL STREET SOUTHWEST,LAFAYETTE,CHAMBERS,0,0,1,1,55,0,1,0
PERRY COUNTY NURSING HOME,015158,505 EAST LAFAYETTE STREET,MARION,PERRY,0,1,0,0,63,4,1,0
EVERGREEN NURSING HOME,015089,100 SANDERS DRIVE,EVERGREEN,CONECUH,0,0,0,0,56,1,0,0
GOODWATER HEALTHCARE CENTER,015204,16 JONES HILL ROAD,GOODWATER,COOSA,0,0,0,0,62,0,0,0
HUNTSVILLE HEALTH AND REHABILITATION,015440,4010 CHRIS DRIVE,HUNTSVILLE,MADISON,0,3,7,0,86,0,5,0
WILLOWBROOKE CT SKILLED CARE CENTER AT MAGNOLIA TRACE,015450,ONE CROWN CIRCLE,HUNTSVILLE,MADISON,0,0,2,0,44,0,0,0
RIDGEVIEW HEALTH SERVICES,015155,"907 11TH STREET, NE",JASPER,WALKER,7,0,2,0,131,4,9,0
ST MARTIN'S IN THE PINES,015433,4941 MONTEVALLO ROAD,BIRMINGHAM,JEFFERSON,0,0,8,0,105,0,0,0
DIVERSICARE OF MONTGOMERY,015040,2020 NORTH COUNTRY CLUB DRIVE,MONTGOMERY,MONTGOMERY,34,0,3,3,88,10,9,0
CLOVERDALE REHABILITATION AND NURSING CENTER,015184,412 CLOVERDALE ROAD,SCOTTSBORO,JACKSON,1,3,18,0,123,0,14,0
CROWNE HEALTH CARE OF SPRINGHILL,015426,3712 DAUPHIN ST,MOBILE,MOBILE,0,0,0,0,14,0,0,0
CLAY COUNTY NURSING HOME,015124,83825 HIGHWAY 9   P O BOX 1270,ASHLAND,CLAY,0,1,0,0,72,0,3,0
CUMBERLAND HEALTH AND REHABILITATION,015420,47065 AL HIGHWAY 277,BRIDGEPORT,JACKSON,0,0,0,0,85,0,0,0
LUVERNE HEALTH AND REHABILITATION,015336,142 WEST THIRD STREET,LUVERNE,CRENSHAW,1,15,22,0,126,5,17,0
JACKSON HEALTH CARE FACILITY,015188,2616 NORTH COLLEGE AVENUE,JACKSON,CLARKE,0,7,11,0,72,0,8,0
HUNTER CREEK HEALTH AND REHABILITATION,015034,600 34TH ST,NORTHPORT,TUSCALOOSA,42,5,3,1,68,10,6,0
DIVERSICARE OF PELL CITY,015189,"510 WOLF CREEK ROAD, NORTH",PELL CITY,ST. CLAIR,0,0,1,0,73,0,0,0
EAMC LANIER NURSING HOME,015045,4800 48TH STREET,VALLEY,CHAMBERS,0,11,10,0,90,7,26,0
PARK PLACE,015084,100 PARK PLACE,SELMA,DALLAS,2,0,1,1,89,4,0,0
GLENWOOD CENTER,015147,211 ANA DRIVE,FLORENCE,LAUDERDALE,1,3,9,0,101,2,16,0
SYLACAUGA HEALTH AND REHABILITATION SERVICES,015160,1007 W FORT WILLIAMS ST,SYLACAUGA,TALLADEGA,0,7,16,0,138,0,12,0
HILLVIEW TERRACE,015436,100 PERRY HILL RD,MONTGOMERY,MONTGOMERY,44,7,25,6,112,36,0,0
NORTHWAY HEALTH AND REHABILITATION,015047,1424 NORTH 25TH STREET,BIRMINGHAM,JEFFERSON,0,5,6,0,104,0,1,0
MCGUFFEY HEALTH AND REHABILITATION CENTER,015202,2301 RAINBOW DRIVE,GADSDEN,ETOWAH,0,10,6,0,138,0,10,0
BURNS NURSING HOME,015009,701 MONROE STREET NW,RUSSELLVILLE,FRANKLIN,45,1,4,4,43,35,13,0
MOUNDVILLE HEALTH AND REHABILITATION,015187,THIRD AVENUE    P O BOX 607,MOUNDVILLE,HALE,0,3,12,0,62,1,5,0
KENSINGTON HEALTH AND REHABILITATION,015429,550 CONGRESS STREET,MOBILE,MOBILE,13,2,3,1,106,13,8,0
VALLEY VIEW HEALTH AND REHABILITATION,015431,5968 WALL TRIANA HIGHWAY,MADISON,MADISON,0,3,9,0,138,0,12,0
CLEBURNE COUNTY NURSING HOME,015053,122 BROCKFORD ROAD,HEFLIN,CLEBURNE,,,,,,,,
FAYETTE MEDICAL CENTER LONG TERM CARE UNIT,015154,1653 TEMPLE AVENUE NORTH,FAYETTE,FAYETTE,0,2,2,0,104,1,0,0
CROWNE HEALTH CARE OF MONTGOMERY,015393,1837 UPPER WETUMPKA ROAD,MONTGOMERY,MONTGOMERY,2,0,9,0,151,4,4,0
FAIR HAVEN,015076,1424 MONTCLAIR ROAD,BIRMINGHAM,JEFFERSON,0,1,10,1,222,0,0,0
WETUMPKA HEALTH AND REHABILITATION,015027,1825 HOLTVILLE ROAD,WETUMPKA,ELMORE,39,3,25,4,103,28,5,0
ASPIRE PHYSICAL RECOVERY CENTER AT HOOVER,015464,575 SOUTHLAND DRIVE,HOOVER,JEFFERSON,2,16,16,0,76,3,21,0
ATTALLA HEALTH AND REHABILITATION,015203,915 STEWART AVENUE SOUTHEAST,ATTALLA,ETOWAH,0,0,8,0,142,0,0,0
AHC MILLENIUM,015458,5275 MILLENNIUM DRIVE,HUNTSVILLE,MADISON,0,9,4,0,85,0,5,0
ENTERPRISE HEALTH AND REHABILITATION CENTER,015320,300 PLAZA DRIVE P O BOX 311227,ENTERPRISE,COFFEE,0,0,31,0,180,3,6,0
HERITAGE HEALTH CARE AND REHABILITATION,015371,1101 SNOWS MILL AVENUE,TUSCALOOSA,TUSCALOOSA,0,19,15,0,144,0,15,0
PARKWOOD HEALTH CARE FACILITY,015179,3301 STADIUM DRIVE,PHENIX CITY,RUSSELL,0,2,16,0,67,1,6,0
DIVERSICARE OF OXFORD,015132,1130 SOUTH HALE STREET,OXFORD,CALHOUN,0,0,2,0,127,0,0,0
CROSSVILLE HEALTH AND REHABILITATION,015176,8922 HIGHWAY 227,CROSSVILLE,DEKALB,0,4,19,0,134,0,10,0
HATLEY HEALTH CARE,015023,300 MEDICAL CENTER DRIVE,CLANTON,CHILTON,0,8,2,0,124,0,6,0
WALKER REHABILITATION CENTER,015408,350 NORTHEAST 4TH STREET     P O BOX 30,CARBON HILL,WALKER,0,0,0,0,49,0,0,0
COLLINSVILLE HEALTHCARE AND REHABILITATION,015207,685 NORTH VALLEY AVE,COLLINSVILLE,DEKALB,0,3,0,0,152,5,6,0
CIVIC CENTER HEALTH AND REHABILITATION,015109,1201 22ND STREET NORTH,BIRMINGHAM,JEFFERSON,0,4,6,0,85,1,0,0
GULF COAST HEALTH AND REHABILITATION,015456,8002 GRELOT ROAD,MOBILE,MOBILE,1,9,4,0,79,5,1,0
EL REPOSO NURSING FACILITY,015402,260 MILNER CHAPEL ROAD,FLORENCE,LAUDERDALE,0,1,4,0,59,0,3,0
COOSA VALLEY HEALTHCARE CENTER,015010,260 WEST WALNUT STREET,SYLACAUGA,TALLADEGA,0,15,0,0,77,2,21,0
DIVERSICARE OF ONEONTA,015159,215 VALLEY ROAD,ONEONTA,BLOUNT,4,0,6,0,103,1,6,0
WASHINGTON COUNTY NURSING HOME,015123,14600 ST STEPHENS AVENUE,CHATOM,WASHINGTON,19,19,4,4,74,8,12,1
GRAND BAY CONVALESCENT HOME,015406,13750 HIGHWAY 90 WEST P.O. BOX 328,GRAND BAY,MOBILE,0,2,5,0,56,0,0,0
TERRACE OAKS CARE AND REHABILITATION CENTER,015060,4201 BESSEMER SUPER HIGHWAY,BESSEMER,JEFFERSON,0,0,0,0,55,0,0,0
SANCTUARY AT THE WOODLANDS,015471,1910 CHEROKEE  AVENUE SW,CULLMAN,CULLMAN,,,,,,,,
MARION REGIONAL NURSING HOME,015167,184 SASSER DRIVE,HAMILTON,MARION,34,37,18,7,58,23,50,1
ATHENS HEALTH AND REHABILITATION,015016,611 WEST MARKET STREET,ATHENS,LIMESTONE,0,5,23,0,117,0,11,0
MONROE MANOR HEALTH AND REHABILITATION CENTER,015398,236 WEST CLAIBORNE STREET,MONROEVILLE,MONROE,0,0,0,0,73,5,7,0
MONTROSE BAY HEALTH AND REHABILITATION,015447,22670 MAIN STREET,FAIRHOPE,BALDWIN,0,0,0,0,63,0,0,0
FAIRVIEW AT REDSTONE VILLAGE,015454,12000 TURNMEYER DRIVE,HUNTSVILLE,MADISON,0,2,3,0,49,0,3,0
CROWNE HEALTH CARE OF GREENVILLE,015193,408 COUNTRY CLUB DRIVE,GREENVILLE,BUTLER,57,11,21,19,48,29,6,0
CAPITOL HILL HEALTHCARE CENTER,015390,520 SOUTH HULL STREET,MONTGOMERY,MONTGOMERY,3,1,7,1,204,6,0,0
SELMA HEALTH AND REHABILITATION,015119,11 BELL ROAD,SELMA,DALLAS,0,0,0,0,13,0,0,0
EASTVIEW REHABILITATION AND HEALTHCARE CENTER,015014,7755 FOURTH AVENUE SOUTH,BIRMINGHAM,JEFFERSON,0,0,1,0,79,0,0,0
COLONIAL HAVEN CARE AND REHABILITATION CENTER,015396,616 ARMORY STREET,GREENSBORO,HALE,33,0,10,8,58,23,0,1
DECATUR HEALTH AND REHABILITATION CENTER,015206,2326 MORGAN AVENUE SOUTHWEST,DECATUR,MORGAN,0,43,0,0,82,2,15,0
EXTENDICARE HEALTH CENTER,015152,950 SOUTH ST. ANDREWS STREET,DOTHAN,HOUSTON,2,14,20,0,140,1,19,0
PRATTVILLE HEALTH AND REHABILITATION,015065,601 JASMINE TRAIL,PRATTVILLE,AUTAUGA,15,10,19,1,125,9,12,0
AZALEA GARDENS OF MOBILE,015151,1758 SPRINGHILL AVE,MOBILE,MOBILE,8,1,0,0,91,5,4,0
WOODHAVEN MANOR NURSING HOME,015177,105 WEST WINDSOR ST,DEMOPOLIS,MARENGO,5,10,2,1,58,1,13,0
ROANOKE REHABILITATION AND HEALTHCARE CENTER,015424,680 SEYMOUR DRIVE,ROANOKE,RANDOLPH,0,0,0,0,55,2,0,0
WINDSOR HOUSE,015397,4411 MCALLISTER DRIVE,HUNTSVILLE,MADISON,0,0,0,0,100,0,0,0
KIRKWOOD BY THE RIVER,015457,3605 RATLIFF ROAD,BIRMINGHAM,JEFFERSON,0,0,0,0,44,0,0,0
GLEN HAVEN HEALTH AND REHABILITATION,015186,2201 32ND STREET,NORTHPORT,TUSCALOOSA,0,13,13,0,180,1,6,0
MERRY WOOD LODGE,015019,P O BOX 130,ELMORE,ELMORE,6,39,4,0,83,7,9,0
DIVERSICARE OF BOAZ,015063,600 CORLEY AVENUE,BOAZ,MARSHALL,2,0,3,0,90,8,0,0
PHENIX CITY HEALTH CARE,015331,3900 LAKEWOOD DRIVE,PHENIX CITY,RUSSELL,0,0,2,0,76,0,1,0
SUMMERFORD NURSING HOME,015075,4087 HIGHWAY 31 SOUTHWEST,FALKVILLE,MORGAN,2,23,32,0,189,3,54,0
OAKWOOD-NORTH BALDWIN'S CENTER FOR LIVING,015417,2010 MEDICAL CENTER DRIVE,BAY MINETTE,BALDWIN,0,5,0,0,67,0,7,0
AHAVA HEALTHCARE OF ALABASTER,015144,"850 9TH STREET, NORTHWEST",ALABASTER,SHELBY,0,3,0,0,153,0,14,0
ANNISTON HEALTH AND REHABILITATION SERVICES,015375,600 E 8TH STREET,ANNISTON,CALHOUN,0,0,1,0,56,1,0,0
WESLEY PLACE ON HONEYSUCKLE,015175,718 HONEYSUCKLE ROAD,DOTHAN,HOUSTON,0,4,0,0,153,2,18,0
MARSHALL MANOR NURSING HOME,015378,3120 NORTH STREET,GUNTERSVILLE,MARSHALL,0,2,12,0,71,1,3,0
DIVERSICARE OF WINFIELD,015376,144 COUNTY HWY 14,WINFIELD,MARION,0,0,2,0,101,1,0,0
RIDGEWOOD HEALTH SERVICES,015315,201 OAKHILL ROAD,JASPER,WALKER,1,1,10,0,78,0,0,0
ELBA NURSING AND REHABILITATION CENTER,015083,987 DRAYTON STREET,ELBA,COFFEE,1,3,4,0,102,3,4,0
KELLER LANDING,015028,813 KELLER LANE,TUSCUMBIA,COLBERT,4,1,2,0,70,10,1,0
WEST GATE VILLAGE,015035,100 PINEVIEW AND THIRD P.O. BOX 49,BREWTON,ESCAMBIA,0,3,0,0,110,0,6,0
WIREGRASS REHABILITATION CENTER AND NURSING HOME,015150,1200 MAPLE AVENUE WEST,GENEVA,GENEVA,0,0,4,0,86,0,6,0
GREENE COUNTY NURSING HOME,015178,509 WILSON AVE,EUTAW,GREENE,20,0,8,8,40,0,0,0
TALLADEGA HEALTHCARE CENTER,015162,616 CHAFFEE STREET,TALLADEGA,TALLADEGA,2,39,0,0,195,0,24,0
HEALTH CARE,015407,P O BOX 130,ASHVILLE,ST. CLAIR,0,0,0,0,48,0,1,0
OAK KNOLL HEALTH AND REHABILITATION,015117,824 SIXTH AVENUE WEST,BIRMINGHAM,JEFFERSON,0,0,4,0,91,0,0,0
HANCEVILLE NURSING AND REHABILITATION CENTER,015073,420 MAIN STREET NE,HANCEVILLE,CULLMAN,0,0,1,0,196,2,5,0
SENIOR REHABILITATION AND RECOVERY AT LIMESTONE HEALTH FACILI,015024,1600 WEST HOBBS STREET,ATHENS,LIMESTONE,0,1,34,0,149,0,15,0
SPRINGHILL MANOR NURSING HOME,015415,3900 OLD SHELL ROAD,MOBILE,MOBILE,0,1,2,0,29,0,0,0
GEORGIANA HEALTH AND REHABILITATION,015182,206 PALMER AVENUE,GEORGIANA,BUTLER,28,1,10,2,78,8,4,0
ANDALUSIA MANOR,015416,670 MOORE RD,ANDALUSIA,COVINGTON,9,0,0,0,118,6,7,0
COLUMBIANA HEALTH AND REHABILITATION,015453,22969 HIGHWAY 25,COLUMBIANA,SHELBY,39,18,16,9,35,33,10,0
PRATTVILLE HEALTH AND REHABILITATION,015065,601 JASMINE TRAIL,PRATTVILLE,AUTAUGA,15,10,20,2,125,13,12,0
DIVERSICARE OF ONEONTA,015159,215 VALLEY ROAD,ONEONTA,BLOUNT,4,0,8,0,104,8,6,0
EASTVIEW REHABILITATION AND HEALTHCARE CENTER,015014,7755 FOURTH AVENUE SOUTH,BIRMINGHAM,JEFFERSON,0,0,2,0,77,0,0,0
PALM GARDENS HEALTH AND REHABILITATION,015403,3104 DAUPHIN SQUARE CONNECTOR,MOBILE,MOBILE,0,5,10,0,85,2,5,0
DIVERSICARE OF ARAB,015148,235 THIRD STREET SE,ARAB,MARSHALL,0,0,7,0,77,0,2,0
SOUTH HEALTH AND REHABILITATION,015097,1220 SOUTH 17TH STREET,BIRMINGHAM,JEFFERSON,0,1,2,0,68,2,3,0
WOODHAVEN MANOR NURSING HOME,015177,105 WEST WINDSOR ST,DEMOPOLIS,MARENGO,6,10,3,1,58,2,13,0
WASHINGTON COUNTY NURSING HOME,015123,14600 ST STEPHENS AVENUE,CHATOM,WASHINGTON,19,19,4,4,73,8,12,1
GRAND BAY CONVALESCENT HOME,015406,13750 HIGHWAY 90 WEST P.O. BOX 328,GRAND BAY,MOBILE,0,2,6,0,61,0,0,0
SELF HEALTH CARE AND REHABILITATION CENTER,015212,131 EAST CREST ROAD,HUEYTOWN,JEFFERSON,0,0,0,0,68,0,0,0
MARION REGIONAL NURSING HOME,015167,184 SASSER DRIVE,HAMILTON,MARION,34,37,18,7,58,23,50,1
DIVERSICARE OF FOLEY,015032,1701 NORTH ALSTON STREET,FOLEY,BALDWIN,0,0,0,0,127,1,4,0
WINDSOR HOUSE,015397,4411 MCALLISTER DRIVE,HUNTSVILLE,MADISON,0,0,0,0,102,0,0,0
EXTENDICARE HEALTH CENTER,015152,950 SOUTH ST. ANDREWS STREET,DOTHAN,HOUSTON,2,14,21,0,147,1,20,0
GLEN HAVEN HEALTH AND REHABILITATION,015186,2201 32ND STREET,NORTHPORT,TUSCALOOSA,1,13,14,0,180,1,6,0
AHAVA HEALTHCARE OF ALABASTER,015144,"850 9TH STREET, NORTHWEST",ALABASTER,SHELBY,0,3,0,0,155,0,15,0
CHEROKEE COUNTY HEALTH AND REHABILITATION CENTER,015200,877 CEDAR BLUFF ROAD,CENTRE,CHEROKEE,15,0,16,5,145,5,0,0
CROWNE HEALTH CARE OF GREENVILLE,015193,408 COUNTRY CLUB DRIVE,GREENVILLE,BUTLER,57,12,21,19,48,29,6,0
ROANOKE REHABILITATION AND HEALTHCARE CENTER,015424,680 SEYMOUR DRIVE,ROANOKE,RANDOLPH,0,2,0,0,53,2,0,0
BROOKSHIRE HEALTHCARE CENTER,015127,4320 JUDITH LANE,HUNTSVILLE,MADISON,0,0,0,0,114,0,0,0
CROWNE HEALTH CARE OF FT PAYNE,015156,403 13TH STREET NORTHWEST,FORT PAYNE,DEKALB,0,0,0,0,105,0,0,0
NORTH MOBILE NURSING AND REHABILITATION CENTER,015183,4525 ST STEPHENS ROAD,EIGHT MILE,MOBILE,45,36,17,13,121,28,26,0
TROY HEALTH AND REHABILITATION CENTER,015213,515 ELBA HIGHWAY,TROY,PIKE,22,45,10,1,140,7,34,0
DIVERSICARE OF BIG SPRINGS,015111,500 ST. CLAIR AVENUE SOUTHWEST,HUNTSVILLE,MADISON,0,4,0,0,104,1,7,0
CROWNE HEALTH CARE OF EUFAULA,015199,430 RIVERS AVENUE,EUFAULA,BARBOUR,43,22,9,2,137,9,15,0
FOREST MANOR HEALTH AND REHABILITATION,015143,2215 32ND STREET,NORTHPORT,TUSCALOOSA,32,16,13,4,123,26,31,1
WOODLAND VILLAGE REHABILITATION AND HEALTHCARE CENTER,015383,1900 OLIVE STREET,CULLMAN,CULLMAN,2,10,30,0,112,1,30,0
DIVERSICARE OF WINFIELD,015376,144 COUNTY HWY 14,WINFIELD,MARION,0,0,3,0,102,1,1,0
HALEYVILLE HEALTH CARE CENTER,015157,2201 11TH AVENUE,HALEYVILLE,WINSTON,2,2,13,0,50,1,9,0
GREENBRIAR AT THE ALTAMONT SKILLED NURSING FACILIT,015446,2831 HIGHLAND AVENUE SOUTH,BIRMINGHAM,JEFFERSON,15,0,2,1,73,20,0,0
FAIRHOPE HEALTH AND REHABILITATION,015222,108 SOUTH CHURCH STREET,FAIRHOPE,BALDWIN,0,0,0,0,61,0,0,0
DADEVILLE HEALTHCARE CENTER,015166,351 NORTH EAST STREET,DADEVILLE,TALLAPOOSA,48,2,7,6,77,16,1,0
"FOLSOM CENTER FOR REHABILITATION AND HEALTHCARE, T",015437,401 ARNOLD STREET N.E.,CULLMAN,CULLMAN,2,24,19,0,75,2,40,0
CLAY COUNTY NURSING HOME,015124,83825 HIGHWAY 9   P O BOX 1270,ASHLAND,CLAY,0,1,0,0,73,0,3,0
KELLER LANDING,015028,813 KELLER LANE,TUSCUMBIA,COLBERT,4,1,4,0,68,13,1,0
BROWN NURSING HOME,015191,2334 WASHINGTON STREET,ALEXANDER CITY,TALLAPOOSA,0,0,3,0,65,0,5,0
SENIOR REHABILITATION AND RECOVERY AT LIMESTONE HEALTH FACILI,015024,1600 WEST HOBBS STREET,ATHENS,LIMESTONE,1,4,34,0,146,1,17,0
ANNISTON HEALTH AND REHABILITATION SERVICES,015375,600 E 8TH STREET,ANNISTON,CALHOUN,0,0,1,0,63,1,0,0
RIDGEWOOD HEALTH SERVICES,015315,201 OAKHILL ROAD,JASPER,WALKER,6,1,10,0,77,11,0,0
HEALTH CARE,015407,P O BOX 130,ASHVILLE,ST. CLAIR,0,0,1,0,46,0,2,0
NORTH HILL NURSING AND REHABILITATION CENTER,015091,200 NORTH PINE HILL ROAD,BIRMINGHAM,JEFFERSON,13,12,6,4,165,3,1,0
MONROE MANOR HEALTH AND REHABILITATION CENTER,015398,236 WEST CLAIBORNE STREET,MONROEVILLE,MONROE,0,0,0,0,73,5,9,0
FLORALA HEALTH AND REHABILITATION,015451,23621 GOLDENROD AVENUE,FLORALA,COVINGTON,0,0,6,0,73,0,1,0
SPRINGHILL MANOR NURSING HOME,015415,3900 OLD SHELL ROAD,MOBILE,MOBILE,0,1,2,0,29,0,0,0
SUMTER HEALTH AND REHABILITATION,015042,1505 EAST 4TH AVENUE,YORK,SUMTER,64,1,9,3,71,64,10,0
ELBA NURSING AND REHABILITATION CENTER,015083,987 DRAYTON STREET,ELBA,COFFEE,2,6,4,0,103,3,4,0
MONTROSE BAY HEALTH AND REHABILITATION,015447,22670 MAIN STREET,FAIRHOPE,BALDWIN,0,0,0,0,61,0,0,0
JOHN KNOX MANOR INC I I,015135,4401 NARROW LANE ROAD,MONTGOMERY,MONTGOMERY,0,1,0,0,55,1,6,0
FATHER PURCELL MEMORIAL EXCEPTIONAL CHILDREN'S CENTER,01A193,2048 W FAIRVIEW AVE,MONTGOMERY,MONTGOMERY,7,0,0,0,48,1,0,0
TLC NURSING CENTER,015422,212 ELLEN STREET,ONEONTA,BLOUNT,1,0,7,0,95,1,0,0
WEST GATE VILLAGE,015035,100 PINEVIEW AND THIRD P.O. BOX 49,BREWTON,ESCAMBIA,16,3,0,0,109,2,12,0
BIRMINGHAM NURSING AND REHABILITATION CENTER,015217,1000 DUGAN AVENUE,BIRMINGHAM,JEFFERSON,0,13,7,0,123,0,11,0
PLANTATION MANOR NURSING HOME,015015,6450 OLD TUSCALOOSA HIGHWAY   P O BOX 97,MC CALLA,JEFFERSON,0,0,1,0,86,0,0,0
GREENE COUNTY NURSING HOME,015178,509 WILSON AVE,EUTAW,GREENE,20,0,8,8,40,0,0,0
TRAYLOR RETIREMENT COMMUNITY,015126,1235 YANCEY STREET  P O BOX 467,ROANOKE,RANDOLPH,35,0,9,7,84,15,1,0
TWIN OAKS REHABILITATION AND HEALTHCARE CENTER,015211,857 CRAWFORD LANE,MOBILE,MOBILE,3,0,0,0,115,4,0,0
MITCHELL-HOLLINGSWORTH NURSING AND REHABILITATION,015031,805 FLAGG CIRCLE,FLORENCE,LAUDERDALE,1,21,12,0,172,6,33,0
DIVERSICARE OF MONTGOMERY,015040,2020 NORTH COUNTRY CLUB DRIVE,MONTGOMERY,MONTGOMERY,38,0,7,7,86,12,9,0
HIGHLANDS HEALTH AND REHABILITATION,015012,380 WOODS COVE ROAD,SCOTTSBORO,JACKSON,2,28,7,0,40,3,25,0
MOUNT ROYAL TOWERS,015455,300 ROYAL TOWER DRIVE,BIRMINGHAM,JEFFERSON,0,0,4,0,118,0,0,0
ALBERTVILLE NURSING HOME,015163,750 ALABAMA HIGHWAY 75 NORTH,ALBERTVILLE,MARSHALL,4,6,16,0,148,5,19,0
BIRMINGHAM NURSING AND REHABILITATION CENTER EAST,015134,733 MARY VANN LANE,BIRMINGHAM,JEFFERSON,0,0,5,0,125,1,0,0
EAST ALABAMA MEDICAL CENTER SKILLED NURSING FACILI,015410,2000 PEPPERELL PARKWAY,OPELIKA,LEE,2,0,3,0,14,0,1,0
CRIMSON HEALTH AND REHABILITATION,015037,3312 WOODLEY ROAD,MONTGOMERY,MONTGOMERY,0,0,0,0,46,1,0,0
HENRY COUNTY HEALTH AND REHABILITATION FACILITY,015373,212 DOTHAN ROAD,ABBEVILLE,HENRY,19,56,24,3,82,19,51,0
LUVERNE HEALTH AND REHABILITATION,015336,142 WEST THIRD STREET,LUVERNE,CRENSHAW,1,15,22,0,126,5,23,0
FALKVILLE HEALTH CARE CENTER,015136,10 WEST 3RD STREET  PO BOX 409,FALKVILLE,MORGAN,0,2,0,0,93,1,15,0
TERRACE MANOR NURSING AND REHABILITATION CENTER,015066,390 UNDERWOOD ROAD,RUSSELLVILLE,FRANKLIN,0,3,0,0,50,0,14,0
SUNSET MANOR,015149,251 SUNSET PLACE,GUIN,MARION,0,5,3,0,63,0,1,0
WEST HILL HEALTH AND REHABILITATION,015303,1028 BESSEMER RD,BIRMINGHAM,JEFFERSON,37,0,1,1,69,12,0,0
ST MARTIN'S IN THE PINES,015433,4941 MONTEVALLO ROAD,BIRMINGHAM,JEFFERSON,2,0,9,0,105,17,0,0
"NHC HEALTHCARE, MOULTON",015128,300 HOSPITAL STREET,MOULTON,LAWRENCE,0,0,0,0,111,0,0,0
JACKSON HEALTH CARE FACILITY,015188,2616 NORTH COLLEGE AVENUE,JACKSON,CLARKE,0,7,11,0,71,1,9,0
MAGNOLIA RIDGE,015133,420 DEAN DRIVE,GARDENDALE,JEFFERSON,9,1,5,0,116,4,0,0
JACKSONVILLE HEALTH AND REHABILITATION,015391,410 WILSON DRIVE SOUTHWEST,JACKSONVILLE,CALHOUN,0,2,11,0,150,0,0,0
EVERGREEN NURSING HOME,015089,100 SANDERS DRIVE,EVERGREEN,CONECUH,13,0,0,0,55,6,0,0
REGENCY HEALTH CARE AND REHABILITATION CENTER,015372,"2061 POOLE DRIVE, NW",HUNTSVILLE,MADISON,1,1,0,0,64,0,1,0
ARBOR WOODS HEALTH AND REHABILITATION,015141,515 2ND AVENUE NORTHWEST,REFORM,PICKENS,0,0,0,0,54,0,0,0
RIDGEVIEW HEALTH SERVICES,015155,"907 11TH STREET, NE",JASPER,WALKER,9,0,3,0,129,5,11,0
CROWNE HEALTH CARE OF THOMASVILLE,015220,1425 MOSLEY DRIVE,THOMASVILLE,CLARKE,3,0,0,0,67,7,0,0
WILLOWBROOKE CT SKILLED CARE CENTER WESTMINSTER VLG,015381,500 SPANISH FORT BLVD,SPANISH FORT,BALDWIN,8,0,5,1,34,6,2,0
MONTGOMERY CHILDREN'S SPECIALTY CENTER,01A208,2853 FORBES DRIVE,MONTGOMERY,MONTGOMERY,1,0,0,0,45,7,1,0
COOSA VALLEY HEALTH AND REHABILITATION,015174,513 PINEVIEW AVENUE,GLENCOE,ETOWAH,0,1,2,0,98,0,1,0
ALLEN HEALTH AND REHABILITATION,015098,735 SOUTH WASHINGTON AVENUE,MOBILE,MOBILE,9,23,6,2,71,18,6,0
WETUMPKA HEALTH AND REHABILITATION,015027,1825 HOLTVILLE ROAD,WETUMPKA,ELMORE,39,3,25,4,103,28,5,0
MONTGOMERY HEALTH AND REHABILITATION,015228,4490 VIRGINIA LOOP ROAD,MONTGOMERY,MONTGOMERY,0,0,2,0,75,1,8,0
LINEVILLE HEALTH AND REHABILITATION,015142,88073 HIGHWAY 9,LINEVILLE,CLAY,0,5,5,0,94,0,12,0
MOUNDVILLE HEALTH AND REHABILITATION,015187,THIRD AVENUE    P O BOX 607,MOUNDVILLE,HALE,0,3,12,0,62,2,7,0
MAGNOLIA HAVEN HEALTH AND REHABILITATION CENTER,015112,603 WRIGHT STREET,TUSKEGEE,MACON,,,,,,,,
OAKVIEW MANOR HEALTH CARE CENTER,015216,929 MIXON SCHOOL ROAD,OZARK,DALE,0,9,11,0,117,2,6,0
LONGLEAF HEALTH AND REHABILITATION,015469,1300 E SOUTH BLVD,MONTGOMERY,MONTGOMERY,,,,,,,,
VALLEY VIEW HEALTH AND REHABILITATION,015431,5968 WALL TRIANA HIGHWAY,MADISON,MADISON,0,3,9,0,138,0,13,0
KNOLLWOOD HEALTHCARE,015463,3151-A KNOLLWOOD DRIVE,MOBILE,MOBILE,22,18,15,13,48,19,32,0
CROWNE HEALTH CARE OF MONTGOMERY,015393,1837 UPPER WETUMPKA ROAD,MONTGOMERY,MONTGOMERY,2,0,12,0,151,4,4,0
HILLVIEW TERRACE,015436,100 PERRY HILL RD,MONTGOMERY,MONTGOMERY,46,7,26,7,117,37,0,0
WESTSIDE TERRACE HEALTH AND REHABILITATION CENTER,015425,501 NORTH WOODBURN DRIVE,DOTHAN,HOUSTON,1,5,5,0,140,0,6,0
PARK PLACE,015084,100 PARK PLACE,SELMA,DALLAS,4,0,1,1,86,12,0,0
CANTERBURY HEALTH CARE FACILITY,015382,1720 KNOWLES ROAD,PHENIX CITY,RUSSELL,0,0,0,0,121,0,0,0
PARK MANOR HEALTH AND REHABILITATION,015326,2201 MCFARLAND BOULEVARD,NORTHPORT,TUSCALOOSA,0,9,10,0,130,3,10,0
ALICEVILLE MANOR NURSING HOME,015137,703 17TH STREET NORTHWEST,ALICEVILLE,PICKENS,0,5,0,0,84,1,10,0
FAYETTE MEDICAL CENTER LONG TERM CARE UNIT,015154,1653 TEMPLE AVENUE NORTH,FAYETTE,FAYETTE,0,4,2,0,102,1,1,0
MCGUFFEY HEALTH AND REHABILITATION CENTER,015202,2301 RAINBOW DRIVE,GADSDEN,ETOWAH,0,12,6,0,145,0,10,0
COLLINSVILLE HEALTHCARE AND REHABILITATION,015207,685 NORTH VALLEY AVE,COLLINSVILLE,DEKALB,0,3,3,0,152,5,6,0
MARENGO NURSING HOME,015330,608 NORTH MAIN STREET,LINDEN,MARENGO,0,1,3,0,64,5,3,0
HERITAGE HEALTH CARE AND REHABILITATION,015371,1101 SNOWS MILL AVENUE,TUSCALOOSA,TUSCALOOSA,0,20,16,0,144,0,15,0
CAREGIVERS OF PLEASANT GROVE,015044,700 FIRST AVENUE,PLEASANT GROVE,JEFFERSON,23,21,14,11,39,8,0,0
DIVERSICARE OF OXFORD,015132,1130 SOUTH HALE STREET,OXFORD,CALHOUN,0,0,2,0,128,0,0,0
GLENWOOD CENTER,015147,211 ANA DRIVE,FLORENCE,LAUDERDALE,1,5,11,0,103,2,16,0
CROSSVILLE HEALTH AND REHABILITATION,015176,8922 HIGHWAY 227,CROSSVILLE,DEKALB,24,4,20,0,134,9,10,0
SYLACAUGA HEALTH AND REHABILITATION SERVICES,015160,1007 W FORT WILLIAMS ST,SYLACAUGA,TALLADEGA,0,7,16,0,136,0,12,0
ENTERPRISE HEALTH AND REHABILITATION CENTER,015320,300 PLAZA DRIVE P O BOX 311227,ENTERPRISE,COFFEE,2,0,33,0,180,4,11,0
ASPIRE PHYSICAL RECOVERY CENTER AT HOOVER,015464,575 SOUTHLAND DRIVE,HOOVER,JEFFERSON,2,17,16,0,76,3,22,0
GULF COAST HEALTH AND REHABILITATION,015456,8002 GRELOT ROAD,MOBILE,MOBILE,1,9,5,0,79,5,1,0
CYPRESS COVE CARE CENTER,015392,200 ALABAMA AVENUE,MUSCLE SHOALS,COLBERT,3,2,5,0,77,2,0,0
COOSA VALLEY HEALTHCARE CENTER,015010,260 WEST WALNUT STREET,SYLACAUGA,TALLADEGA,0,20,0,0,80,2,25,0
WALKER REHABILITATION CENTER,015408,350 NORTHEAST 4TH STREET     P O BOX 30,CARBON HILL,WALKER,0,0,0,0,51,1,0,0
AHC MILLENIUM,015458,5275 MILLENNIUM DRIVE,HUNTSVILLE,MADISON,0,9,4,0,87,0,5,0
CHOCTAW HEALTH AND REHABILITATION,015164,1406 EAST PUSHMATAHA STREET,BUTLER,CHOCTAW,46,49,11,9,47,20,24,0
DIVERSICARE OF BOAZ,015063,600 CORLEY AVENUE,BOAZ,MARSHALL,3,0,4,0,95,8,0,0
DIVERSICARE OF RIVERCHASE,015145,2500 RIVERHAVEN DRIVE,BIRMINGHAM,JEFFERSON,61,24,16,13,85,29,10,0
OZARK HEALTH AND REHABILITATION,015208,312 BRYAN DRIVE,OZARK,DALE,0,1,14,0,132,0,3,0
CHARLTON PLACE REHABILITATION AND HEALTHCARE CENTER,015460,65 CHARLTON PLACE,DEATSVILLE,ELMORE,1,0,0,0,50,1,0,0
AZALEA GARDENS OF MOBILE,015151,1758 SPRINGHILL AVE,MOBILE,MOBILE,10,1,1,0,90,6,4,0
FAIRVIEW AT REDSTONE VILLAGE,015454,12000 TURNMEYER DRIVE,HUNTSVILLE,MADISON,0,2,4,0,50,0,4,0
NORTHSIDE HEALTH CARE,015223,700 HUTCHINS AVENUE,GADSDEN,ETOWAH,0,0,0,0,91,0,2,0
CROWNE HEALTH CARE OF MOBILE,015100,954 NAVCO ROAD,MOBILE,MOBILE,5,0,8,5,100,3,1,1
"NHC HEALTHCARE, ANNISTON",015120,2300 COLEMAN RD,ANNISTON,CALHOUN,0,4,33,0,137,1,32,0
ATHENS HEALTH AND REHABILITATION,015016,611 WEST MARKET STREET,ATHENS,LIMESTONE,0,5,24,0,117,0,11,0
COLONIAL HAVEN CARE AND REHABILITATION CENTER,015396,616 ARMORY STREET,GREENSBORO,HALE,38,0,12,10,57,31,0,1
BIBB MED CENTER NURSING HOME,015215,208 PIERSON AVE,CENTREVILLE,BIBB,0,0,3,0,119,0,0,0
TRUSSVILLE HEALTH AND REHABILITATION CENTER,015467,119 WATTERSON PARKWAY,TRUSSVILLE,JEFFERSON,0,0,5,0,96,0,1,0
TERRACE OAKS CARE AND REHABILITATION CENTER,015060,4201 BESSEMER SUPER HIGHWAY,BESSEMER,JEFFERSON,0,0,0,0,56,0,0,0
DIVERSICARE OF BESSEMER,015209,820 GOLF COURSE ROAD,BESSEMER,JEFFERSON,62,2,34,26,119,38,3,1
KIRKWOOD BY THE RIVER,015457,3605 RATLIFF ROAD,BIRMINGHAM,JEFFERSON,0,0,0,0,46,0,0,0
SUMMERFORD NURSING HOME,015075,4087 HIGHWAY 31 SOUTHWEST,FALKVILLE,MORGAN,2,23,33,0,191,3,58,0
OAKWOOD-NORTH BALDWIN'S CENTER FOR LIVING,015417,2010 MEDICAL CENTER DRIVE,BAY MINETTE,BALDWIN,0,5,0,0,67,0,8,0
MERRY WOOD LODGE,015019,P O BOX 130,ELMORE,ELMORE,29,39,6,0,82,13,9,0
LYNWOOD NURSING HOME,015434,4164 HALLS MILL ROAD,MOBILE,MOBILE,55,0,20,18,71,38,9,0
PHENIX CITY HEALTH CARE,015331,3900 LAKEWOOD DRIVE,PHENIX CITY,RUSSELL,0,0,2,0,77,0,1,0
CORDOVA HEALTH AND REHABILITATION,015115,70 HIGHLAND STREET WEST,CORDOVA,WALKER,0,3,14,0,108,0,19,0
COTTAGE OF THE SHOALS,015067,500 JOHN ALDRIDGE DRIVE,TUSCUMBIA,COLBERT,4,0,5,0,69,5,3,0
SOUTH HAVEN HEALTH AND REHABILITATION,015321,3141 OLD COLUMBIANA ROAD,BIRMINGHAM,JEFFERSON,57,18,23,17,53,30,2,0
SANCTUARY AT THE WOODLANDS,015471,1910 CHEROKEE  AVENUE SW,CULLMAN,CULLMAN,,,,,,,,
GALLERIA WOODS SKILLED NURSING FACILITY,015459,3850 GALLERIA WOODS DRIVE,BIRMINGHAM,JEFFERSON,0,0,1,0,26,3,0,0
CAPITOL HILL HEALTHCARE CENTER,015390,520 SOUTH HULL STREET,MONTGOMERY,MONTGOMERY,7,6,9,2,201,7,0,0
SELMA HEALTH AND REHABILITATION,015119,11 BELL ROAD,SELMA,DALLAS,2,0,0,0,114,0,0,0
SOUTHERN SPRINGS HEALTHCARE FACILITY,015171,745 SOUTHERN SPRINGS ROAD,UNION SPRINGS,BULLOCK,55,42,11,8,85,36,6,0
LAUDERDALE CHRISTIAN NURSING HOME,015361,2019 COUNTY ROAD 394,KILLEN,LAUDERDALE,0,4,2,0,53,0,3,0
ARLINGTON REHABILITATION AND HEALTHCARE CENTER,015153,"1020 TUSCALOOSA AVENUE, SW",BIRMINGHAM,JEFFERSON,0,0,0,0,98,0,0,0
SPRINGHILL SENIOR RESIDENCE,015435,3717 DAUPHIN STREET,MOBILE,MOBILE,0,25,7,0,67,3,52,0
ROBERTSDALE REHABILITATION AND HEALTHCARE CENTER,015443,18700 U S HIGHWAY 90,ROBERTSDALE,BALDWIN,0,0,0,0,116,1,0,0
SOUTHLAND NURSING HOME,015104,500 SHIVERS TERRACE,MARION,PERRY,,,,,,,,
ASPIRE PHYSICAL RECOVERY CENTER AT CAHABA RIVER,015468,3070 HEALTHY WAY,VESTAVIA,JEFFERSON,2,1,11,0,101,0,2,0
OAKS ON PARKWOOD SKILLED NURSING FACILITY,015369,2625 LAUREL OAK DRIVE,BESSEMER,JEFFERSON,0,0,29,0,115,1,3,0
MARSHALL MANOR NURSING HOME,015378,3120 NORTH STREET,GUNTERSVILLE,MARSHALL,0,2,12,0,73,1,3,0
MADISON MANOR NURSING HOME,015214,3891 SULLIVAN ST,MADISON,MADISON,0,7,5,0,67,0,5,0
ATMORE NURSING CENTER,015129,715 EAST LAUREL STREET,ATMORE,ESCAMBIA,28,1,5,4,70,17,6,0
OAK TRACE CARE AND REHABILITATION CENTER,015050,325 SELMA ROAD,BESSEMER,JEFFERSON,0,0,2,0,70,0,0,0
CHERRY HILL REHABILITATION AND HEALTHCARE CENTER,015445,1250 JEFF GERMANY PARKWAY,BIRMINGHAM,JEFFERSON,,,,,,,,
CROWNE HEALTH CARE OF CITRONELLE,015121,19225 NORTH 4TH STREET,CITRONELLE,MOBILE,0,0,1,0,66,0,0,0
ARBOR SPRINGS HEALTH AND REHABILITATION CENTER,015192,1910 PEPPERELL PKWY,OPELIKA,LEE,68,0,48,19,107,42,1,0
HANCEVILLE NURSING AND REHABILITATION CENTER,015073,420 MAIN STREET NE,HANCEVILLE,CULLMAN,0,0,1,0,203,2,5,0
WESLEY PLACE ON HONEYSUCKLE,015175,718 HONEYSUCKLE ROAD,DOTHAN,HOUSTON,3,4,0,0,152,3,18,0
WIREGRASS REHABILITATION CENTER AND NURSING HOME,015150,1200 MAPLE AVENUE WEST,GENEVA,GENEVA,0,0,4,0,88,0,6,0
GEORGIANA HEALTH AND REHABILITATION,015182,206 PALMER AVENUE,GEORGIANA,BUTLER,28,1,10,2,78,8,4,0
DECATUR HEALTH AND REHABILITATION CENTER,015206,2326 MORGAN AVENUE SOUTHWEST,DECATUR,MORGAN,1,43,0,0,82,2,15,0
ENGLEWOOD HEALTH CARE CENTER,015322,2046 SOUTH ALABAMA AVE,MONROEVILLE,MONROE,0,2,4,0,76,1,9,0
OAK KNOLL HEALTH AND REHABILITATION,015117,824 SIXTH AVENUE WEST,BIRMINGHAM,JEFFERSON,0,0,4,0,91,0,0,0
COLUMBIANA HEALTH AND REHABILITATION,015453,22969 HIGHWAY 25,COLUMBIANA,SHELBY,39,18,16,9,35,33,10,0
TALLADEGA HEALTHCARE CENTER,015162,616 CHAFFEE STREET,TALLADEGA,TALLADEGA,3,41,0,0,190,0,26,0
SIGNATURE HEALTHCARE OF WHITESBURG GARDENS,015116,105 TEAKWOOD DRIVE SW,HUNTSVILLE,MADISON,0,0,0,0,115,0,0,0
EAST GLEN,015388,53 MEDICAL PARK DRIVE EAST,BIRMINGHAM,JEFFERSON,0,0,0,0,99,0,2,0
HARTFORD HEALTH CARE,015419,217 TORO ROAD,HARTFORD,GENEVA,0,0,0,0,83,0,1,0
BARON HOUSE OF HUEYTOWN,015404,190 BROOKLANE DRIVE,HUEYTOWN,JEFFERSON,3,0,13,11,28,23,23,0
DIVERSICARE OF LANETT,015196,702 SOUTH 13TH STREET,LANETT,CHAMBERS,0,1,19,0,78,3,4,0
GADSDEN HEALTH AND REHABILITATION CENTER,015180,1945 DAVIS DRIVE,GADSDEN,ETOWAH,1,0,4,0,135,0,0,0
LIGHTHOUSE REHABILITATION AND HEALTHCARE CENTER,015413,2911 EARL GOODWIN PARKWAY,SELMA,DALLAS,0,0,3,0,65,1,0,0
ASPIRE PHYSICAL RECOVERY CENTER OF WEST ALABAMA,015465,2400 HOSPITAL DRIVE,NORTHPORT,TUSCALOOSA,1,0,5,0,53,1,10,0
PIEDMONT HEALTH CARE CENTER,015194,30 ROUNDTREE DRIVE,PIEDMONT,CALHOUN,0,0,4,0,76,0,0,0
ASHLAND PLACE HEALTH AND REHABILITATION,015103,148 TUSCALOOSA ST,MOBILE,MOBILE,80,19,29,20,92,19,5,0
ORCHARD REHABILITATION AND HEALTHCARE CENTER,015442,629 STATE HIGHWAY 21 SOUTH,HAYNEVILLE,LOWNDES,1,0,2,2,50,1,0,0
HUNTER CREEK HEALTH AND REHABILITATION,015034,600 34TH ST,NORTHPORT,TUSCALOOSA,42,5,4,2,68,10,7,0
DIVERSICARE OF PELL CITY,015189,"510 WOLF CREEK ROAD, NORTH",PELL CITY,ST. CLAIR,0,0,1,0,77,0,0,0
RUSSELLVILLE HEALTH CARE,015071,705 NORTHEAST GANDY STREET,RUSSELLVILLE,FRANKLIN,16,16,1,0,45,16,22,0
ANDALUSIA MANOR,015416,670 MOORE RD,ANDALUSIA,COVINGTON,15,7,3,3,112,8,12,0
HUNTSVILLE HEALTH AND REHABILITATION,015440,4010 CHRIS DRIVE,HUNTSVILLE,MADISON,0,5,7,0,86,0,5,0
SOUTH HAMPTON NURSING AND REHABILITATION CENTER,015448,213 WILSON MANN ROAD,OWENS CROSS ROADS,MADISON,0,1,3,0,57,0,5,0
GENERATIONS OF RED BAY,015201,106 TENTH AVENUE NORTHWEST,RED BAY,FRANKLIN,1,2,8,0,62,1,33,0
LITTLE SISTERS OF THE POOR SACRED HEART RESIDENCE,015168,1655 MCGILL AVENUE,MOBILE,MOBILE,0,0,1,0,69,0,0,0
LAFAYETTE EXTENDED CARE,015197,805 HOSPITAL STREET SOUTHWEST,LAFAYETTE,CHAMBERS,0,0,1,1,57,0,1,0
CLOVERDALE REHABILITATION AND NURSING CENTER,015184,412 CLOVERDALE ROAD,SCOTTSBORO,JACKSON,1,3,19,0,124,0,15,0
WILLOWBROOKE CT SKILLED CARE CENTER AT MAGNOLIA TRACE,015450,ONE CROWN CIRCLE,HUNTSVILLE,MADISON,0,0,3,0,45,0,0,0
PERRY COUNTY NURSING HOME,015158,505 EAST LAFAYETTE STREET,MARION,PERRY,0,1,0,0,61,4,2,0
CROWNE HEALTH CARE OF SPRINGHILL,015426,3712 DAUPHIN ST,MOBILE,MOBILE,0,0,0,0,16,0,0,0
BARFIELD HEALTH CARE,015225,22444 HIGHWAY 431,GUNTERSVILLE,MARSHALL,0,7,26,0,105,0,20,0
SHELBY RIDGE NURSING HOME,015411,881 3RD STREET NORTHEAST,ALABASTER,SHELBY,23,43,20,3,114,15,31,0
LAFAYETTE NURSING HOME,015414,555 B STREET SW,LAFAYETTE,CHAMBERS,3,0,5,0,48,0,0,0
CAMDEN NURSING FACILITY,015374,210 PONDEROSA DRIVE,CAMDEN,WILCOX,25,4,9,6,53,21,6,0
EAMC LANIER NURSING HOME,015045,4800 48TH STREET,VALLEY,CHAMBERS,0,11,10,0,90,8,31,0
GOODWATER HEALTHCARE CENTER,015204,16 JONES HILL ROAD,GOODWATER,COOSA,0,0,1,0,61,0,0,0
TALLASSEE HEALTH AND REHABILITATION,015139,2639 GILMER AVENUE  P O BOX 780277,TALLASSEE,ELMORE,1,0,18,0,86,1,7,0
SHADESCREST HEALTH CARE CENTER,015114,331 WEST 25TH STREET,JASPER,WALKER,15,6,1,0,79,16,18,0
EASTERN SHORE REHABILITATION AND HEALTH CENTER,015049,"101 VILLA DRIVE, P O BOX 1090",DAPHNE,BALDWIN,4,17,19,0,81,6,2,0
CUMBERLAND HEALTH AND REHABILITATION,015420,47065 AL HIGHWAY 277,BRIDGEPORT,JACKSON,0,0,0,0,84,0,3,0
ADAMS NURSING HOME,015386,1555 HILLABEE STREET,ALEXANDER CITY,TALLAPOOSA,0,0,1,0,59,2,6,0
OAK PARK,015452,1365 GATEWOOD DRIVE,AUBURN,LEE,0,5,2,0,80,0,7,0
NORTHWAY HEALTH AND REHABILITATION,015047,1424 NORTH 25TH STREET,BIRMINGHAM,JEFFERSON,0,5,6,0,104,0,1,0
FLORENCE NURSING AND REHABILITATION CENTER,015169,2107 CLOYD BLVD,FLORENCE,LAUDERDALE,18,13,13,1,128,6,8,0
BURNS NURSING HOME,015009,701 MONROE STREET NW,RUSSELLVILLE,FRANKLIN,45,1,4,4,45,35,14,0
OPP HEALTH AND REHABILITATION,015210,115 PAULK AVENUE  P O BOX 730,OPP,COVINGTON,45,4,21,4,158,19,5,0
VILLAGE AT COOK SPRINGS SKILLED NURSING FACILITY,015195,415 COOK SPRINGS,PELL CITY,ST. CLAIR,0,4,1,0,129,2,6,0
BROOKDALE UNIVERSITY PARK SNF (AL),015423,501 UNIVERSITY PARK DRIVE,BIRMINGHAM,JEFFERSON,5,2,14,0,31,0,14,0
FAIR HAVEN,015076,1424 MONTCLAIR ROAD,BIRMINGHAM,JEFFERSON,2,1,13,1,218,1,0,0
CIVIC CENTER HEALTH AND REHABILITATION,015109,1201 22ND STREET NORTH,BIRMINGHAM,JEFFERSON,0,4,6,0,85,1,0,0
MEADOWVIEW NURSING CENTER,015400,7300 OLD HIGHWAY 78 EAST,PELL CITY,ST. CLAIR,0,4,0,0,52,0,4,0
LEGACY HEALTH AND REHABILITATION OF PLEASANT GROVE,015461,30 7TH STREET,PLEASANT GROVE,JEFFERSON,1,32,7,0,118,5,10,0
ALTOONA HEALTH AND REHABILITATION,015101,6532 WALNUT GROVE ROAD,ALTOONA,ETOWAH,1,0,0,0,50,1,0,0
EL REPOSO NURSING FACILITY,015402,260 MILNER CHAPEL ROAD,FLORENCE,LAUDERDALE,0,1,4,0,59,0,5,0
MOBILE NURSING AND REHABILITATION CENTER,015379,7020 BRUNS DRIVE,MOBILE,MOBILE,0,1,0,0,99,1,3,0
ATTALLA HEALTH AND REHABILITATION,015203,915 STEWART AVENUE SOUTHEAST,ATTALLA,ETOWAH,0,0,10,0,139,0,0,0
HATLEY HEALTH CARE,015023,300 MEDICAL CENTER DRIVE,CLANTON,CHILTON,0,8,4,0,122,0,7,0
HENDRIX HEALTH AND REHABILITATION,015138,1000 HIGHWAY 33,DOUBLE SPRINGS,WINSTON,13,8,11,0,100,10,12,0
CHAPMAN HEALTHCARE CENTER,015221,3701 DADEVILLE ROAD,ALEXANDER CITY,TALLAPOOSA,6,0,4,1,138,4,0,0
RIVER CITY CENTER,015113,1350 FOURTEENTH AVENUE SOUTHEAST,DECATUR,MORGAN,21,2,13,0,130,5,0,0
GENERATIONS OF VERNON,015227,1050 CONVALESCENT ROAD,VERNON,LAMAR,0,2,0,0,113,0,7,0
PARKWOOD HEALTH CARE FACILITY,015179,3301 STADIUM DRIVE,PHENIX CITY,RUSSELL,0,2,16,0,67,1,6,0
KENSINGTON HEALTH AND REHABILITATION,015429,550 CONGRESS STREET,MOBILE,MOBILE,13,2,4,1,102,13,8,0
CLEBURNE COUNTY NURSING HOME,015053,122 BROCKFORD ROAD,HEFLIN,CLEBURNE,,,,,,,,
CULLMAN HEALTH CARE CENTER,015048,1607 MAIN AVE NE,CULLMAN,CULLMAN,0,0,3,0,76,0,15,0
KENSINGTON HEALTH AND REHABILITATION,015429,550 CONGRESS STREET,MOBILE,MOBILE,28,2,5,2,102,21,8,0
GEORGIANA HEALTH AND REHABILITATION,015182,206 PALMER AVENUE,GEORGIANA,BUTLER,28,1,10,2,78,8,4,0
FLORALA HEALTH AND REHABILITATION,015451,23621 GOLDENROD AVENUE,FLORALA,COVINGTON,0,0,6,0,73,0,1,0
CIVIC CENTER HEALTH AND REHABILITATION,015109,1201 22ND STREET NORTH,BIRMINGHAM,JEFFERSON,0,4,8,0,85,1,1,0
COLLINSVILLE HEALTHCARE AND REHABILITATION,015207,685 NORTH VALLEY AVE,COLLINSVILLE,DEKALB,0,3,4,0,155,7,7,0
DECATUR HEALTH AND REHABILITATION CENTER,015206,2326 MORGAN AVENUE SOUTHWEST,DECATUR,MORGAN,10,61,0,0,83,3,15,0
EL REPOSO NURSING FACILITY,015402,260 MILNER CHAPEL ROAD,FLORENCE,LAUDERDALE,0,1,5,0,58,0,6,0
SUMTER HEALTH AND REHABILITATION,015042,1505 EAST 4TH AVENUE,YORK,SUMTER,72,1,10,3,71,64,10,0
GLENWOOD CENTER,015147,211 ANA DRIVE,FLORENCE,LAUDERDALE,1,5,11,0,109,2,17,0
ENTERPRISE HEALTH AND REHABILITATION CENTER,015320,300 PLAZA DRIVE P O BOX 311227,ENTERPRISE,COFFEE,2,0,34,0,179,11,16,0
CHAPMAN HEALTHCARE CENTER,015221,3701 DADEVILLE ROAD,ALEXANDER CITY,TALLAPOOSA,6,0,5,1,140,4,0,0
TLC NURSING CENTER,015422,212 ELLEN STREET,ONEONTA,BLOUNT,1,0,8,0,94,1,0,0
BURNS NURSING HOME,015009,701 MONROE STREET NW,RUSSELLVILLE,FRANKLIN,45,1,5,4,46,35,14,0
HANCEVILLE NURSING AND REHABILITATION CENTER,015073,420 MAIN STREET NE,HANCEVILLE,CULLMAN,0,0,1,0,197,3,5,0
CLEBURNE COUNTY NURSING HOME,015053,122 BROCKFORD ROAD,HEFLIN,CLEBURNE,,,,,,,,
NORTH HILL NURSING AND REHABILITATION CENTER,015091,200 NORTH PINE HILL ROAD,BIRMINGHAM,JEFFERSON,13,12,10,4,168,3,1,0
MCGUFFEY HEALTH AND REHABILITATION CENTER,015202,2301 RAINBOW DRIVE,GADSDEN,ETOWAH,0,13,7,0,138,1,12,0
LAFAYETTE EXTENDED CARE,015197,805 HOSPITAL STREET SOUTHWEST,LAFAYETTE,CHAMBERS,0,0,1,1,56,0,1,0
GREENBRIAR AT THE ALTAMONT SKILLED NURSING FACILIT,015446,2831 HIGHLAND AVENUE SOUTH,BIRMINGHAM,JEFFERSON,21,0,5,3,70,22,0,0
TRAYLOR RETIREMENT COMMUNITY,015126,1235 YANCEY STREET  P O BOX 467,ROANOKE,RANDOLPH,35,0,10,7,82,16,3,0
CROWNE HEALTH CARE OF EUFAULA,015199,430 RIVERS AVENUE,EUFAULA,BARBOUR,43,22,9,2,139,9,16,0
NORTHWAY HEALTH AND REHABILITATION,015047,1424 NORTH 25TH STREET,BIRMINGHAM,JEFFERSON,0,5,6,0,104,0,1,0
CUMBERLAND HEALTH AND REHABILITATION,015420,47065 AL HIGHWAY 277,BRIDGEPORT,JACKSON,0,0,0,0,84,0,4,0
DIVERSICARE OF BIG SPRINGS,015111,500 ST. CLAIR AVENUE SOUTHWEST,HUNTSVILLE,MADISON,0,4,0,0,108,1,7,0
WETUMPKA HEALTH AND REHABILITATION,015027,1825 HOLTVILLE ROAD,WETUMPKA,ELMORE,39,3,25,4,103,28,5,0
JACKSON HEALTH CARE FACILITY,015188,2616 NORTH COLLEGE AVENUE,JACKSON,CLARKE,0,7,11,0,66,2,9,0
SELF HEALTH CARE AND REHABILITATION CENTER,015212,131 EAST CREST ROAD,HUEYTOWN,JEFFERSON,0,0,1,0,68,0,0,0
EXTENDICARE HEALTH CENTER,015152,950 SOUTH ST. ANDREWS STREET,DOTHAN,HOUSTON,2,17,22,0,145,3,24,0
WASHINGTON COUNTY NURSING HOME,015123,14600 ST STEPHENS AVENUE,CHATOM,WASHINGTON,19,19,5,4,73,8,12,1
COTTAGE OF THE SHOALS,015067,500 JOHN ALDRIDGE DRIVE,TUSCUMBIA,COLBERT,4,1,5,0,68,5,3,0
"FOLSOM CENTER FOR REHABILITATION AND HEALTHCARE, T",015437,401 ARNOLD STREET N.E.,CULLMAN,CULLMAN,2,24,19,0,81,2,44,0
LYNWOOD NURSING HOME,015434,4164 HALLS MILL ROAD,MOBILE,MOBILE,55,0,20,18,75,38,9,0
DIVERSICARE OF RIVERCHASE,015145,2500 RIVERHAVEN DRIVE,BIRMINGHAM,JEFFERSON,61,24,16,13,88,32,10,0
EVERGREEN NURSING HOME,015089,100 SANDERS DRIVE,EVERGREEN,CONECUH,31,0,0,0,53,8,0,0
MAGNOLIA RIDGE,015133,420 DEAN DRIVE,GARDENDALE,JEFFERSON,9,1,5,0,114,4,0,0
REGENCY HEALTH CARE AND REHABILITATION CENTER,015372,"2061 POOLE DRIVE, NW",HUNTSVILLE,MADISON,1,1,0,0,65,1,2,0
WILLOWBROOKE CT SKILLED CARE CENTER AT MAGNOLIA TRACE,015450,ONE CROWN CIRCLE,HUNTSVILLE,MADISON,0,0,3,0,44,0,0,0
RIDGEVIEW HEALTH SERVICES,015155,"907 11TH STREET, NE",JASPER,WALKER,17,8,5,2,127,14,23,0
WINDSOR HOUSE,015397,4411 MCALLISTER DRIVE,HUNTSVILLE,MADISON,0,0,0,0,104,0,1,0
ST MARTIN'S IN THE PINES,015433,4941 MONTEVALLO ROAD,BIRMINGHAM,JEFFERSON,2,0,9,0,101,17,0,0
KIRKWOOD BY THE RIVER,015457,3605 RATLIFF ROAD,BIRMINGHAM,JEFFERSON,4,0,1,1,45,2,0,0
GALLERIA WOODS SKILLED NURSING FACILITY,015459,3850 GALLERIA WOODS DRIVE,BIRMINGHAM,JEFFERSON,0,0,1,0,28,3,0,0
"NHC HEALTHCARE, ANNISTON",015120,2300 COLEMAN RD,ANNISTON,CALHOUN,0,4,35,0,137,1,32,0
LUVERNE HEALTH AND REHABILITATION,015336,142 WEST THIRD STREET,LUVERNE,CRENSHAW,1,15,22,0,126,5,26,0
TERRACE MANOR NURSING AND REHABILITATION CENTER,015066,390 UNDERWOOD ROAD,RUSSELLVILLE,FRANKLIN,0,3,0,0,50,0,15,0
DIVERSICARE OF ARAB,015148,235 THIRD STREET SE,ARAB,MARSHALL,0,0,7,0,80,0,2,0
ATTALLA HEALTH AND REHABILITATION,015203,915 STEWART AVENUE SOUTHEAST,ATTALLA,ETOWAH,0,0,10,0,137,0,6,0
TALLADEGA HEALTHCARE CENTER,015162,616 CHAFFEE STREET,TALLADEGA,TALLADEGA,7,43,1,1,186,3,30,0
WOODHAVEN MANOR NURSING HOME,015177,105 WEST WINDSOR ST,DEMOPOLIS,MARENGO,7,10,3,1,59,3,13,0
EAST ALABAMA MEDICAL CENTER SKILLED NURSING FACILI,015410,2000 PEPPERELL PARKWAY,OPELIKA,LEE,2,0,3,0,19,0,1,0
WEST GATE VILLAGE,015035,100 PINEVIEW AND THIRD P.O. BOX 49,BREWTON,ESCAMBIA,32,7,0,0,108,16,15,0
MONTROSE BAY HEALTH AND REHABILITATION,015447,22670 MAIN STREET,FAIRHOPE,BALDWIN,0,0,0,0,61,0,0,0
CORDOVA HEALTH AND REHABILITATION,015115,70 HIGHLAND STREET WEST,CORDOVA,WALKER,1,4,14,0,108,0,20,0
ROANOKE REHABILITATION AND HEALTHCARE CENTER,015424,680 SEYMOUR DRIVE,ROANOKE,RANDOLPH,1,9,0,0,53,4,3,0
PARKWOOD HEALTH CARE FACILITY,015179,3301 STADIUM DRIVE,PHENIX CITY,RUSSELL,0,2,16,0,68,1,6,0
GADSDEN HEALTH AND REHABILITATION CENTER,015180,1945 DAVIS DRIVE,GADSDEN,ETOWAH,1,0,4,0,135,0,0,0
HIGHLANDS HEALTH AND REHABILITATION,015012,380 WOODS COVE ROAD,SCOTTSBORO,JACKSON,2,28,7,0,42,3,25,0
GOODWATER HEALTHCARE CENTER,015204,16 JONES HILL ROAD,GOODWATER,COOSA,0,0,1,0,63,0,0,0
LIGHTHOUSE REHABILITATION AND HEALTHCARE CENTER,015413,2911 EARL GOODWIN PARKWAY,SELMA,DALLAS,10,1,4,0,59,4,0,0
OZARK HEALTH AND REHABILITATION,015208,312 BRYAN DRIVE,OZARK,DALE,3,1,15,0,132,1,3,0
DIVERSICARE OF MONTGOMERY,015040,2020 NORTH COUNTRY CLUB DRIVE,MONTGOMERY,MONTGOMERY,44,0,11,10,84,13,9,0
ASPIRE PHYSICAL RECOVERY CENTER OF WEST ALABAMA,015465,2400 HOSPITAL DRIVE,NORTHPORT,TUSCALOOSA,1,0,5,0,53,3,11,0
EASTVIEW REHABILITATION AND HEALTHCARE CENTER,015014,7755 FOURTH AVENUE SOUTH,BIRMINGHAM,JEFFERSON,3,0,2,0,74,3,0,0
OAK KNOLL HEALTH AND REHABILITATION,015117,824 SIXTH AVENUE WEST,BIRMINGHAM,JEFFERSON,0,0,5,0,91,0,0,0
SIGNATURE HEALTHCARE OF WHITESBURG GARDENS,015116,105 TEAKWOOD DRIVE SW,HUNTSVILLE,MADISON,0,0,0,0,111,0,0,0
SOUTH HAVEN HEALTH AND REHABILITATION,015321,3141 OLD COLUMBIANA ROAD,BIRMINGHAM,JEFFERSON,57,18,24,18,53,30,2,0
SPRINGHILL MANOR NURSING HOME,015415,3900 OLD SHELL ROAD,MOBILE,MOBILE,0,1,2,0,29,0,0,0
PLANTATION MANOR NURSING HOME,015015,6450 OLD TUSCALOOSA HIGHWAY   P O BOX 97,MC CALLA,JEFFERSON,0,0,2,0,83,0,0,0
PIEDMONT HEALTH CARE CENTER,015194,30 ROUNDTREE DRIVE,PIEDMONT,CALHOUN,0,0,5,0,76,0,0,0
HATLEY HEALTH CARE,015023,300 MEDICAL CENTER DRIVE,CLANTON,CHILTON,0,8,4,0,123,1,10,0
WALKER REHABILITATION CENTER,015408,350 NORTHEAST 4TH STREET     P O BOX 30,CARBON HILL,WALKER,8,0,0,0,49,7,0,0
ALTOONA HEALTH AND REHABILITATION,015101,6532 WALNUT GROVE ROAD,ALTOONA,ETOWAH,1,0,0,0,48,1,0,0
PRATTVILLE HEALTH AND REHABILITATION,015065,601 JASMINE TRAIL,PRATTVILLE,AUTAUGA,15,10,20,2,125,15,12,0
SYLACAUGA HEALTH AND REHABILITATION SERVICES,015160,1007 W FORT WILLIAMS ST,SYLACAUGA,TALLADEGA,0,7,17,0,137,0,12,0
ELBA NURSING AND REHABILITATION CENTER,015083,987 DRAYTON STREET,ELBA,COFFEE,3,7,8,0,98,4,4,0
GREENE COUNTY NURSING HOME,015178,509 WILSON AVE,EUTAW,GREENE,20,0,11,11,37,1,0,0
HEALTH CARE,015407,P O BOX 130,ASHVILLE,ST. CLAIR,0,0,1,0,49,0,4,0
SUNSET MANOR,015149,251 SUNSET PLACE,GUIN,MARION,0,5,3,0,63,0,2,0
MONROE MANOR HEALTH AND REHABILITATION CENTER,015398,236 WEST CLAIBORNE STREET,MONROEVILLE,MONROE,1,1,0,0,72,6,11,0
COOSA VALLEY HEALTHCARE CENTER,015010,260 WEST WALNUT STREET,SYLACAUGA,TALLADEGA,0,27,0,0,82,3,29,0
SENIOR REHABILITATION AND RECOVERY AT LIMESTONE HEALTH FACILI,015024,1600 WEST HOBBS STREET,ATHENS,LIMESTONE,23,11,35,0,138,9,23,0
MEADOWVIEW NURSING CENTER,015400,7300 OLD HIGHWAY 78 EAST,PELL CITY,ST. CLAIR,0,4,0,0,52,0,5,0
VALLEY VIEW HEALTH AND REHABILITATION,015431,5968 WALL TRIANA HIGHWAY,MADISON,MADISON,0,3,9,0,138,0,13,0
LITTLE SISTERS OF THE POOR SACRED HEART RESIDENCE,015168,1655 MCGILL AVENUE,MOBILE,MOBILE,0,0,3,0,64,0,0,0
CLAY COUNTY NURSING HOME,015124,83825 HIGHWAY 9   P O BOX 1270,ASHLAND,CLAY,0,1,0,0,73,0,3,0
KELLER LANDING,015028,813 KELLER LANE,TUSCUMBIA,COLBERT,4,1,5,0,69,13,1,0
ARLINGTON REHABILITATION AND HEALTHCARE CENTER,015153,"1020 TUSCALOOSA AVENUE, SW",BIRMINGHAM,JEFFERSON,3,0,0,0,98,0,2,0
GLEN HAVEN HEALTH AND REHABILITATION,015186,2201 32ND STREET,NORTHPORT,TUSCALOOSA,5,13,15,1,180,8,6,0
HILLVIEW TERRACE,015436,100 PERRY HILL RD,MONTGOMERY,MONTGOMERY,47,7,26,7,120,38,0,0
DIVERSICARE OF WINFIELD,015376,144 COUNTY HWY 14,WINFIELD,MARION,0,0,4,0,109,3,3,0
LAUDERDALE CHRISTIAN NURSING HOME,015361,2019 COUNTY ROAD 394,KILLEN,LAUDERDALE,0,4,2,0,53,0,3,0
CULLMAN HEALTH CARE CENTER,015048,1607 MAIN AVE NE,CULLMAN,CULLMAN,0,0,3,0,77,0,15,0
MOUNDVILLE HEALTH AND REHABILITATION,015187,THIRD AVENUE    P O BOX 607,MOUNDVILLE,HALE,0,3,13,0,62,2,7,0
FAIRVIEW AT REDSTONE VILLAGE,015454,12000 TURNMEYER DRIVE,HUNTSVILLE,MADISON,0,2,6,0,49,0,4,0
CAPITOL HILL HEALTHCARE CENTER,015390,520 SOUTH HULL STREET,MONTGOMERY,MONTGOMERY,11,9,12,3,194,8,4,0
CROWNE HEALTH CARE OF GREENVILLE,015193,408 COUNTRY CLUB DRIVE,GREENVILLE,BUTLER,57,12,21,19,48,29,7,0
SELMA HEALTH AND REHABILITATION,015119,11 BELL ROAD,SELMA,DALLAS,4,0,0,0,111,1,0,0
EAMC LANIER NURSING HOME,015045,4800 48TH STREET,VALLEY,CHAMBERS,0,14,11,0,89,8,31,0
SUMMERFORD NURSING HOME,015075,4087 HIGHWAY 31 SOUTHWEST,FALKVILLE,MORGAN,2,23,33,0,192,3,58,0
WILLOWBROOKE CT SKILLED CARE CENTER WESTMINSTER VLG,015381,500 SPANISH FORT BLVD,SPANISH FORT,BALDWIN,8,0,6,1,35,6,2,0
OAKWOOD-NORTH BALDWIN'S CENTER FOR LIVING,015417,2010 MEDICAL CENTER DRIVE,BAY MINETTE,BALDWIN,0,5,0,0,68,0,9,0
ARBOR WOODS HEALTH AND REHABILITATION,015141,515 2ND AVENUE NORTHWEST,REFORM,PICKENS,0,0,0,0,52,0,0,0
MARSHALL MANOR NURSING HOME,015378,3120 NORTH STREET,GUNTERSVILLE,MARSHALL,1,2,12,0,75,1,3,0
FALKVILLE HEALTH CARE CENTER,015136,10 WEST 3RD STREET  PO BOX 409,FALKVILLE,MORGAN,7,3,0,0,95,6,16,0
PARK PLACE,015084,100 PARK PLACE,SELMA,DALLAS,4,0,1,1,88,13,0,0
MARION REGIONAL NURSING HOME,015167,184 SASSER DRIVE,HAMILTON,MARION,34,37,19,7,60,24,52,1
MERRY WOOD LODGE,015019,P O BOX 130,ELMORE,ELMORE,45,39,10,3,77,29,9,0
ALBERTVILLE NURSING HOME,015163,750 ALABAMA HIGHWAY 75 NORTH,ALBERTVILLE,MARSHALL,6,6,16,0,143,12,19,0
SOUTH HAMPTON NURSING AND REHABILITATION CENTER,015448,213 WILSON MANN ROAD,OWENS CROSS ROADS,MADISON,0,1,3,0,58,0,5,0
CROSSVILLE HEALTH AND REHABILITATION,015176,8922 HIGHWAY 227,CROSSVILLE,DEKALB,44,4,21,1,134,28,10,0
DIVERSICARE OF LANETT,015196,702 SOUTH 13TH STREET,LANETT,CHAMBERS,0,1,25,0,76,6,6,0
EAST GLEN,015388,53 MEDICAL PARK DRIVE EAST,BIRMINGHAM,JEFFERSON,0,0,0,0,98,0,2,0
COLONIAL HAVEN CARE AND REHABILITATION CENTER,015396,616 ARMORY STREET,GREENSBORO,HALE,39,0,13,11,58,31,0,1
AZALEA GARDENS OF MOBILE,015151,1758 SPRINGHILL AVE,MOBILE,MOBILE,12,1,1,0,87,7,4,0
FAIRHOPE HEALTH AND REHABILITATION,015222,108 SOUTH CHURCH STREET,FAIRHOPE,BALDWIN,0,0,0,0,62,0,0,0
DIVERSICARE OF ONEONTA,015159,215 VALLEY ROAD,ONEONTA,BLOUNT,5,0,8,0,102,8,6,0
AHC MILLENIUM,015458,5275 MILLENNIUM DRIVE,HUNTSVILLE,MADISON,0,9,4,0,86,0,5,0
CRIMSON HEALTH AND REHABILITATION,015037,3312 WOODLEY ROAD,MONTGOMERY,MONTGOMERY,0,0,0,0,45,1,0,0
MOUNT ROYAL TOWERS,015455,300 ROYAL TOWER DRIVE,BIRMINGHAM,JEFFERSON,0,0,4,0,116,0,0,0
DIVERSICARE OF BOAZ,015063,600 CORLEY AVENUE,BOAZ,MARSHALL,3,0,4,0,95,8,0,0
HARTFORD HEALTH CARE,015419,217 TORO ROAD,HARTFORD,GENEVA,0,0,0,0,81,0,1,0
GENERATIONS OF VERNON,015227,1050 CONVALESCENT ROAD,VERNON,LAMAR,0,2,0,0,113,0,11,0
CROWNE HEALTH CARE OF MOBILE,015100,954 NAVCO ROAD,MOBILE,MOBILE,5,0,8,5,103,3,1,1
CHOCTAW HEALTH AND REHABILITATION,015164,1406 EAST PUSHMATAHA STREET,BUTLER,CHOCTAW,46,49,13,9,47,20,24,0
CYPRESS COVE CARE CENTER,015392,200 ALABAMA AVENUE,MUSCLE SHOALS,COLBERT,3,2,6,0,74,2,0,0
LINEVILLE HEALTH AND REHABILITATION,015142,88073 HIGHWAY 9,LINEVILLE,CLAY,0,5,6,0,94,1,13,0
WIREGRASS REHABILITATION CENTER AND NURSING HOME,015150,1200 MAPLE AVENUE WEST,GENEVA,GENEVA,0,0,4,0,90,0,6,0
ANDALUSIA MANOR,015416,670 MOORE RD,ANDALUSIA,COVINGTON,18,7,4,3,111,14,13,0
MOBILE NURSING AND REHABILITATION CENTER,015379,7020 BRUNS DRIVE,MOBILE,MOBILE,0,1,0,0,98,1,3,0
MITCHELL-HOLLINGSWORTH NURSING AND REHABILITATION,015031,805 FLAGG CIRCLE,FLORENCE,LAUDERDALE,2,23,17,0,159,9,35,0
MARENGO NURSING HOME,015330,608 NORTH MAIN STREET,LINDEN,MARENGO,0,1,4,0,65,5,3,0
GULF COAST HEALTH AND REHABILITATION,015456,8002 GRELOT ROAD,MOBILE,MOBILE,1,9,6,0,79,6,1,0
SOUTHLAND NURSING HOME,015104,500 SHIVERS TERRACE,MARION,PERRY,,,,,,,,
WESLEY PLACE ON HONEYSUCKLE,015175,718 HONEYSUCKLE ROAD,DOTHAN,HOUSTON,7,4,0,0,153,8,18,0
ALICEVILLE MANOR NURSING HOME,015137,703 17TH STREET NORTHWEST,ALICEVILLE,PICKENS,0,7,1,0,83,1,10,0
FLORENCE NURSING AND REHABILITATION CENTER,015169,2107 CLOYD BLVD,FLORENCE,LAUDERDALE,23,13,15,2,134,20,9,0
BROOKDALE UNIVERSITY PARK SNF (AL),015423,501 UNIVERSITY PARK DRIVE,BIRMINGHAM,JEFFERSON,5,2,16,0,30,3,14,0
SHADESCREST HEALTH CARE CENTER,015114,331 WEST 25TH STREET,JASPER,WALKER,19,7,1,0,83,19,19,0
ANNISTON HEALTH AND REHABILITATION SERVICES,015375,600 E 8TH STREET,ANNISTON,CALHOUN,0,0,1,0,62,1,0,0
CLOVERDALE REHABILITATION AND NURSING CENTER,015184,412 CLOVERDALE ROAD,SCOTTSBORO,JACKSON,1,3,19,0,123,0,16,0
CAREGIVERS OF PLEASANT GROVE,015044,700 FIRST AVENUE,PLEASANT GROVE,JEFFERSON,23,21,14,11,41,8,0,0
VILLAGE AT COOK SPRINGS SKILLED NURSING FACILITY,015195,415 COOK SPRINGS,PELL CITY,ST. CLAIR,0,4,1,0,132,2,7,0
OAK TRACE CARE AND REHABILITATION CENTER,015050,325 SELMA ROAD,BESSEMER,JEFFERSON,0,0,4,0,66,0,0,0
ROBERTSDALE REHABILITATION AND HEALTHCARE CENTER,015443,18700 U S HIGHWAY 90,ROBERTSDALE,BALDWIN,19,0,0,0,114,21,0,0
WESTSIDE TERRACE HEALTH AND REHABILITATION CENTER,015425,501 NORTH WOODBURN DRIVE,DOTHAN,HOUSTON,1,5,5,0,139,1,8,0
KNOLLWOOD HEALTHCARE,015463,3151-A KNOLLWOOD DRIVE,MOBILE,MOBILE,22,18,15,13,50,31,33,0
CANTERBURY HEALTH CARE FACILITY,015382,1720 KNOWLES ROAD,PHENIX CITY,RUSSELL,0,0,1,0,121,0,0,0
RIDGEWOOD HEALTH SERVICES,015315,201 OAKHILL ROAD,JASPER,WALKER,9,1,12,1,69,11,0,0
WOODLAND VILLAGE REHABILITATION AND HEALTHCARE CENTER,015383,1900 OLIVE STREET,CULLMAN,CULLMAN,2,10,31,0,114,1,30,0
FOREST MANOR HEALTH AND REHABILITATION,015143,2215 32ND STREET,NORTHPORT,TUSCALOOSA,34,19,14,5,132,28,33,1
TALLASSEE HEALTH AND REHABILITATION,015139,2639 GILMER AVENUE  P O BOX 780277,TALLASSEE,ELMORE,1,0,18,0,86,4,8,0
EASTERN SHORE REHABILITATION AND HEALTH CENTER,015049,"101 VILLA DRIVE, P O BOX 1090",DAPHNE,BALDWIN,4,18,22,0,75,6,2,0
OAK PARK,015452,1365 GATEWOOD DRIVE,AUBURN,LEE,0,6,2,0,79,0,7,0
MAGNOLIA HAVEN HEALTH AND REHABILITATION CENTER,015112,603 WRIGHT STREET,TUSKEGEE,MACON,,,,,,,,
DADEVILLE HEALTHCARE CENTER,015166,351 NORTH EAST STREET,DADEVILLE,TALLAPOOSA,48,2,7,6,85,16,1,0
CROWNE HEALTH CARE OF FT PAYNE,015156,403 13TH STREET NORTHWEST,FORT PAYNE,DEKALB,0,0,0,0,105,0,0,0
MONTGOMERY CHILDREN'S SPECIALTY CENTER,01A208,2853 FORBES DRIVE,MONTGOMERY,MONTGOMERY,1,0,0,0,45,7,1,0
BARON HOUSE OF HUEYTOWN,015404,190 BROOKLANE DRIVE,HUEYTOWN,JEFFERSON,3,0,14,11,27,23,23,0
CAMDEN NURSING FACILITY,015374,210 PONDEROSA DRIVE,CAMDEN,WILCOX,25,4,9,6,53,21,6,0
MONTGOMERY HEALTH AND REHABILITATION,015228,4490 VIRGINIA LOOP ROAD,MONTGOMERY,MONTGOMERY,0,0,3,0,74,1,12,0
COOSA VALLEY HEALTH AND REHABILITATION,015174,513 PINEVIEW AVENUE,GLENCOE,ETOWAH,0,1,2,0,97,0,1,0
ORCHARD REHABILITATION AND HEALTHCARE CENTER,015442,629 STATE HIGHWAY 21 SOUTH,HAYNEVILLE,LOWNDES,1,0,3,3,51,1,0,0
SANCTUARY AT THE WOODLANDS,015471,1910 CHEROKEE  AVENUE SW,CULLMAN,CULLMAN,,,,,,,,
SOUTHERN SPRINGS HEALTHCARE FACILITY,015171,745 SOUTHERN SPRINGS ROAD,UNION SPRINGS,BULLOCK,56,42,12,9,85,39,6,0
WEST HILL HEALTH AND REHABILITATION,015303,1028 BESSEMER RD,BIRMINGHAM,JEFFERSON,51,0,4,1,64,14,0,0
PHENIX CITY HEALTH CARE,015331,3900 LAKEWOOD DRIVE,PHENIX CITY,RUSSELL,0,0,3,0,78,0,1,0
ASHLAND PLACE HEALTH AND REHABILITATION,015103,148 TUSCALOOSA ST,MOBILE,MOBILE,80,19,30,21,92,20,5,0
ATHENS HEALTH AND REHABILITATION,015016,611 WEST MARKET STREET,ATHENS,LIMESTONE,0,5,24,0,117,0,11,0
TRUSSVILLE HEALTH AND REHABILITATION CENTER,015467,119 WATTERSON PARKWAY,TRUSSVILLE,JEFFERSON,0,0,5,0,94,0,1,0
TERRACE OAKS CARE AND REHABILITATION CENTER,015060,4201 BESSEMER SUPER HIGHWAY,BESSEMER,JEFFERSON,0,0,0,0,55,0,0,0
GRAND BAY CONVALESCENT HOME,015406,13750 HIGHWAY 90 WEST P.O. BOX 328,GRAND BAY,MOBILE,0,2,6,0,64,0,0,0
PALM GARDENS HEALTH AND REHABILITATION,015403,3104 DAUPHIN SQUARE CONNECTOR,MOBILE,MOBILE,1,5,11,0,85,2,6,0
CROWNE HEALTH CARE OF MONTGOMERY,015393,1837 UPPER WETUMPKA ROAD,MONTGOMERY,MONTGOMERY,2,0,12,0,148,4,4,0
HALEYVILLE HEALTH CARE CENTER,015157,2201 11TH AVENUE,HALEYVILLE,WINSTON,2,2,14,1,50,1,10,0
ASPIRE PHYSICAL RECOVERY CENTER AT HOOVER,015464,575 SOUTHLAND DRIVE,HOOVER,JEFFERSON,2,17,16,0,76,3,24,0
HUNTSVILLE HEALTH AND REHABILITATION,015440,4010 CHRIS DRIVE,HUNTSVILLE,MADISON,2,5,9,0,86,0,5,0
JOHN KNOX MANOR INC I I,015135,4401 NARROW LANE ROAD,MONTGOMERY,MONTGOMERY,0,1,0,0,55,1,6,0
ENGLEWOOD HEALTH CARE CENTER,015322,2046 SOUTH ALABAMA AVE,MONROEVILLE,MONROE,0,2,4,0,76,3,9,0
CHERRY HILL REHABILITATION AND HEALTHCARE CENTER,015445,1250 JEFF GERMANY PARKWAY,BIRMINGHAM,JEFFERSON,,,,,,,,
HENDRIX HEALTH AND REHABILITATION,015138,1000 HIGHWAY 33,DOUBLE SPRINGS,WINSTON,33,8,12,0,100,14,12,0
RUSSELLVILLE HEALTH CARE,015071,705 NORTHEAST GANDY STREET,RUSSELLVILLE,FRANKLIN,33,16,2,1,43,18,22,0
HERITAGE HEALTH CARE AND REHABILITATION,015371,1101 SNOWS MILL AVENUE,TUSCALOOSA,TUSCALOOSA,0,21,16,0,141,0,16,0
BIRMINGHAM NURSING AND REHABILITATION CENTER,015217,1000 DUGAN AVENUE,BIRMINGHAM,JEFFERSON,0,13,7,0,122,0,11,0
TWIN OAKS REHABILITATION AND HEALTHCARE CENTER,015211,857 CRAWFORD LANE,MOBILE,MOBILE,5,0,0,0,116,4,0,0
ATMORE NURSING CENTER,015129,715 EAST LAUREL STREET,ATMORE,ESCAMBIA,28,1,5,4,72,17,6,0
RIVER CITY CENTER,015113,1350 FOURTEENTH AVENUE SOUTHEAST,DECATUR,MORGAN,21,3,13,0,128,5,0,0
DIVERSICARE OF BESSEMER,015209,820 GOLF COURSE ROAD,BESSEMER,JEFFERSON,62,2,34,26,120,38,3,1
LEGACY HEALTH AND REHABILITATION OF PLEASANT GROVE,015461,30 7TH STREET,PLEASANT GROVE,JEFFERSON,1,32,7,0,118,5,10,0
CROWNE HEALTH CARE OF CITRONELLE,015121,19225 NORTH 4TH STREET,CITRONELLE,MOBILE,0,0,3,0,64,0,0,0
OAKVIEW MANOR HEALTH CARE CENTER,015216,929 MIXON SCHOOL ROAD,OZARK,DALE,0,10,11,0,119,4,6,0
PARK MANOR HEALTH AND REHABILITATION,015326,2201 MCFARLAND BOULEVARD,NORTHPORT,TUSCALOOSA,0,9,12,0,130,4,13,0
FAYETTE MEDICAL CENTER LONG TERM CARE UNIT,015154,1653 TEMPLE AVENUE NORTH,FAYETTE,FAYETTE,0,7,2,0,102,1,2,0
JACKSONVILLE HEALTH AND REHABILITATION,015391,410 WILSON DRIVE SOUTHWEST,JACKSONVILLE,CALHOUN,0,2,12,0,150,0,0,0
BROOKSHIRE HEALTHCARE CENTER,015127,4320 JUDITH LANE,HUNTSVILLE,MADISON,0,0,0,0,115,0,0,0
OPP HEALTH AND REHABILITATION,015210,115 PAULK AVENUE  P O BOX 730,OPP,COVINGTON,64,4,22,5,158,32,5,0
OAKS ON PARKWOOD SKILLED NURSING FACILITY,015369,2625 LAUREL OAK DRIVE,BESSEMER,JEFFERSON,0,0,30,0,118,2,3,0
BROWN NURSING HOME,015191,2334 WASHINGTON STREET,ALEXANDER CITY,TALLAPOOSA,0,0,3,0,64,0,7,0
LONGLEAF HEALTH AND REHABILITATION,015469,1300 E SOUTH BLVD,MONTGOMERY,MONTGOMERY,0,0,0,0,0,0,0,0
FAIR HAVEN,015076,1424 MONTCLAIR ROAD,BIRMINGHAM,JEFFERSON,10,1,14,1,216,5,0,0
CROWNE HEALTH CARE OF SPRINGHILL,015426,3712 DAUPHIN ST,MOBILE,MOBILE,0,0,0,0,19,0,0,0
ASPIRE PHYSICAL RECOVERY CENTER AT CAHABA RIVER,015468,3070 HEALTHY WAY,VESTAVIA,JEFFERSON,3,1,13,0,101,1,2,0
SPRINGHILL SENIOR RESIDENCE,015435,3717 DAUPHIN STREET,MOBILE,MOBILE,0,25,7,0,66,3,53,0
TROY HEALTH AND REHABILITATION CENTER,015213,515 ELBA HIGHWAY,TROY,PIKE,22,45,12,2,138,8,34,0
NORTH MOBILE NURSING AND REHABILITATION CENTER,015183,4525 ST STEPHENS ROAD,EIGHT MILE,MOBILE,45,36,18,13,122,28,26,0
LAFAYETTE NURSING HOME,015414,555 B STREET SW,LAFAYETTE,CHAMBERS,4,0,5,0,49,0,0,0
PERRY COUNTY NURSING HOME,015158,505 EAST LAFAYETTE STREET,MARION,PERRY,0,1,0,0,59,7,2,0
CROWNE HEALTH CARE OF THOMASVILLE,015220,1425 MOSLEY DRIVE,THOMASVILLE,CLARKE,3,0,0,0,66,8,0,0
ALLEN HEALTH AND REHABILITATION,015098,735 SOUTH WASHINGTON AVENUE,MOBILE,MOBILE,9,23,6,2,72,18,6,0
GENERATIONS OF RED BAY,015201,106 TENTH AVENUE NORTHWEST,RED BAY,FRANKLIN,1,3,8,0,60,1,34,0
ADAMS NURSING HOME,015386,1555 HILLABEE STREET,ALEXANDER CITY,TALLAPOOSA,0,0,2,0,58,2,6,0
CHEROKEE COUNTY HEALTH AND REHABILITATION CENTER,015200,877 CEDAR BLUFF ROAD,CENTRE,CHEROKEE,15,0,18,6,147,5,0,0
BARFIELD HEALTH CARE,015225,22444 HIGHWAY 431,GUNTERSVILLE,MARSHALL,0,7,26,0,102,0,21,0
DIVERSICARE OF FOLEY,015032,1701 NORTH ALSTON STREET,FOLEY,BALDWIN,0,0,0,0,129,3,4,0
"NHC HEALTHCARE, MOULTON",015128,300 HOSPITAL STREET,MOULTON,LAWRENCE,0,0,0,0,114,0,0,0
MADISON MANOR NURSING HOME,015214,3891 SULLIVAN ST,MADISON,MADISON,0,7,5,0,68,0,5,0
AHAVA HEALTHCARE OF ALABASTER,015144,"850 9TH STREET, NORTHWEST",ALABASTER,SHELBY,0,3,0,0,158,1,15,0
BIBB MED CENTER NURSING HOME,015215,208 PIERSON AVE,CENTREVILLE,BIBB,0,0,4,0,121,0,0,0
DIVERSICARE OF PELL CITY,015189,"510 WOLF CREEK ROAD, NORTH",PELL CITY,ST. CLAIR,0,0,4,0,76,0,2,0
NORTHSIDE HEALTH CARE,015223,700 HUTCHINS AVENUE,GADSDEN,ETOWAH,0,0,0,0,91,0,2,0
FATHER PURCELL MEMORIAL EXCEPTIONAL CHILDREN'S CENTER,01A193,2048 W FAIRVIEW AVE,MONTGOMERY,MONTGOMERY,7,0,0,0,47,2,0,0
DIVERSICARE OF OXFORD,015132,1130 SOUTH HALE STREET,OXFORD,CALHOUN,0,0,2,0,131,0,0,0
CHARLTON PLACE REHABILITATION AND HEALTHCARE CENTER,015460,65 CHARLTON PLACE,DEATSVILLE,ELMORE,1,0,0,0,53,1,0,0
ARBOR SPRINGS HEALTH AND REHABILITATION CENTER,015192,1910 PEPPERELL PKWY,OPELIKA,LEE,68,0,49,19,106,42,1,0
HENRY COUNTY HEALTH AND REHABILITATION FACILITY,015373,212 DOTHAN ROAD,ABBEVILLE,HENRY,23,65,25,4,79,19,53,0
HUNTER CREEK HEALTH AND REHABILITATION,015034,600 34TH ST,NORTHPORT,TUSCALOOSA,43,6,6,4,68,10,8,0
COLUMBIANA HEALTH AND REHABILITATION,015453,22969 HIGHWAY 25,COLUMBIANA,SHELBY,39,18,18,9,35,33,10,0
SHELBY RIDGE NURSING HOME,015411,881 3RD STREET NORTHEAST,ALABASTER,SHELBY,23,44,22,4,118,15,32,0
BIRMINGHAM NURSING AND REHABILITATION CENTER EAST,015134,733 MARY VANN LANE,BIRMINGHAM,JEFFERSON,0,0,5,0,126,1,0,0
SOUTH HEALTH AND REHABILITATION,015097,1220 SOUTH 17TH STREET,BIRMINGHAM,JEFFERSON,23,1,2,0,68,13,3,0
RIVER CITY CENTER,015113,1350 FOURTEENTH AVENUE SOUTHEAST,DECATUR,MORGAN,21,4,14,0,130,7,0,0
ENGLEWOOD HEALTH CARE CENTER,015322,2046 SOUTH ALABAMA AVE,MONROEVILLE,MONROE,0,2,4,0,78,5,9,0
WOODHAVEN MANOR NURSING HOME,015177,105 WEST WINDSOR ST,DEMOPOLIS,MARENGO,8,11,3,1,61,3,13,0
OAKS ON PARKWOOD SKILLED NURSING FACILITY,015369,2625 LAUREL OAK DRIVE,BESSEMER,JEFFERSON,0,0,31,0,120,2,3,0
RUSSELLVILLE HEALTH CARE,015071,705 NORTHEAST GANDY STREET,RUSSELLVILLE,FRANKLIN,33,16,5,3,41,21,22,0
HERITAGE HEALTH CARE AND REHABILITATION,015371,1101 SNOWS MILL AVENUE,TUSCALOOSA,TUSCALOOSA,0,23,16,0,143,0,19,0
JACKSONVILLE HEALTH AND REHABILITATION,015391,410 WILSON DRIVE SOUTHWEST,JACKSONVILLE,CALHOUN,0,2,12,0,150,0,0,0
ATMORE NURSING CENTER,015129,715 EAST LAUREL STREET,ATMORE,ESCAMBIA,29,2,6,5,70,18,7,0
DIVERSICARE OF BESSEMER,015209,820 GOLF COURSE ROAD,BESSEMER,JEFFERSON,62,2,37,26,122,38,3,1
PRATTVILLE HEALTH AND REHABILITATION,015065,601 JASMINE TRAIL,PRATTVILLE,AUTAUGA,15,10,21,2,110,16,12,0
SIGNATURE HEALTHCARE OF WHITESBURG GARDENS,015116,105 TEAKWOOD DRIVE SW,HUNTSVILLE,MADISON,0,0,0,0,111,0,0,0
CHERRY HILL REHABILITATION AND HEALTHCARE CENTER,015445,1250 JEFF GERMANY PARKWAY,BIRMINGHAM,JEFFERSON,,,,,,,,
HENDRIX HEALTH AND REHABILITATION,015138,1000 HIGHWAY 33,DOUBLE SPRINGS,WINSTON,38,8,14,0,92,17,12,0
HARTFORD HEALTH CARE,015419,217 TORO ROAD,HARTFORD,GENEVA,0,0,0,0,84,0,1,0
HATLEY HEALTH CARE,015023,300 MEDICAL CENTER DRIVE,CLANTON,CHILTON,0,12,4,0,124,1,11,0
ASPIRE PHYSICAL RECOVERY CENTER AT HOOVER,015464,575 SOUTHLAND DRIVE,HOOVER,JEFFERSON,2,17,16,0,81,3,24,0
SPRINGHILL SENIOR RESIDENCE,015435,3717 DAUPHIN STREET,MOBILE,MOBILE,0,26,7,0,64,4,56,0
ASPIRE PHYSICAL RECOVERY CENTER AT CAHABA RIVER,015468,3070 HEALTHY WAY,VESTAVIA,JEFFERSON,3,1,13,0,93,1,2,0
LAUDERDALE CHRISTIAN NURSING HOME,015361,2019 COUNTY ROAD 394,KILLEN,LAUDERDALE,0,5,5,0,50,0,4,0
NORTH MOBILE NURSING AND REHABILITATION CENTER,015183,4525 ST STEPHENS ROAD,EIGHT MILE,MOBILE,45,36,18,13,122,29,26,0
GENERATIONS OF RED BAY,015201,106 TENTH AVENUE NORTHWEST,RED BAY,FRANKLIN,1,3,8,0,60,1,35,0
OPP HEALTH AND REHABILITATION,015210,115 PAULK AVENUE  P O BOX 730,OPP,COVINGTON,73,4,28,11,135,35,5,0
EAMC LANIER NURSING HOME,015045,4800 48TH STREET,VALLEY,CHAMBERS,0,17,11,0,88,8,31,0
FAIR HAVEN,015076,1424 MONTCLAIR ROAD,BIRMINGHAM,JEFFERSON,21,1,14,1,214,7,0,0
MERRY WOOD LODGE,015019,P O BOX 130,ELMORE,ELMORE,52,39,13,4,73,31,11,0
LEGACY HEALTH AND REHABILITATION OF PLEASANT GROVE,015461,30 7TH STREET,PLEASANT GROVE,JEFFERSON,1,32,7,0,114,5,10,0
OAKVIEW MANOR HEALTH CARE CENTER,015216,929 MIXON SCHOOL ROAD,OZARK,DALE,5,11,12,1,115,8,12,0
BARFIELD HEALTH CARE,015225,22444 HIGHWAY 431,GUNTERSVILLE,MARSHALL,0,8,27,0,107,1,23,0
LONGLEAF HEALTH AND REHABILITATION,015469,1300 E SOUTH BLVD,MONTGOMERY,MONTGOMERY,0,0,0,0,0,0,0,0
CROWNE HEALTH CARE OF CITRONELLE,015121,19225 NORTH 4TH STREET,CITRONELLE,MOBILE,0,0,4,0,65,0,0,0
CAPITOL HILL HEALTHCARE CENTER,015390,520 SOUTH HULL STREET,MONTGOMERY,MONTGOMERY,19,14,14,4,193,13,10,0
FAYETTE MEDICAL CENTER LONG TERM CARE UNIT,015154,1653 TEMPLE AVENUE NORTH,FAYETTE,FAYETTE,0,8,2,0,102,1,4,0
FALKVILLE HEALTH CARE CENTER,015136,10 WEST 3RD STREET  PO BOX 409,FALKVILLE,MORGAN,21,12,2,2,93,11,20,0
LAFAYETTE NURSING HOME,015414,555 B STREET SW,LAFAYETTE,CHAMBERS,4,0,5,0,49,1,0,0
COLONIAL HAVEN CARE AND REHABILITATION CENTER,015396,616 ARMORY STREET,GREENSBORO,HALE,40,0,13,11,60,33,0,1
SELMA HEALTH AND REHABILITATION,015119,11 BELL ROAD,SELMA,DALLAS,6,0,0,0,111,1,0,0
SUMMERFORD NURSING HOME,015075,4087 HIGHWAY 31 SOUTHWEST,FALKVILLE,MORGAN,2,23,34,0,189,3,58,0
OAKWOOD-NORTH BALDWIN'S CENTER FOR LIVING,015417,2010 MEDICAL CENTER DRIVE,BAY MINETTE,BALDWIN,0,5,0,0,68,1,12,0
SOUTH HAMPTON NURSING AND REHABILITATION CENTER,015448,213 WILSON MANN ROAD,OWENS CROSS ROADS,MADISON,0,1,3,0,59,0,5,0
FAIRVIEW AT REDSTONE VILLAGE,015454,12000 TURNMEYER DRIVE,HUNTSVILLE,MADISON,0,2,6,0,47,1,4,0
GREENBRIAR AT THE ALTAMONT SKILLED NURSING FACILIT,015446,2831 HIGHLAND AVENUE SOUTH,BIRMINGHAM,JEFFERSON,25,0,6,4,70,23,0,0
WILLOWBROOKE CT SKILLED CARE CENTER WESTMINSTER VLG,015381,500 SPANISH FORT BLVD,SPANISH FORT,BALDWIN,8,0,7,1,36,6,2,0
DIVERSICARE OF OXFORD,015132,1130 SOUTH HALE STREET,OXFORD,CALHOUN,0,0,2,0,126,1,0,0
BIBB MED CENTER NURSING HOME,015215,208 PIERSON AVE,CENTREVILLE,BIBB,0,0,4,0,121,0,0,0
COLUMBIANA HEALTH AND REHABILITATION,015453,22969 HIGHWAY 25,COLUMBIANA,SHELBY,39,18,18,9,43,33,10,0
AHC MILLENIUM,015458,5275 MILLENNIUM DRIVE,HUNTSVILLE,MADISON,0,9,4,0,85,0,5,0
AZALEA GARDENS OF MOBILE,015151,1758 SPRINGHILL AVE,MOBILE,MOBILE,13,1,1,0,87,7,4,0
DIVERSICARE OF BOAZ,015063,600 CORLEY AVENUE,BOAZ,MARSHALL,3,0,4,0,96,8,0,0
CHARLTON PLACE REHABILITATION AND HEALTHCARE CENTER,015460,65 CHARLTON PLACE,DEATSVILLE,ELMORE,1,0,0,0,54,1,0,0
ENTERPRISE HEALTH AND REHABILITATION CENTER,015320,300 PLAZA DRIVE P O BOX 311227,ENTERPRISE,COFFEE,2,0,36,0,177,14,19,0
CROSSVILLE HEALTH AND REHABILITATION,015176,8922 HIGHWAY 227,CROSSVILLE,DEKALB,56,4,22,2,119,31,10,0
DIVERSICARE OF LANETT,015196,702 SOUTH 13TH STREET,LANETT,CHAMBERS,2,1,26,0,74,6,6,0
NORTHSIDE HEALTH CARE,015223,700 HUTCHINS AVENUE,GADSDEN,ETOWAH,0,0,0,0,91,0,4,0
MOUNT ROYAL TOWERS,015455,300 ROYAL TOWER DRIVE,BIRMINGHAM,JEFFERSON,0,0,4,0,114,0,0,0
TLC NURSING CENTER,015422,212 ELLEN STREET,ONEONTA,BLOUNT,1,0,9,0,95,1,0,0
BURNS NURSING HOME,015009,701 MONROE STREET NW,RUSSELLVILLE,FRANKLIN,45,1,6,5,47,35,14,0
DECATUR HEALTH AND REHABILITATION CENTER,015206,2326 MORGAN AVENUE SOUTHWEST,DECATUR,MORGAN,18,65,1,0,79,11,15,0
GRAND BAY CONVALESCENT HOME,015406,13750 HIGHWAY 90 WEST P.O. BOX 328,GRAND BAY,MOBILE,0,2,6,0,66,2,0,0
CLEBURNE COUNTY NURSING HOME,015053,122 BROCKFORD ROAD,HEFLIN,CLEBURNE,,,,,,,,
KENSINGTON HEALTH AND REHABILITATION,015429,550 CONGRESS STREET,MOBILE,MOBILE,37,2,6,3,101,29,8,0
TRUSSVILLE HEALTH AND REHABILITATION CENTER,015467,119 WATTERSON PARKWAY,TRUSSVILLE,JEFFERSON,0,0,5,0,94,0,2,0
NORTH HILL NURSING AND REHABILITATION CENTER,015091,200 NORTH PINE HILL ROAD,BIRMINGHAM,JEFFERSON,13,12,10,4,170,3,1,0
EL REPOSO NURSING FACILITY,015402,260 MILNER CHAPEL ROAD,FLORENCE,LAUDERDALE,0,2,5,0,58,0,7,0
LIGHTHOUSE REHABILITATION AND HEALTHCARE CENTER,015413,2911 EARL GOODWIN PARKWAY,SELMA,DALLAS,11,4,6,2,59,6,2,0
CHAPMAN HEALTHCARE CENTER,015221,3701 DADEVILLE ROAD,ALEXANDER CITY,TALLAPOOSA,6,0,5,1,141,4,0,0
GEORGIANA HEALTH AND REHABILITATION,015182,206 PALMER AVENUE,GEORGIANA,BUTLER,28,1,10,2,72,8,4,0
DIVERSICARE OF ONEONTA,015159,215 VALLEY ROAD,ONEONTA,BLOUNT,5,0,8,0,102,10,6,0
CIVIC CENTER HEALTH AND REHABILITATION,015109,1201 22ND STREET NORTH,BIRMINGHAM,JEFFERSON,0,4,8,0,85,1,1,0
CROWNE HEALTH CARE OF EUFAULA,015199,430 RIVERS AVENUE,EUFAULA,BARBOUR,43,22,10,2,136,10,18,0
ARBOR WOODS HEALTH AND REHABILITATION,015141,515 2ND AVENUE NORTHWEST,REFORM,PICKENS,0,0,0,0,53,0,0,0
NORTHWAY HEALTH AND REHABILITATION,015047,1424 NORTH 25TH STREET,BIRMINGHAM,JEFFERSON,0,5,6,0,106,0,2,0
TRAYLOR RETIREMENT COMMUNITY,015126,1235 YANCEY STREET  P O BOX 467,ROANOKE,RANDOLPH,35,0,10,7,82,16,3,0
SELF HEALTH CARE AND REHABILITATION CENTER,015212,131 EAST CREST ROAD,HUEYTOWN,JEFFERSON,1,1,3,0,67,0,2,0
VILLAGE AT COOK SPRINGS SKILLED NURSING FACILITY,015195,415 COOK SPRINGS,PELL CITY,ST. CLAIR,0,4,1,0,133,2,8,0
ROBERTSDALE REHABILITATION AND HEALTHCARE CENTER,015443,18700 U S HIGHWAY 90,ROBERTSDALE,BALDWIN,20,0,0,0,110,21,0,0
ANNISTON HEALTH AND REHABILITATION SERVICES,015375,600 E 8TH STREET,ANNISTON,CALHOUN,0,0,1,0,61,1,0,0
SOUTHLAND NURSING HOME,015104,500 SHIVERS TERRACE,MARION,PERRY,,,,,,,,
GENERATIONS OF VERNON,015227,1050 CONVALESCENT ROAD,VERNON,LAMAR,0,3,0,0,113,0,14,0
FLORALA HEALTH AND REHABILITATION,015451,23621 GOLDENROD AVENUE,FLORALA,COVINGTON,0,0,6,0,76,0,1,0
TALLASSEE HEALTH AND REHABILITATION,015139,2639 GILMER AVENUE  P O BOX 780277,TALLASSEE,ELMORE,1,0,18,0,90,4,8,0
SHADESCREST HEALTH CARE CENTER,015114,331 WEST 25TH STREET,JASPER,WALKER,20,8,4,3,80,21,28,0
ALBERTVILLE NURSING HOME,015163,750 ALABAMA HIGHWAY 75 NORTH,ALBERTVILLE,MARSHALL,16,7,16,0,143,22,19,0
HANCEVILLE NURSING AND REHABILITATION CENTER,015073,420 MAIN STREET NE,HANCEVILLE,CULLMAN,10,5,4,0,195,6,5,0
LAFAYETTE EXTENDED CARE,015197,805 HOSPITAL STREET SOUTHWEST,LAFAYETTE,CHAMBERS,0,0,1,1,56,0,1,0
CLOVERDALE REHABILITATION AND NURSING CENTER,015184,412 CLOVERDALE ROAD,SCOTTSBORO,JACKSON,1,3,19,0,129,1,17,0
OAK TRACE CARE AND REHABILITATION CENTER,015050,325 SELMA ROAD,BESSEMER,JEFFERSON,0,0,4,0,68,0,0,0
CUMBERLAND HEALTH AND REHABILITATION,015420,47065 AL HIGHWAY 277,BRIDGEPORT,JACKSON,0,0,1,0,83,0,7,0
MOBILE NURSING AND REHABILITATION CENTER,015379,7020 BRUNS DRIVE,MOBILE,MOBILE,0,1,0,0,99,1,4,0
COOSA VALLEY HEALTH AND REHABILITATION,015174,513 PINEVIEW AVENUE,GLENCOE,ETOWAH,0,1,3,0,99,0,2,0
FLORENCE NURSING AND REHABILITATION CENTER,015169,2107 CLOYD BLVD,FLORENCE,LAUDERDALE,32,13,20,6,129,26,9,0
MONTGOMERY HEALTH AND REHABILITATION,015228,4490 VIRGINIA LOOP ROAD,MONTGOMERY,MONTGOMERY,0,1,3,0,74,1,13,0
WILLOWBROOKE CT SKILLED CARE CENTER AT MAGNOLIA TRACE,015450,ONE CROWN CIRCLE,HUNTSVILLE,MADISON,0,0,3,0,48,0,0,0
ASHLAND PLACE HEALTH AND REHABILITATION,015103,148 TUSCALOOSA ST,MOBILE,MOBILE,80,19,30,21,91,21,5,0
ORCHARD REHABILITATION AND HEALTHCARE CENTER,015442,629 STATE HIGHWAY 21 SOUTH,HAYNEVILLE,LOWNDES,1,0,3,3,54,5,0,0
SOUTHERN SPRINGS HEALTHCARE FACILITY,015171,745 SOUTHERN SPRINGS ROAD,UNION SPRINGS,BULLOCK,57,42,12,9,85,40,6,0
TERRACE OAKS CARE AND REHABILITATION CENTER,015060,4201 BESSEMER SUPER HIGHWAY,BESSEMER,JEFFERSON,3,0,0,0,55,6,0,0
EASTERN SHORE REHABILITATION AND HEALTH CENTER,015049,"101 VILLA DRIVE, P O BOX 1090",DAPHNE,BALDWIN,4,19,24,0,74,6,2,0
FATHER PURCELL MEMORIAL EXCEPTIONAL CHILDREN'S CENTER,01A193,2048 W FAIRVIEW AVE,MONTGOMERY,MONTGOMERY,10,0,0,0,47,3,0,0
DIVERSICARE OF BIG SPRINGS,015111,500 ST. CLAIR AVENUE SOUTHWEST,HUNTSVILLE,MADISON,0,4,0,0,111,2,7,0
BARON HOUSE OF HUEYTOWN,015404,190 BROOKLANE DRIVE,HUEYTOWN,JEFFERSON,3,0,17,11,24,23,23,0
GADSDEN HEALTH AND REHABILITATION CENTER,015180,1945 DAVIS DRIVE,GADSDEN,ETOWAH,1,0,4,0,135,0,0,0
OAK KNOLL HEALTH AND REHABILITATION,015117,824 SIXTH AVENUE WEST,BIRMINGHAM,JEFFERSON,0,0,5,0,91,0,0,0
WEST GATE VILLAGE,015035,100 PINEVIEW AND THIRD P.O. BOX 49,BREWTON,ESCAMBIA,47,7,0,0,95,20,15,0
PALM GARDENS HEALTH AND REHABILITATION,015403,3104 DAUPHIN SQUARE CONNECTOR,MOBILE,MOBILE,1,5,12,0,79,5,6,0
GOODWATER HEALTHCARE CENTER,015204,16 JONES HILL ROAD,GOODWATER,COOSA,0,0,1,0,63,0,0,0
KIRKWOOD BY THE RIVER,015457,3605 RATLIFF ROAD,BIRMINGHAM,JEFFERSON,4,0,2,2,44,2,0,0
COOSA VALLEY HEALTHCARE CENTER,015010,260 WEST WALNUT STREET,SYLACAUGA,TALLADEGA,0,29,0,0,77,3,29,0
ALTOONA HEALTH AND REHABILITATION,015101,6532 WALNUT GROVE ROAD,ALTOONA,ETOWAH,1,0,0,0,48,1,0,0
BROWN NURSING HOME,015191,2334 WASHINGTON STREET,ALEXANDER CITY,TALLAPOOSA,0,0,3,0,64,0,7,0
KELLER LANDING,015028,813 KELLER LANE,TUSCUMBIA,COLBERT,4,1,5,0,68,13,1,0
BIRMINGHAM NURSING AND REHABILITATION CENTER,015217,1000 DUGAN AVENUE,BIRMINGHAM,JEFFERSON,0,13,8,0,124,1,12,0
PARK MANOR HEALTH AND REHABILITATION,015326,2201 MCFARLAND BOULEVARD,NORTHPORT,TUSCALOOSA,0,9,12,0,137,4,16,0
GREENE COUNTY NURSING HOME,015178,509 WILSON AVE,EUTAW,GREENE,20,0,11,11,37,1,0,0
ELBA NURSING AND REHABILITATION CENTER,015083,987 DRAYTON STREET,ELBA,COFFEE,14,7,8,0,96,4,6,0
PLANTATION MANOR NURSING HOME,015015,6450 OLD TUSCALOOSA HIGHWAY   P O BOX 97,MC CALLA,JEFFERSON,0,0,2,0,81,0,0,0
TWIN OAKS REHABILITATION AND HEALTHCARE CENTER,015211,857 CRAWFORD LANE,MOBILE,MOBILE,6,0,0,0,115,11,5,0
SUNSET MANOR,015149,251 SUNSET PLACE,GUIN,MARION,0,5,3,0,63,0,2,0
TROY HEALTH AND REHABILITATION CENTER,015213,515 ELBA HIGHWAY,TROY,PIKE,22,45,12,2,139,8,34,0
MOUNDVILLE HEALTH AND REHABILITATION,015187,THIRD AVENUE    P O BOX 607,MOUNDVILLE,HALE,0,5,13,0,60,4,7,0
MONROE MANOR HEALTH AND REHABILITATION CENTER,015398,236 WEST CLAIBORNE STREET,MONROEVILLE,MONROE,4,1,1,0,73,9,13,0
SYLACAUGA HEALTH AND REHABILITATION SERVICES,015160,1007 W FORT WILLIAMS ST,SYLACAUGA,TALLADEGA,0,7,18,0,138,0,12,0
SPRINGHILL MANOR NURSING HOME,015415,3900 OLD SHELL ROAD,MOBILE,MOBILE,0,1,2,0,30,1,1,0
HILLVIEW TERRACE,015436,100 PERRY HILL RD,MONTGOMERY,MONTGOMERY,50,7,29,8,125,39,0,0
HALEYVILLE HEALTH CARE CENTER,015157,2201 11TH AVENUE,HALEYVILLE,WINSTON,2,2,14,1,51,2,10,0
PIEDMONT HEALTH CARE CENTER,015194,30 ROUNDTREE DRIVE,PIEDMONT,CALHOUN,0,0,7,0,75,0,0,0
HUNTSVILLE HEALTH AND REHABILITATION,015440,4010 CHRIS DRIVE,HUNTSVILLE,MADISON,2,5,9,0,85,0,5,0
CLAY COUNTY NURSING HOME,015124,83825 HIGHWAY 9   P O BOX 1270,ASHLAND,CLAY,0,1,0,0,74,0,4,0
ARLINGTON REHABILITATION AND HEALTHCARE CENTER,015153,"1020 TUSCALOOSA AVENUE, SW",BIRMINGHAM,JEFFERSON,9,0,0,0,100,6,3,0
SANCTUARY AT THE WOODLANDS,015471,1910 CHEROKEE  AVENUE SW,CULLMAN,CULLMAN,,,,,,,,
SENIOR REHABILITATION AND RECOVERY AT LIMESTONE HEALTH FACILI,015024,1600 WEST HOBBS STREET,ATHENS,LIMESTONE,28,15,36,1,132,15,24,0
CAMDEN NURSING FACILITY,015374,210 PONDEROSA DRIVE,CAMDEN,WILCOX,25,4,9,6,52,21,6,0
DIVERSICARE OF WINFIELD,015376,144 COUNTY HWY 14,WINFIELD,MARION,6,2,5,0,103,8,10,0
LITTLE SISTERS OF THE POOR SACRED HEART RESIDENCE,015168,1655 MCGILL AVENUE,MOBILE,MOBILE,0,0,3,0,65,1,0,0
BROOKSHIRE HEALTHCARE CENTER,015127,4320 JUDITH LANE,HUNTSVILLE,MADISON,0,0,0,0,115,0,0,0
CULLMAN HEALTH CARE CENTER,015048,1607 MAIN AVE NE,CULLMAN,CULLMAN,0,0,3,0,77,0,15,0
MEADOWVIEW NURSING CENTER,015400,7300 OLD HIGHWAY 78 EAST,PELL CITY,ST. CLAIR,0,4,0,0,52,0,16,0
VALLEY VIEW HEALTH AND REHABILITATION,015431,5968 WALL TRIANA HIGHWAY,MADISON,MADISON,0,3,10,0,140,0,14,0
GLEN HAVEN HEALTH AND REHABILITATION,015186,2201 32ND STREET,NORTHPORT,TUSCALOOSA,6,13,16,1,171,11,6,1
CROWNE HEALTH CARE OF SPRINGHILL,015426,3712 DAUPHIN ST,MOBILE,MOBILE,0,0,0,0,20,0,0,0
HEALTH CARE,015407,P O BOX 130,ASHVILLE,ST. CLAIR,0,0,2,0,48,0,4,0
MONTGOMERY CHILDREN'S SPECIALTY CENTER,01A208,2853 FORBES DRIVE,MONTGOMERY,MONTGOMERY,1,0,0,0,45,7,1,0
MADISON MANOR NURSING HOME,015214,3891 SULLIVAN ST,MADISON,MADISON,0,7,5,0,67,0,5,0
PARK PLACE,015084,100 PARK PLACE,SELMA,DALLAS,13,0,1,1,88,18,0,0
AHAVA HEALTHCARE OF ALABASTER,015144,"850 9TH STREET, NORTHWEST",ALABASTER,SHELBY,0,4,0,0,157,1,17,0
CHEROKEE COUNTY HEALTH AND REHABILITATION CENTER,015200,877 CEDAR BLUFF ROAD,CENTRE,CHEROKEE,16,0,19,6,149,5,0,0
CROWNE HEALTH CARE OF GREENVILLE,015193,408 COUNTRY CLUB DRIVE,GREENVILLE,BUTLER,57,12,22,19,50,29,9,0
EAST GLEN,015388,53 MEDICAL PARK DRIVE EAST,BIRMINGHAM,JEFFERSON,0,0,0,0,98,0,2,0
BROOKDALE UNIVERSITY PARK SNF (AL),015423,501 UNIVERSITY PARK DRIVE,BIRMINGHAM,JEFFERSON,5,2,16,0,30,5,14,0
CRIMSON HEALTH AND REHABILITATION,015037,3312 WOODLEY ROAD,MONTGOMERY,MONTGOMERY,0,0,0,0,49,1,0,0
OAK PARK,015452,1365 GATEWOOD DRIVE,AUBURN,LEE,0,6,3,0,79,0,9,0
MARSHALL MANOR NURSING HOME,015378,3120 NORTH STREET,GUNTERSVILLE,MARSHALL,1,2,12,0,74,1,3,0
ADAMS NURSING HOME,015386,1555 HILLABEE STREET,ALEXANDER CITY,TALLAPOOSA,0,1,2,0,57,2,6,0
DIVERSICARE OF FOLEY,015032,1701 NORTH ALSTON STREET,FOLEY,BALDWIN,0,0,0,0,123,4,4,0
MARION REGIONAL NURSING HOME,015167,184 SASSER DRIVE,HAMILTON,MARION,34,37,19,7,59,25,54,1
JOHN KNOX MANOR INC I I,015135,4401 NARROW LANE ROAD,MONTGOMERY,MONTGOMERY,0,1,0,0,53,1,8,0
BIRMINGHAM NURSING AND REHABILITATION CENTER EAST,015134,733 MARY VANN LANE,BIRMINGHAM,JEFFERSON,0,0,5,0,126,1,0,0
SOUTH HEALTH AND REHABILITATION,015097,1220 SOUTH 17TH STREET,BIRMINGHAM,JEFFERSON,45,1,3,1,56,40,3,0
FAIRHOPE HEALTH AND REHABILITATION,015222,108 SOUTH CHURCH STREET,FAIRHOPE,BALDWIN,0,0,0,0,64,0,0,0
SHELBY RIDGE NURSING HOME,015411,881 3RD STREET NORTHEAST,ALABASTER,SHELBY,24,44,22,4,118,16,33,0
CROWNE HEALTH CARE OF THOMASVILLE,015220,1425 MOSLEY DRIVE,THOMASVILLE,CLARKE,3,0,0,0,67,8,0,0
DIVERSICARE OF PELL CITY,015189,"510 WOLF CREEK ROAD, NORTH",PELL CITY,ST. CLAIR,0,0,4,0,81,0,2,0
PERRY COUNTY NURSING HOME,015158,505 EAST LAFAYETTE STREET,MARION,PERRY,7,1,0,0,60,11,2,0
ALLEN HEALTH AND REHABILITATION,015098,735 SOUTH WASHINGTON AVENUE,MOBILE,MOBILE,9,23,6,2,76,18,6,0
WALKER REHABILITATION CENTER,015408,350 NORTHEAST 4TH STREET     P O BOX 30,CARBON HILL,WALKER,10,0,0,0,46,7,0,0
HENRY COUNTY HEALTH AND REHABILITATION FACILITY,015373,212 DOTHAN ROAD,ABBEVILLE,HENRY,23,66,26,5,81,20,58,0
ARBOR SPRINGS HEALTH AND REHABILITATION CENTER,015192,1910 PEPPERELL PKWY,OPELIKA,LEE,68,0,49,19,107,42,1,0
HUNTER CREEK HEALTH AND REHABILITATION,015034,600 34TH ST,NORTHPORT,TUSCALOOSA,43,6,6,4,65,10,8,0
"NHC HEALTHCARE, MOULTON",015128,300 HOSPITAL STREET,MOULTON,LAWRENCE,0,0,0,0,115,0,0,0
ANDALUSIA MANOR,015416,670 MOORE RD,ANDALUSIA,COVINGTON,19,8,5,3,107,20,14,0
GULF COAST HEALTH AND REHABILITATION,015456,8002 GRELOT ROAD,MOBILE,MOBILE,1,10,6,0,83,6,1,0
WESLEY PLACE ON HONEYSUCKLE,015175,718 HONEYSUCKLE ROAD,DOTHAN,HOUSTON,15,4,3,0,154,15,18,0
MITCHELL-HOLLINGSWORTH NURSING AND REHABILITATION,015031,805 FLAGG CIRCLE,FLORENCE,LAUDERDALE,8,26,18,0,156,9,38,0
MCGUFFEY HEALTH AND REHABILITATION CENTER,015202,2301 RAINBOW DRIVE,GADSDEN,ETOWAH,0,13,8,0,141,1,13,0
MARENGO NURSING HOME,015330,608 NORTH MAIN STREET,LINDEN,MARENGO,0,1,4,0,64,5,3,0
COLLINSVILLE HEALTHCARE AND REHABILITATION,015207,685 NORTH VALLEY AVE,COLLINSVILLE,DEKALB,0,7,4,0,153,12,11,0
LINEVILLE HEALTH AND REHABILITATION,015142,88073 HIGHWAY 9,LINEVILLE,CLAY,0,8,8,0,94,1,15,0
SUMTER HEALTH AND REHABILITATION,015042,1505 EAST 4TH AVENUE,YORK,SUMTER,77,1,10,3,61,67,10,0
GLENWOOD CENTER,015147,211 ANA DRIVE,FLORENCE,LAUDERDALE,1,5,11,0,112,2,17,0
CROWNE HEALTH CARE OF MONTGOMERY,015393,1837 UPPER WETUMPKA ROAD,MONTGOMERY,MONTGOMERY,2,0,15,0,149,4,4,0
CROWNE HEALTH CARE OF MOBILE,015100,954 NAVCO ROAD,MOBILE,MOBILE,5,0,8,5,104,3,1,1
CYPRESS COVE CARE CENTER,015392,200 ALABAMA AVENUE,MUSCLE SHOALS,COLBERT,3,3,6,0,76,2,0,0
WESTSIDE TERRACE HEALTH AND REHABILITATION CENTER,015425,501 NORTH WOODBURN DRIVE,DOTHAN,HOUSTON,1,5,5,0,137,2,9,0
DADEVILLE HEALTHCARE CENTER,015166,351 NORTH EAST STREET,DADEVILLE,TALLAPOOSA,48,2,7,6,85,16,1,0
WETUMPKA HEALTH AND REHABILITATION,015027,1825 HOLTVILLE ROAD,WETUMPKA,ELMORE,39,3,25,4,94,29,5,0
CANTERBURY HEALTH CARE FACILITY,015382,1720 KNOWLES ROAD,PHENIX CITY,RUSSELL,2,0,3,0,113,1,0,0
ALICEVILLE MANOR NURSING HOME,015137,703 17TH STREET NORTHWEST,ALICEVILLE,PICKENS,0,7,3,0,80,2,12,0
RIDGEWOOD HEALTH SERVICES,015315,201 OAKHILL ROAD,JASPER,WALKER,9,1,13,1,74,12,0,0
CHOCTAW HEALTH AND REHABILITATION,015164,1406 EAST PUSHMATAHA STREET,BUTLER,CHOCTAW,46,49,13,9,48,20,24,0
CAREGIVERS OF PLEASANT GROVE,015044,700 FIRST AVENUE,PLEASANT GROVE,JEFFERSON,23,21,14,11,42,8,0,0
MAGNOLIA HAVEN HEALTH AND REHABILITATION CENTER,015112,603 WRIGHT STREET,TUSKEGEE,MACON,,,,,,,,
CROWNE HEALTH CARE OF FT PAYNE,015156,403 13TH STREET NORTHWEST,FORT PAYNE,DEKALB,0,0,0,0,103,2,0,0
WIREGRASS REHABILITATION CENTER AND NURSING HOME,015150,1200 MAPLE AVENUE WEST,GENEVA,GENEVA,0,0,4,0,89,0,6,0
KNOLLWOOD HEALTHCARE,015463,3151-A KNOLLWOOD DRIVE,MOBILE,MOBILE,22,18,16,14,50,38,33,0
WOODLAND VILLAGE REHABILITATION AND HEALTHCARE CENTER,015383,1900 OLIVE STREET,CULLMAN,CULLMAN,2,11,31,0,114,2,30,0
FOREST MANOR HEALTH AND REHABILITATION,015143,2215 32ND STREET,NORTHPORT,TUSCALOOSA,38,23,16,7,135,28,35,1
EXTENDICARE HEALTH CENTER,015152,950 SOUTH ST. ANDREWS STREET,DOTHAN,HOUSTON,10,24,25,0,142,8,28,0
RIDGEVIEW HEALTH SERVICES,015155,"907 11TH STREET, NE",JASPER,WALKER,38,28,9,5,116,26,39,0
WINDSOR HOUSE,015397,4411 MCALLISTER DRIVE,HUNTSVILLE,MADISON,5,0,0,0,99,6,1,0
"FOLSOM CENTER FOR REHABILITATION AND HEALTHCARE, T",015437,401 ARNOLD STREET N.E.,CULLMAN,CULLMAN,2,24,19,0,81,2,46,0
ATHENS HEALTH AND REHABILITATION,015016,611 WEST MARKET STREET,ATHENS,LIMESTONE,0,6,24,0,127,0,13,0
WASHINGTON COUNTY NURSING HOME,015123,14600 ST STEPHENS AVENUE,CHATOM,WASHINGTON,19,19,6,4,73,8,13,1
COTTAGE OF THE SHOALS,015067,500 JOHN ALDRIDGE DRIVE,TUSCUMBIA,COLBERT,4,1,6,0,72,7,4,0
LYNWOOD NURSING HOME,015434,4164 HALLS MILL ROAD,MOBILE,MOBILE,55,0,20,18,75,38,9,0
TERRACE MANOR NURSING AND REHABILITATION CENTER,015066,390 UNDERWOOD ROAD,RUSSELLVILLE,FRANKLIN,0,3,1,0,51,0,15,0
DIVERSICARE OF RIVERCHASE,015145,2500 RIVERHAVEN DRIVE,BIRMINGHAM,JEFFERSON,61,25,16,13,95,32,11,0
WEST HILL HEALTH AND REHABILITATION,015303,1028 BESSEMER RD,BIRMINGHAM,JEFFERSON,53,0,10,1,59,15,0,0
PHENIX CITY HEALTH CARE,015331,3900 LAKEWOOD DRIVE,PHENIX CITY,RUSSELL,0,0,3,0,77,0,1,0
JACKSON HEALTH CARE FACILITY,015188,2616 NORTH COLLEGE AVENUE,JACKSON,CLARKE,0,7,11,0,68,2,10,0
OZARK HEALTH AND REHABILITATION,015208,312 BRYAN DRIVE,OZARK,DALE,11,1,17,0,135,11,3,0
REGENCY HEALTH CARE AND REHABILITATION CENTER,015372,"2061 POOLE DRIVE, NW",HUNTSVILLE,MADISON,1,1,0,0,71,1,2,0
MAGNOLIA RIDGE,015133,420 DEAN DRIVE,GARDENDALE,JEFFERSON,9,1,5,0,116,5,0,0
CORDOVA HEALTH AND REHABILITATION,015115,70 HIGHLAND STREET WEST,CORDOVA,WALKER,6,5,14,0,103,0,22,0
SOUTH HAVEN HEALTH AND REHABILITATION,015321,3141 OLD COLUMBIANA ROAD,BIRMINGHAM,JEFFERSON,57,18,25,18,60,34,2,0
GALLERIA WOODS SKILLED NURSING FACILITY,015459,3850 GALLERIA WOODS DRIVE,BIRMINGHAM,JEFFERSON,0,0,1,0,27,3,0,0
EAST ALABAMA MEDICAL CENTER SKILLED NURSING FACILI,015410,2000 PEPPERELL PARKWAY,OPELIKA,LEE,2,0,3,0,16,0,1,0
LUVERNE HEALTH AND REHABILITATION,015336,142 WEST THIRD STREET,LUVERNE,CRENSHAW,1,15,22,0,137,5,26,0
MONTROSE BAY HEALTH AND REHABILITATION,015447,22670 MAIN STREET,FAIRHOPE,BALDWIN,0,0,0,0,61,0,0,0
ROANOKE REHABILITATION AND HEALTHCARE CENTER,015424,680 SEYMOUR DRIVE,ROANOKE,RANDOLPH,26,11,0,0,51,20,6,0
HIGHLANDS HEALTH AND REHABILITATION,015012,380 WOODS COVE ROAD,SCOTTSBORO,JACKSON,2,29,7,0,42,3,25,0
ATTALLA HEALTH AND REHABILITATION,015203,915 STEWART AVENUE SOUTHEAST,ATTALLA,ETOWAH,1,0,10,0,138,1,13,0
ASPIRE PHYSICAL RECOVERY CENTER OF WEST ALABAMA,015465,2400 HOSPITAL DRIVE,NORTHPORT,TUSCALOOSA,1,0,5,0,53,3,11,0
EASTVIEW REHABILITATION AND HEALTHCARE CENTER,015014,7755 FOURTH AVENUE SOUTH,BIRMINGHAM,JEFFERSON,6,0,2,0,74,14,0,0
ST MARTIN'S IN THE PINES,015433,4941 MONTEVALLO ROAD,BIRMINGHAM,JEFFERSON,2,0,9,0,95,17,0,0
"NHC HEALTHCARE, ANNISTON",015120,2300 COLEMAN RD,ANNISTON,CALHOUN,0,4,37,0,141,2,37,0
PARKWOOD HEALTH CARE FACILITY,015179,3301 STADIUM DRIVE,PHENIX CITY,RUSSELL,0,2,17,0,66,1,6,0
DIVERSICARE OF ARAB,015148,235 THIRD STREET SE,ARAB,MARSHALL,0,0,7,0,79,0,2,0
TALLADEGA HEALTHCARE CENTER,015162,616 CHAFFEE STREET,TALLADEGA,TALLADEGA,19,47,1,1,184,7,37,0
DIVERSICARE OF MONTGOMERY,015040,2020 NORTH COUNTRY CLUB DRIVE,MONTGOMERY,MONTGOMERY,52,0,12,10,83,17,15,0
EVERGREEN NURSING HOME,015089,100 SANDERS DRIVE,EVERGREEN,CONECUH,34,0,2,2,50,8,0,0
WIREGRASS REHABILITATION CENTER AND NURSING HOME,015150,1200 MAPLE AVENUE WEST,GENEVA,GENEVA,0,0,5,0,87,0,7,0
KNOLLWOOD HEALTHCARE,015463,3151-A KNOLLWOOD DRIVE,MOBILE,MOBILE,23,18,16,14,50,41,35,0
WOODLAND VILLAGE REHABILITATION AND HEALTHCARE CENTER,015383,1900 OLIVE STREET,CULLMAN,CULLMAN,2,11,33,0,115,3,30,0
FOREST MANOR HEALTH AND REHABILITATION,015143,2215 32ND STREET,NORTHPORT,TUSCALOOSA,40,24,18,7,135,29,35,1
SOUTHLAND NURSING HOME,015104,500 SHIVERS TERRACE,MARION,PERRY,,,,,,,,
ALBERTVILLE NURSING HOME,015163,750 ALABAMA HIGHWAY 75 NORTH,ALBERTVILLE,MARSHALL,34,15,18,1,132,26,21,0
GULF COAST HEALTH AND REHABILITATION,015456,8002 GRELOT ROAD,MOBILE,MOBILE,1,10,6,0,83,6,1,0
GENERATIONS OF VERNON,015227,1050 CONVALESCENT ROAD,VERNON,LAMAR,0,3,0,0,111,0,14,0
CROWNE HEALTH CARE OF FT PAYNE,015156,403 13TH STREET NORTHWEST,FORT PAYNE,DEKALB,0,0,0,0,102,3,0,0
MAGNOLIA HAVEN HEALTH AND REHABILITATION CENTER,015112,603 WRIGHT STREET,TUSKEGEE,MACON,,,,,,,,
LAFAYETTE NURSING HOME,015414,555 B STREET SW,LAFAYETTE,CHAMBERS,4,0,5,0,47,2,0,0
ALICEVILLE MANOR NURSING HOME,015137,703 17TH STREET NORTHWEST,ALICEVILLE,PICKENS,0,7,4,0,78,2,13,0
WILLOWBROOKE CT SKILLED CARE CENTER WESTMINSTER VLG,015381,500 SPANISH FORT BLVD,SPANISH FORT,BALDWIN,8,0,8,1,30,6,2,0
CHOCTAW HEALTH AND REHABILITATION,015164,1406 EAST PUSHMATAHA STREET,BUTLER,CHOCTAW,46,49,13,9,51,20,24,0
CLOVERDALE REHABILITATION AND NURSING CENTER,015184,412 CLOVERDALE ROAD,SCOTTSBORO,JACKSON,1,4,20,0,127,1,28,0
ARBOR WOODS HEALTH AND REHABILITATION,015141,515 2ND AVENUE NORTHWEST,REFORM,PICKENS,0,0,0,0,52,0,0,0
ANNISTON HEALTH AND REHABILITATION SERVICES,015375,600 E 8TH STREET,ANNISTON,CALHOUN,0,0,1,0,56,2,0,0
CYPRESS COVE CARE CENTER,015392,200 ALABAMA AVENUE,MUSCLE SHOALS,COLBERT,4,3,7,0,74,4,3,0
CAREGIVERS OF PLEASANT GROVE,015044,700 FIRST AVENUE,PLEASANT GROVE,JEFFERSON,23,21,14,11,42,8,0,0
ROBERTSDALE REHABILITATION AND HEALTHCARE CENTER,015443,18700 U S HIGHWAY 90,ROBERTSDALE,BALDWIN,22,0,0,0,102,24,0,0
WESTSIDE TERRACE HEALTH AND REHABILITATION CENTER,015425,501 NORTH WOODBURN DRIVE,DOTHAN,HOUSTON,3,7,6,0,132,3,10,0
MOBILE NURSING AND REHABILITATION CENTER,015379,7020 BRUNS DRIVE,MOBILE,MOBILE,0,1,0,0,98,2,4,0
CANTERBURY HEALTH CARE FACILITY,015382,1720 KNOWLES ROAD,PHENIX CITY,RUSSELL,2,0,3,0,108,16,0,0
CROWNE HEALTH CARE OF MONTGOMERY,015393,1837 UPPER WETUMPKA ROAD,MONTGOMERY,MONTGOMERY,2,0,15,0,150,5,4,0
MCGUFFEY HEALTH AND REHABILITATION CENTER,015202,2301 RAINBOW DRIVE,GADSDEN,ETOWAH,0,13,9,0,140,2,16,0
RIDGEWOOD HEALTH SERVICES,015315,201 OAKHILL ROAD,JASPER,WALKER,12,1,13,1,75,12,0,0
WESLEY PLACE ON HONEYSUCKLE,015175,718 HONEYSUCKLE ROAD,DOTHAN,HOUSTON,29,4,4,1,145,20,20,0
TRUSSVILLE HEALTH AND REHABILITATION CENTER,015467,119 WATTERSON PARKWAY,TRUSSVILLE,JEFFERSON,0,0,5,0,100,0,2,0
CROWNE HEALTH CARE OF MOBILE,015100,954 NAVCO ROAD,MOBILE,MOBILE,5,0,8,5,104,4,1,1
GRAND BAY CONVALESCENT HOME,015406,13750 HIGHWAY 90 WEST P.O. BOX 328,GRAND BAY,MOBILE,0,2,6,0,64,3,0,0
LINEVILLE HEALTH AND REHABILITATION,015142,88073 HIGHWAY 9,LINEVILLE,CLAY,0,8,8,0,94,1,15,0
OAK TRACE CARE AND REHABILITATION CENTER,015050,325 SELMA ROAD,BESSEMER,JEFFERSON,0,0,5,0,70,5,0,0
SOUTHERN SPRINGS HEALTHCARE FACILITY,015171,745 SOUTHERN SPRINGS ROAD,UNION SPRINGS,BULLOCK,57,42,12,9,85,40,6,0
MARENGO NURSING HOME,015330,608 NORTH MAIN STREET,LINDEN,MARENGO,0,2,4,0,64,5,3,0
RIVER CITY CENTER,015113,1350 FOURTEENTH AVENUE SOUTHEAST,DECATUR,MORGAN,21,4,15,0,132,7,1,0
FATHER PURCELL MEMORIAL EXCEPTIONAL CHILDREN'S CENTER,01A193,2048 W FAIRVIEW AVE,MONTGOMERY,MONTGOMERY,10,0,0,0,48,3,0,0
ROANOKE REHABILITATION AND HEALTHCARE CENTER,015424,680 SEYMOUR DRIVE,ROANOKE,RANDOLPH,28,11,0,0,48,27,6,0
CORDOVA HEALTH AND REHABILITATION,015115,70 HIGHLAND STREET WEST,CORDOVA,WALKER,6,5,14,0,103,0,22,0
PHENIX CITY HEALTH CARE,015331,3900 LAKEWOOD DRIVE,PHENIX CITY,RUSSELL,0,0,3,0,77,0,1,0
ORCHARD REHABILITATION AND HEALTHCARE CENTER,015442,629 STATE HIGHWAY 21 SOUTH,HAYNEVILLE,LOWNDES,1,0,3,3,55,5,0,0
VILLAGE AT COOK SPRINGS SKILLED NURSING FACILITY,015195,415 COOK SPRINGS,PELL CITY,ST. CLAIR,0,4,1,0,134,2,8,0
TALLASSEE HEALTH AND REHABILITATION,015139,2639 GILMER AVENUE  P O BOX 780277,TALLASSEE,ELMORE,1,0,18,0,90,4,8,0
EASTERN SHORE REHABILITATION AND HEALTH CENTER,015049,"101 VILLA DRIVE, P O BOX 1090",DAPHNE,BALDWIN,4,20,25,0,77,6,2,0
WEST HILL HEALTH AND REHABILITATION,015303,1028 BESSEMER RD,BIRMINGHAM,JEFFERSON,53,1,12,1,61,17,0,0
DADEVILLE HEALTHCARE CENTER,015166,351 NORTH EAST STREET,DADEVILLE,TALLAPOOSA,48,2,8,6,87,16,1,0
ASHLAND PLACE HEALTH AND REHABILITATION,015103,148 TUSCALOOSA ST,MOBILE,MOBILE,80,19,30,21,91,21,5,0
ATHENS HEALTH AND REHABILITATION,015016,611 WEST MARKET STREET,ATHENS,LIMESTONE,0,6,24,0,127,0,13,0
BARON HOUSE OF HUEYTOWN,015404,190 BROOKLANE DRIVE,HUEYTOWN,JEFFERSON,3,0,17,11,28,23,23,0
SHADESCREST HEALTH CARE CENTER,015114,331 WEST 25TH STREET,JASPER,WALKER,20,8,5,3,79,22,33,0
MONTGOMERY HEALTH AND REHABILITATION,015228,4490 VIRGINIA LOOP ROAD,MONTGOMERY,MONTGOMERY,0,1,3,0,73,2,13,0
FLORENCE NURSING AND REHABILITATION CENTER,015169,2107 CLOYD BLVD,FLORENCE,LAUDERDALE,32,13,22,7,126,26,9,0
BARFIELD HEALTH CARE,015225,22444 HIGHWAY 431,GUNTERSVILLE,MARSHALL,0,9,27,0,106,1,25,0
TWIN OAKS REHABILITATION AND HEALTHCARE CENTER,015211,857 CRAWFORD LANE,MOBILE,MOBILE,8,0,0,0,115,29,5,0
CROWNE HEALTH CARE OF SPRINGHILL,015426,3712 DAUPHIN ST,MOBILE,MOBILE,0,0,1,0,15,1,0,0
LEGACY HEALTH AND REHABILITATION OF PLEASANT GROVE,015461,30 7TH STREET,PLEASANT GROVE,JEFFERSON,1,32,7,0,114,5,10,0
LONGLEAF HEALTH AND REHABILITATION,015469,1300 E SOUTH BLVD,MONTGOMERY,MONTGOMERY,0,0,0,0,0,0,0,0
CROWNE HEALTH CARE OF CITRONELLE,015121,19225 NORTH 4TH STREET,CITRONELLE,MOBILE,0,2,5,0,64,2,1,0
CAMDEN NURSING FACILITY,015374,210 PONDEROSA DRIVE,CAMDEN,WILCOX,25,4,9,6,52,21,6,0
HILLVIEW TERRACE,015436,100 PERRY HILL RD,MONTGOMERY,MONTGOMERY,50,7,32,10,122,39,0,0
CHERRY HILL REHABILITATION AND HEALTHCARE CENTER,015445,1250 JEFF GERMANY PARKWAY,BIRMINGHAM,JEFFERSON,,,,,,,,
GENERATIONS OF RED BAY,015201,106 TENTH AVENUE NORTHWEST,RED BAY,FRANKLIN,1,8,8,0,60,2,41,0
HENDRIX HEALTH AND REHABILITATION,015138,1000 HIGHWAY 33,DOUBLE SPRINGS,WINSTON,38,8,14,0,92,17,12,0
RUSSELLVILLE HEALTH CARE,015071,705 NORTHEAST GANDY STREET,RUSSELLVILLE,FRANKLIN,33,16,5,3,42,21,23,0
ATMORE NURSING CENTER,015129,715 EAST LAUREL STREET,ATMORE,ESCAMBIA,33,2,6,5,69,19,7,0
SPRINGHILL SENIOR RESIDENCE,015435,3717 DAUPHIN STREET,MOBILE,MOBILE,0,27,8,0,74,4,57,0
DIVERSICARE OF BESSEMER,015209,820 GOLF COURSE ROAD,BESSEMER,JEFFERSON,62,2,37,26,122,38,3,1
SIGNATURE HEALTHCARE OF WHITESBURG GARDENS,015116,105 TEAKWOOD DRIVE SW,HUNTSVILLE,MADISON,0,0,0,0,115,0,0,0
TROY HEALTH AND REHABILITATION CENTER,015213,515 ELBA HIGHWAY,TROY,PIKE,22,45,12,2,138,9,34,0
OAKVIEW MANOR HEALTH CARE CENTER,015216,929 MIXON SCHOOL ROAD,OZARK,DALE,22,15,13,2,111,18,19,0
PARK MANOR HEALTH AND REHABILITATION,015326,2201 MCFARLAND BOULEVARD,NORTHPORT,TUSCALOOSA,0,9,12,0,137,4,16,0
ASPIRE PHYSICAL RECOVERY CENTER AT HOOVER,015464,575 SOUTHLAND DRIVE,HOOVER,JEFFERSON,2,17,16,0,81,3,24,0
HALEYVILLE HEALTH CARE CENTER,015157,2201 11TH AVENUE,HALEYVILLE,WINSTON,2,2,14,1,53,2,11,0
HUNTSVILLE HEALTH AND REHABILITATION,015440,4010 CHRIS DRIVE,HUNTSVILLE,MADISON,2,5,9,0,85,0,5,0
ENGLEWOOD HEALTH CARE CENTER,015322,2046 SOUTH ALABAMA AVE,MONROEVILLE,MONROE,0,2,5,0,75,5,9,0
CHARLTON PLACE REHABILITATION AND HEALTHCARE CENTER,015460,65 CHARLTON PLACE,DEATSVILLE,ELMORE,1,1,0,0,52,1,0,0
BROWN NURSING HOME,015191,2334 WASHINGTON STREET,ALEXANDER CITY,TALLAPOOSA,0,0,3,0,63,0,8,0
OAKS ON PARKWOOD SKILLED NURSING FACILITY,015369,2625 LAUREL OAK DRIVE,BESSEMER,JEFFERSON,0,0,31,0,119,2,3,0
HERITAGE HEALTH CARE AND REHABILITATION,015371,1101 SNOWS MILL AVENUE,TUSCALOOSA,TUSCALOOSA,0,24,16,0,144,0,22,0
CHEROKEE COUNTY HEALTH AND REHABILITATION CENTER,015200,877 CEDAR BLUFF ROAD,CENTRE,CHEROKEE,17,0,20,6,146,6,0,0
AHAVA HEALTHCARE OF ALABASTER,015144,"850 9TH STREET, NORTHWEST",ALABASTER,SHELBY,1,4,0,0,155,4,17,0
CROWNE HEALTH CARE OF GREENVILLE,015193,408 COUNTRY CLUB DRIVE,GREENVILLE,BUTLER,57,12,22,19,51,29,9,0
SHELBY RIDGE NURSING HOME,015411,881 3RD STREET NORTHEAST,ALABASTER,SHELBY,24,46,22,4,124,16,41,0
"NHC HEALTHCARE, MOULTON",015128,300 HOSPITAL STREET,MOULTON,LAWRENCE,0,0,0,0,119,0,0,0
COLUMBIANA HEALTH AND REHABILITATION,015453,22969 HIGHWAY 25,COLUMBIANA,SHELBY,39,18,18,9,43,33,10,0
CLEBURNE COUNTY NURSING HOME,015053,122 BROCKFORD ROAD,HEFLIN,CLEBURNE,,,,,,,,
ALTOONA HEALTH AND REHABILITATION,015101,6532 WALNUT GROVE ROAD,ALTOONA,ETOWAH,1,0,0,0,48,2,0,0
BIBB MED CENTER NURSING HOME,015215,208 PIERSON AVE,CENTREVILLE,BIBB,0,0,4,0,121,0,0,0
ALLEN HEALTH AND REHABILITATION,015098,735 SOUTH WASHINGTON AVENUE,MOBILE,MOBILE,9,23,6,2,78,19,6,0
CROWNE HEALTH CARE OF THOMASVILLE,015220,1425 MOSLEY DRIVE,THOMASVILLE,CLARKE,4,0,0,0,70,8,0,0
DIVERSICARE OF PELL CITY,015189,"510 WOLF CREEK ROAD, NORTH",PELL CITY,ST. CLAIR,2,2,4,0,72,11,3,0
PERRY COUNTY NURSING HOME,015158,505 EAST LAFAYETTE STREET,MARION,PERRY,23,1,0,0,60,19,2,0
JOHN KNOX MANOR INC I I,015135,4401 NARROW LANE ROAD,MONTGOMERY,MONTGOMERY,0,1,0,0,54,2,8,0
HENRY COUNTY HEALTH AND REHABILITATION FACILITY,015373,212 DOTHAN ROAD,ABBEVILLE,HENRY,23,69,26,5,82,20,59,0
ARBOR SPRINGS HEALTH AND REHABILITATION CENTER,015192,1910 PEPPERELL PKWY,OPELIKA,LEE,68,0,50,19,109,42,2,0
DIVERSICARE OF OXFORD,015132,1130 SOUTH HALE STREET,OXFORD,CALHOUN,0,0,2,0,129,1,0,0
HUNTER CREEK HEALTH AND REHABILITATION,015034,600 34TH ST,NORTHPORT,TUSCALOOSA,43,6,6,4,65,10,8,0
GREENBRIAR AT THE ALTAMONT SKILLED NURSING FACILIT,015446,2831 HIGHLAND AVENUE SOUTH,BIRMINGHAM,JEFFERSON,25,0,6,4,71,26,0,0
DIVERSICARE OF FOLEY,015032,1701 NORTH ALSTON STREET,FOLEY,BALDWIN,0,0,0,0,126,6,4,0
OPP HEALTH AND REHABILITATION,015210,115 PAULK AVENUE  P O BOX 730,OPP,COVINGTON,73,4,28,11,135,35,5,0
ASPIRE PHYSICAL RECOVERY CENTER AT CAHABA RIVER,015468,3070 HEALTHY WAY,VESTAVIA,JEFFERSON,3,1,13,0,93,1,2,0
SOUTH HEALTH AND REHABILITATION,015097,1220 SOUTH 17TH STREET,BIRMINGHAM,JEFFERSON,45,1,3,1,56,40,3,0
MONTGOMERY CHILDREN'S SPECIALTY CENTER,01A208,2853 FORBES DRIVE,MONTGOMERY,MONTGOMERY,1,0,0,0,46,8,1,0
OAK PARK,015452,1365 GATEWOOD DRIVE,AUBURN,LEE,0,6,3,0,78,0,12,0
MADISON MANOR NURSING HOME,015214,3891 SULLIVAN ST,MADISON,MADISON,0,7,5,0,66,0,5,0
BROOKDALE UNIVERSITY PARK SNF (AL),015423,501 UNIVERSITY PARK DRIVE,BIRMINGHAM,JEFFERSON,5,2,18,0,34,7,14,0
NORTHSIDE HEALTH CARE,015223,700 HUTCHINS AVENUE,GADSDEN,ETOWAH,0,0,1,0,87,0,4,0
FAYETTE MEDICAL CENTER LONG TERM CARE UNIT,015154,1653 TEMPLE AVENUE NORTH,FAYETTE,FAYETTE,3,14,2,0,101,2,4,0
ADAMS NURSING HOME,015386,1555 HILLABEE STREET,ALEXANDER CITY,TALLAPOOSA,0,1,2,0,58,2,6,0
BROOKSHIRE HEALTHCARE CENTER,015127,4320 JUDITH LANE,HUNTSVILLE,MADISON,2,0,0,0,112,0,0,0
COTTAGE OF THE SHOALS,015067,500 JOHN ALDRIDGE DRIVE,TUSCUMBIA,COLBERT,4,2,6,0,75,11,6,0
LAFAYETTE EXTENDED CARE,015197,805 HOSPITAL STREET SOUTHWEST,LAFAYETTE,CHAMBERS,0,0,2,1,55,0,1,0
CROWNE HEALTH CARE OF EUFAULA,015199,430 RIVERS AVENUE,EUFAULA,BARBOUR,43,22,13,3,134,12,19,0
WILLOWBROOKE CT SKILLED CARE CENTER AT MAGNOLIA TRACE,015450,ONE CROWN CIRCLE,HUNTSVILLE,MADISON,2,0,4,1,48,1,0,0
HANCEVILLE NURSING AND REHABILITATION CENTER,015073,420 MAIN STREET NE,HANCEVILLE,CULLMAN,17,11,5,1,184,7,6,0
CUMBERLAND HEALTH AND REHABILITATION,015420,47065 AL HIGHWAY 277,BRIDGEPORT,JACKSON,0,0,2,0,83,0,11,0
COOSA VALLEY HEALTH AND REHABILITATION,015174,513 PINEVIEW AVENUE,GLENCOE,ETOWAH,2,1,3,0,98,0,2,0
WETUMPKA HEALTH AND REHABILITATION,015027,1825 HOLTVILLE ROAD,WETUMPKA,ELMORE,40,3,26,4,94,30,5,0
GEORGIANA HEALTH AND REHABILITATION,015182,206 PALMER AVENUE,GEORGIANA,BUTLER,28,1,10,2,72,8,4,0
FLORALA HEALTH AND REHABILITATION,015451,23621 GOLDENROD AVENUE,FLORALA,COVINGTON,0,0,6,0,76,0,1,0
CIVIC CENTER HEALTH AND REHABILITATION,015109,1201 22ND STREET NORTH,BIRMINGHAM,JEFFERSON,0,4,8,0,85,1,1,0
SELF HEALTH CARE AND REHABILITATION CENTER,015212,131 EAST CREST ROAD,HUEYTOWN,JEFFERSON,1,1,3,0,65,2,2,0
GLENWOOD CENTER,015147,211 ANA DRIVE,FLORENCE,LAUDERDALE,3,5,12,0,115,4,17,0
CHAPMAN HEALTHCARE CENTER,015221,3701 DADEVILLE ROAD,ALEXANDER CITY,TALLAPOOSA,6,0,6,1,143,4,0,0
DIVERSICARE OF ONEONTA,015159,215 VALLEY ROAD,ONEONTA,BLOUNT,7,0,9,0,106,14,6,0
LIGHTHOUSE REHABILITATION AND HEALTHCARE CENTER,015413,2911 EARL GOODWIN PARKWAY,SELMA,DALLAS,13,10,7,2,57,9,3,0
TRAYLOR RETIREMENT COMMUNITY,015126,1235 YANCEY STREET  P O BOX 467,ROANOKE,RANDOLPH,35,0,11,7,81,16,4,0
NORTHWAY HEALTH AND REHABILITATION,015047,1424 NORTH 25TH STREET,BIRMINGHAM,JEFFERSON,0,5,6,0,106,0,2,0
BURNS NURSING HOME,015009,701 MONROE STREET NW,RUSSELLVILLE,FRANKLIN,45,1,6,5,47,35,14,0
BIRMINGHAM NURSING AND REHABILITATION CENTER EAST,015134,733 MARY VANN LANE,BIRMINGHAM,JEFFERSON,0,0,5,0,129,1,0,0
NORTH HILL NURSING AND REHABILITATION CENTER,015091,200 NORTH PINE HILL ROAD,BIRMINGHAM,JEFFERSON,13,12,12,5,170,3,1,0
KENSINGTON HEALTH AND REHABILITATION,015429,550 CONGRESS STREET,MOBILE,MOBILE,53,2,6,3,94,32,8,0
EASTVIEW REHABILITATION AND HEALTHCARE CENTER,015014,7755 FOURTH AVENUE SOUTH,BIRMINGHAM,JEFFERSON,7,0,2,0,74,18,0,0
SUMTER HEALTH AND REHABILITATION,015042,1505 EAST 4TH AVENUE,YORK,SUMTER,78,1,11,3,61,67,10,0
DECATUR HEALTH AND REHABILITATION CENTER,015206,2326 MORGAN AVENUE SOUTHWEST,DECATUR,MORGAN,33,74,4,2,75,13,16,0
WEST GATE VILLAGE,015035,100 PINEVIEW AND THIRD P.O. BOX 49,BREWTON,ESCAMBIA,63,9,3,3,99,31,15,0
MONTROSE BAY HEALTH AND REHABILITATION,015447,22670 MAIN STREET,FAIRHOPE,BALDWIN,0,0,0,0,62,3,0,0
ELBA NURSING AND REHABILITATION CENTER,015083,987 DRAYTON STREET,ELBA,COFFEE,14,7,10,1,92,4,6,0
BIRMINGHAM NURSING AND REHABILITATION CENTER,015217,1000 DUGAN AVENUE,BIRMINGHAM,JEFFERSON,0,13,8,0,123,1,12,0
PARKWOOD HEALTH CARE FACILITY,015179,3301 STADIUM DRIVE,PHENIX CITY,RUSSELL,0,2,19,0,65,2,6,0
DIVERSICARE OF RIVERCHASE,015145,2500 RIVERHAVEN DRIVE,BIRMINGHAM,JEFFERSON,61,25,16,13,94,32,11,0
GOODWATER HEALTHCARE CENTER,015204,16 JONES HILL ROAD,GOODWATER,COOSA,0,0,1,0,63,0,0,0
ASPIRE PHYSICAL RECOVERY CENTER OF WEST ALABAMA,015465,2400 HOSPITAL DRIVE,NORTHPORT,TUSCALOOSA,1,0,5,0,53,3,11,0
DIVERSICARE OF MONTGOMERY,015040,2020 NORTH COUNTRY CLUB DRIVE,MONTGOMERY,MONTGOMERY,52,0,12,10,84,18,15,0
EVERGREEN NURSING HOME,015089,100 SANDERS DRIVE,EVERGREEN,CONECUH,41,0,4,4,51,11,0,0
OAK KNOLL HEALTH AND REHABILITATION,015117,824 SIXTH AVENUE WEST,BIRMINGHAM,JEFFERSON,0,0,5,0,91,0,0,0
TLC NURSING CENTER,015422,212 ELLEN STREET,ONEONTA,BLOUNT,1,0,9,0,96,2,0,0
RIDGEVIEW HEALTH SERVICES,015155,"907 11TH STREET, NE",JASPER,WALKER,69,36,17,13,99,57,47,0
KIRKWOOD BY THE RIVER,015457,3605 RATLIFF ROAD,BIRMINGHAM,JEFFERSON,12,0,2,2,41,4,0,0
ST MARTIN'S IN THE PINES,015433,4941 MONTEVALLO ROAD,BIRMINGHAM,JEFFERSON,2,0,9,0,94,18,0,0
SOUTH HAVEN HEALTH AND REHABILITATION,015321,3141 OLD COLUMBIANA ROAD,BIRMINGHAM,JEFFERSON,57,18,25,18,60,34,2,0
COOSA VALLEY HEALTHCARE CENTER,015010,260 WEST WALNUT STREET,SYLACAUGA,TALLADEGA,0,29,0,0,78,3,31,0
GALLERIA WOODS SKILLED NURSING FACILITY,015459,3850 GALLERIA WOODS DRIVE,BIRMINGHAM,JEFFERSON,0,0,2,0,27,3,0,0
LUVERNE HEALTH AND REHABILITATION,015336,142 WEST THIRD STREET,LUVERNE,CRENSHAW,1,15,22,0,137,5,26,0
PALM GARDENS HEALTH AND REHABILITATION,015403,3104 DAUPHIN SQUARE CONNECTOR,MOBILE,MOBILE,1,5,12,0,79,5,6,0
JACKSON HEALTH CARE FACILITY,015188,2616 NORTH COLLEGE AVENUE,JACKSON,CLARKE,0,7,11,0,68,2,11,0
DIVERSICARE OF ARAB,015148,235 THIRD STREET SE,ARAB,MARSHALL,0,0,7,0,75,0,2,0
ATTALLA HEALTH AND REHABILITATION,015203,915 STEWART AVENUE SOUTHEAST,ATTALLA,ETOWAH,37,0,10,0,119,42,13,0
TALLADEGA HEALTHCARE CENTER,015162,616 CHAFFEE STREET,TALLADEGA,TALLADEGA,32,58,1,1,175,12,47,0
REGENCY HEALTH CARE AND REHABILITATION CENTER,015372,"2061 POOLE DRIVE, NW",HUNTSVILLE,MADISON,1,1,0,0,58,1,2,0
EL REPOSO NURSING FACILITY,015402,260 MILNER CHAPEL ROAD,FLORENCE,LAUDERDALE,0,2,6,0,57,0,7,0
WASHINGTON COUNTY NURSING HOME,015123,14600 ST STEPHENS AVENUE,CHATOM,WASHINGTON,19,19,6,4,73,9,13,1
EAST ALABAMA MEDICAL CENTER SKILLED NURSING FACILI,015410,2000 PEPPERELL PARKWAY,OPELIKA,LEE,2,0,3,0,13,0,3,0
HIGHLANDS HEALTH AND REHABILITATION,015012,380 WOODS COVE ROAD,SCOTTSBORO,JACKSON,2,29,8,0,42,3,25,0
GADSDEN HEALTH AND REHABILITATION CENTER,015180,1945 DAVIS DRIVE,GADSDEN,ETOWAH,1,0,4,0,132,0,0,0
"FOLSOM CENTER FOR REHABILITATION AND HEALTHCARE, T",015437,401 ARNOLD STREET N.E.,CULLMAN,CULLMAN,2,24,19,0,83,3,47,0
OZARK HEALTH AND REHABILITATION,015208,312 BRYAN DRIVE,OZARK,DALE,39,1,18,1,135,32,3,0
MAGNOLIA RIDGE,015133,420 DEAN DRIVE,GARDENDALE,JEFFERSON,9,1,5,0,115,8,0,0
TERRACE OAKS CARE AND REHABILITATION CENTER,015060,4201 BESSEMER SUPER HIGHWAY,BESSEMER,JEFFERSON,5,0,0,0,55,13,0,0
LYNWOOD NURSING HOME,015434,4164 HALLS MILL ROAD,MOBILE,MOBILE,55,0,20,18,78,38,9,0
DIVERSICARE OF BIG SPRINGS,015111,500 ST. CLAIR AVENUE SOUTHWEST,HUNTSVILLE,MADISON,0,4,0,0,105,4,7,0
VALLEY VIEW HEALTH AND REHABILITATION,015431,5968 WALL TRIANA HIGHWAY,MADISON,MADISON,0,3,10,0,140,0,14,0
TERRACE MANOR NURSING AND REHABILITATION CENTER,015066,390 UNDERWOOD ROAD,RUSSELLVILLE,FRANKLIN,0,3,1,0,51,0,15,0
EXTENDICARE HEALTH CENTER,015152,950 SOUTH ST. ANDREWS STREET,DOTHAN,HOUSTON,18,26,26,1,138,16,41,0
ARLINGTON REHABILITATION AND HEALTHCARE CENTER,015153,"1020 TUSCALOOSA AVENUE, SW",BIRMINGHAM,JEFFERSON,14,0,0,0,101,11,3,0
GLEN HAVEN HEALTH AND REHABILITATION,015186,2201 32ND STREET,NORTHPORT,TUSCALOOSA,6,13,16,1,171,11,6,1
HEALTH CARE,015407,P O BOX 130,ASHVILLE,ST. CLAIR,0,0,2,0,49,0,4,0
DIVERSICARE OF WINFIELD,015376,144 COUNTY HWY 14,WINFIELD,MARION,27,10,8,0,94,11,13,0
LAUDERDALE CHRISTIAN NURSING HOME,015361,2019 COUNTY ROAD 394,KILLEN,LAUDERDALE,0,5,5,0,52,0,8,0
MERRY WOOD LODGE,015019,P O BOX 130,ELMORE,ELMORE,53,40,14,5,67,38,11,0
CULLMAN HEALTH CARE CENTER,015048,1607 MAIN AVE NE,CULLMAN,CULLMAN,0,0,3,0,78,0,17,0
GREENE COUNTY NURSING HOME,015178,509 WILSON AVE,EUTAW,GREENE,20,0,11,11,38,1,0,0
WINDSOR HOUSE,015397,4411 MCALLISTER DRIVE,HUNTSVILLE,MADISON,9,0,4,0,97,11,1,0
SENIOR REHABILITATION AND RECOVERY AT LIMESTONE HEALTH FACILI,015024,1600 WEST HOBBS STREET,ATHENS,LIMESTONE,37,35,41,3,130,17,32,0
MEADOWVIEW NURSING CENTER,015400,7300 OLD HIGHWAY 78 EAST,PELL CITY,ST. CLAIR,0,4,0,0,52,0,16,0
FAIR HAVEN,015076,1424 MONTCLAIR ROAD,BIRMINGHAM,JEFFERSON,24,1,15,2,213,8,0,0
EAMC LANIER NURSING HOME,015045,4800 48TH STREET,VALLEY,CHAMBERS,0,17,11,0,92,8,32,0
HATLEY HEALTH CARE,015023,300 MEDICAL CENTER DRIVE,CLANTON,CHILTON,0,15,5,0,125,1,11,0
PIEDMONT HEALTH CARE CENTER,015194,30 ROUNDTREE DRIVE,PIEDMONT,CALHOUN,0,0,7,0,75,0,1,0
SUMMERFORD NURSING HOME,015075,4087 HIGHWAY 31 SOUTHWEST,FALKVILLE,MORGAN,2,23,34,0,187,3,66,0
LITTLE SISTERS OF THE POOR SACRED HEART RESIDENCE,015168,1655 MCGILL AVENUE,MOBILE,MOBILE,1,0,3,0,66,8,1,0
NORTH MOBILE NURSING AND REHABILITATION CENTER,015183,4525 ST STEPHENS ROAD,EIGHT MILE,MOBILE,45,36,19,13,130,30,26,0
CLAY COUNTY NURSING HOME,015124,83825 HIGHWAY 9   P O BOX 1270,ASHLAND,CLAY,0,1,1,0,72,0,7,0
SYLACAUGA HEALTH AND REHABILITATION SERVICES,015160,1007 W FORT WILLIAMS ST,SYLACAUGA,TALLADEGA,0,7,19,0,133,0,12,0
SANCTUARY AT THE WOODLANDS,015471,1910 CHEROKEE  AVENUE SW,CULLMAN,CULLMAN,,,,,,,,
SUNSET MANOR,015149,251 SUNSET PLACE,GUIN,MARION,0,5,3,0,63,0,2,0
JACKSONVILLE HEALTH AND REHABILITATION,015391,410 WILSON DRIVE SOUTHWEST,JACKSONVILLE,CALHOUN,0,2,12,0,150,0,0,0
MOUNDVILLE HEALTH AND REHABILITATION,015187,THIRD AVENUE    P O BOX 607,MOUNDVILLE,HALE,0,5,13,0,60,4,7,0
HARTFORD HEALTH CARE,015419,217 TORO ROAD,HARTFORD,GENEVA,0,0,0,0,84,0,1,0
MONROE MANOR HEALTH AND REHABILITATION CENTER,015398,236 WEST CLAIBORNE STREET,MONROEVILLE,MONROE,19,7,1,0,71,29,15,0
"NHC HEALTHCARE, ANNISTON",015120,2300 COLEMAN RD,ANNISTON,CALHOUN,1,7,39,0,134,5,43,0
PLANTATION MANOR NURSING HOME,015015,6450 OLD TUSCALOOSA HIGHWAY   P O BOX 97,MC CALLA,JEFFERSON,0,0,3,0,80,0,0,0
PRATTVILLE HEALTH AND REHABILITATION,015065,601 JASMINE TRAIL,PRATTVILLE,AUTAUGA,15,10,21,2,110,16,12,0
WOODHAVEN MANOR NURSING HOME,015177,105 WEST WINDSOR ST,DEMOPOLIS,MARENGO,8,11,3,1,61,3,14,0
KELLER LANDING,015028,813 KELLER LANE,TUSCUMBIA,COLBERT,7,2,5,0,67,14,1,0
ANDALUSIA MANOR,015416,670 MOORE RD,ANDALUSIA,COVINGTON,20,11,5,3,106,22,19,0
ENTERPRISE HEALTH AND REHABILITATION CENTER,015320,300 PLAZA DRIVE P O BOX 311227,ENTERPRISE,COFFEE,2,0,36,0,176,14,21,0
AHC MILLENIUM,015458,5275 MILLENNIUM DRIVE,HUNTSVILLE,MADISON,0,9,5,0,87,0,5,0
MITCHELL-HOLLINGSWORTH NURSING AND REHABILITATION,015031,805 FLAGG CIRCLE,FLORENCE,LAUDERDALE,12,31,19,0,155,13,43,0
MOUNT ROYAL TOWERS,015455,300 ROYAL TOWER DRIVE,BIRMINGHAM,JEFFERSON,1,1,4,0,114,2,1,0
DIVERSICARE OF BOAZ,015063,600 CORLEY AVENUE,BOAZ,MARSHALL,3,0,4,0,100,8,0,0
CROSSVILLE HEALTH AND REHABILITATION,015176,8922 HIGHWAY 227,CROSSVILLE,DEKALB,61,4,23,2,123,36,10,0
SPRINGHILL MANOR NURSING HOME,015415,3900 OLD SHELL ROAD,MOBILE,MOBILE,0,1,2,0,30,1,2,0
WALKER REHABILITATION CENTER,015408,350 NORTHEAST 4TH STREET     P O BOX 30,CARBON HILL,WALKER,15,6,3,3,41,8,1,0
COLLINSVILLE HEALTHCARE AND REHABILITATION,015207,685 NORTH VALLEY AVE,COLLINSVILLE,DEKALB,0,8,4,0,155,12,18,1
OAKWOOD-NORTH BALDWIN'S CENTER FOR LIVING,015417,2010 MEDICAL CENTER DRIVE,BAY MINETTE,BALDWIN,0,6,0,0,67,1,15,0
FAIRHOPE HEALTH AND REHABILITATION,015222,108 SOUTH CHURCH STREET,FAIRHOPE,BALDWIN,0,0,0,0,63,2,0,0
PARK PLACE,015084,100 PARK PLACE,SELMA,DALLAS,14,0,3,3,85,23,0,0
SOUTH HAMPTON NURSING AND REHABILITATION CENTER,015448,213 WILSON MANN ROAD,OWENS CROSS ROADS,MADISON,0,1,3,0,62,0,5,0
FALKVILLE HEALTH CARE CENTER,015136,10 WEST 3RD STREET  PO BOX 409,FALKVILLE,MORGAN,38,12,4,4,91,23,22,0
CRIMSON HEALTH AND REHABILITATION,015037,3312 WOODLEY ROAD,MONTGOMERY,MONTGOMERY,0,0,0,0,50,1,0,0
MARION REGIONAL NURSING HOME,015167,184 SASSER DRIVE,HAMILTON,MARION,34,37,19,7,58,25,55,1
CAPITOL HILL HEALTHCARE CENTER,015390,520 SOUTH HULL STREET,MONTGOMERY,MONTGOMERY,38,23,17,6,189,14,16,0
FAIRVIEW AT REDSTONE VILLAGE,015454,12000 TURNMEYER DRIVE,HUNTSVILLE,MADISON,0,2,6,0,47,1,6,0
DIVERSICARE OF LANETT,015196,702 SOUTH 13TH STREET,LANETT,CHAMBERS,2,1,29,0,74,6,6,0
EAST GLEN,015388,53 MEDICAL PARK DRIVE EAST,BIRMINGHAM,JEFFERSON,0,0,0,0,92,0,2,0
COLONIAL HAVEN CARE AND REHABILITATION CENTER,015396,616 ARMORY STREET,GREENSBORO,HALE,40,0,13,11,62,34,0,1
SELMA HEALTH AND REHABILITATION,015119,11 BELL ROAD,SELMA,DALLAS,31,0,0,0,111,4,0,0
AZALEA GARDENS OF MOBILE,015151,1758 SPRINGHILL AVE,MOBILE,MOBILE,13,1,1,0,86,7,4,0
MARSHALL MANOR NURSING HOME,015378,3120 NORTH STREET,GUNTERSVILLE,MARSHALL,1,2,13,0,75,1,3,0
CLEBURNE COUNTY NURSING HOME,015053,122 BROCKFORD ROAD,HEFLIN,CLEBURNE,,,,,,,,
LITTLE SISTERS OF THE POOR SACRED HEART RESIDENCE,015168,1655 MCGILL AVENUE,MOBILE,MOBILE,5,0,5,1,65,14,1,0
MONROE MANOR HEALTH AND REHABILITATION CENTER,015398,236 WEST CLAIBORNE STREET,MONROEVILLE,MONROE,31,7,1,0,67,40,19,0
MEADOWVIEW NURSING CENTER,015400,7300 OLD HIGHWAY 78 EAST,PELL CITY,ST. CLAIR,0,4,0,0,52,0,20,0
HEALTH CARE,015407,P O BOX 130,ASHVILLE,ST. CLAIR,0,0,2,0,49,0,4,0
PIEDMONT HEALTH CARE CENTER,015194,30 ROUNDTREE DRIVE,PIEDMONT,CALHOUN,0,0,7,0,76,0,1,0
GLEN HAVEN HEALTH AND REHABILITATION,015186,2201 32ND STREET,NORTHPORT,TUSCALOOSA,14,13,16,1,169,16,6,1
CAMDEN NURSING FACILITY,015374,210 PONDEROSA DRIVE,CAMDEN,WILCOX,25,4,10,6,51,22,7,0
GREENE COUNTY NURSING HOME,015178,509 WILSON AVE,EUTAW,GREENE,21,0,11,11,38,1,0,0
ARLINGTON REHABILITATION AND HEALTHCARE CENTER,015153,"1020 TUSCALOOSA AVENUE, SW",BIRMINGHAM,JEFFERSON,16,0,0,0,99,14,3,0
SANCTUARY AT THE WOODLANDS,015471,1910 CHEROKEE  AVENUE SW,CULLMAN,CULLMAN,,,,,,,,
PLANTATION MANOR NURSING HOME,015015,6450 OLD TUSCALOOSA HIGHWAY   P O BOX 97,MC CALLA,JEFFERSON,0,0,3,0,82,0,0,0
MOUNDVILLE HEALTH AND REHABILITATION,015187,THIRD AVENUE    P O BOX 607,MOUNDVILLE,HALE,0,5,14,0,58,5,10,0
TROY HEALTH AND REHABILITATION CENTER,015213,515 ELBA HIGHWAY,TROY,PIKE,22,45,13,3,136,10,34,0
HUNTSVILLE HEALTH AND REHABILITATION,015440,4010 CHRIS DRIVE,HUNTSVILLE,MADISON,2,5,9,0,83,3,5,0
HALEYVILLE HEALTH CARE CENTER,015157,2201 11TH AVENUE,HALEYVILLE,WINSTON,2,2,14,1,53,2,14,0
CROWNE HEALTH CARE OF SPRINGHILL,015426,3712 DAUPHIN ST,MOBILE,MOBILE,1,0,1,0,20,3,0,0
CLAY COUNTY NURSING HOME,015124,83825 HIGHWAY 9   P O BOX 1270,ASHLAND,CLAY,3,2,1,0,72,1,8,0
BROWN NURSING HOME,015191,2334 WASHINGTON STREET,ALEXANDER CITY,TALLAPOOSA,1,7,3,0,65,0,13,0
KELLER LANDING,015028,813 KELLER LANE,TUSCUMBIA,COLBERT,9,2,6,0,65,21,4,0
PARK MANOR HEALTH AND REHABILITATION,015326,2201 MCFARLAND BOULEVARD,NORTHPORT,TUSCALOOSA,1,10,12,0,130,5,17,0
SUNSET MANOR,015149,251 SUNSET PLACE,GUIN,MARION,0,5,3,0,63,0,3,0
HENRY COUNTY HEALTH AND REHABILITATION FACILITY,015373,212 DOTHAN ROAD,ABBEVILLE,HENRY,23,70,26,5,84,21,60,0
"NHC HEALTHCARE, MOULTON",015128,300 HOSPITAL STREET,MOULTON,LAWRENCE,1,1,0,0,117,0,0,0
ARBOR SPRINGS HEALTH AND REHABILITATION CENTER,015192,1910 PEPPERELL PKWY,OPELIKA,LEE,68,0,50,19,110,42,2,0
HUNTER CREEK HEALTH AND REHABILITATION,015034,600 34TH ST,NORTHPORT,TUSCALOOSA,43,6,7,4,64,10,8,0
ANDALUSIA MANOR,015416,670 MOORE RD,ANDALUSIA,COVINGTON,22,12,6,3,103,26,21,0
SYLACAUGA HEALTH AND REHABILITATION SERVICES,015160,1007 W FORT WILLIAMS ST,SYLACAUGA,TALLADEGA,0,7,20,0,132,0,13,0
DIVERSICARE OF FOLEY,015032,1701 NORTH ALSTON STREET,FOLEY,BALDWIN,11,0,0,0,114,9,4,0
SPRINGHILL MANOR NURSING HOME,015415,3900 OLD SHELL ROAD,MOBILE,MOBILE,0,1,2,0,31,2,2,0
JOHN KNOX MANOR INC I I,015135,4401 NARROW LANE ROAD,MONTGOMERY,MONTGOMERY,0,1,0,0,54,2,8,0
MONTGOMERY CHILDREN'S SPECIALTY CENTER,01A208,2853 FORBES DRIVE,MONTGOMERY,MONTGOMERY,1,0,0,0,46,8,1,0
CHEROKEE COUNTY HEALTH AND REHABILITATION CENTER,015200,877 CEDAR BLUFF ROAD,CENTRE,CHEROKEE,18,1,20,6,147,6,0,0
AHAVA HEALTHCARE OF ALABASTER,015144,"850 9TH STREET, NORTHWEST",ALABASTER,SHELBY,1,4,0,0,150,6,17,0
MARSHALL MANOR NURSING HOME,015378,3120 NORTH STREET,GUNTERSVILLE,MARSHALL,1,2,13,0,74,1,3,0
MITCHELL-HOLLINGSWORTH NURSING AND REHABILITATION,015031,805 FLAGG CIRCLE,FLORENCE,LAUDERDALE,12,37,19,0,154,15,51,0
SHELBY RIDGE NURSING HOME,015411,881 3RD STREET NORTHEAST,ALABASTER,SHELBY,25,47,23,4,121,16,44,0
WALKER REHABILITATION CENTER,015408,350 NORTHEAST 4TH STREET     P O BOX 30,CARBON HILL,WALKER,18,8,4,4,40,13,1,0
PERRY COUNTY NURSING HOME,015158,505 EAST LAFAYETTE STREET,MARION,PERRY,32,1,3,2,55,29,12,0
ALLEN HEALTH AND REHABILITATION,015098,735 SOUTH WASHINGTON AVENUE,MOBILE,MOBILE,9,23,6,2,80,20,6,0
CROWNE HEALTH CARE OF THOMASVILLE,015220,1425 MOSLEY DRIVE,THOMASVILLE,CLARKE,4,0,0,0,73,10,0,0
DIVERSICARE OF WINFIELD,015376,144 COUNTY HWY 14,WINFIELD,MARION,56,13,21,13,86,25,18,0
OAK PARK,015452,1365 GATEWOOD DRIVE,AUBURN,LEE,0,6,4,0,77,1,13,0
ADAMS NURSING HOME,015386,1555 HILLABEE STREET,ALEXANDER CITY,TALLAPOOSA,0,2,2,0,58,2,6,0
BROOKSHIRE HEALTHCARE CENTER,015127,4320 JUDITH LANE,HUNTSVILLE,MADISON,2,0,3,2,116,2,0,0
FALKVILLE HEALTH CARE CENTER,015136,10 WEST 3RD STREET  PO BOX 409,FALKVILLE,MORGAN,51,13,6,6,85,29,22,0
SOUTH HAMPTON NURSING AND REHABILITATION CENTER,015448,213 WILSON MANN ROAD,OWENS CROSS ROADS,MADISON,0,1,3,0,61,0,5,0
WESTSIDE TERRACE HEALTH AND REHABILITATION CENTER,015425,501 NORTH WOODBURN DRIVE,DOTHAN,HOUSTON,6,9,7,0,131,5,13,0
CRIMSON HEALTH AND REHABILITATION,015037,3312 WOODLEY ROAD,MONTGOMERY,MONTGOMERY,0,0,0,0,47,2,0,0
SOUTH HEALTH AND REHABILITATION,015097,1220 SOUTH 17TH STREET,BIRMINGHAM,JEFFERSON,45,1,3,1,52,41,3,1
MADISON MANOR NURSING HOME,015214,3891 SULLIVAN ST,MADISON,MADISON,0,7,6,0,69,1,10,0
ENTERPRISE HEALTH AND REHABILITATION CENTER,015320,300 PLAZA DRIVE P O BOX 311227,ENTERPRISE,COFFEE,2,0,36,0,174,18,23,0
PARK PLACE,015084,100 PARK PLACE,SELMA,DALLAS,16,0,6,6,83,25,0,0
BROOKDALE UNIVERSITY PARK SNF (AL),015423,501 UNIVERSITY PARK DRIVE,BIRMINGHAM,JEFFERSON,5,2,18,0,36,9,14,0
EAST GLEN,015388,53 MEDICAL PARK DRIVE EAST,BIRMINGHAM,JEFFERSON,0,0,0,0,96,0,3,0
TRAYLOR RETIREMENT COMMUNITY,015126,1235 YANCEY STREET  P O BOX 467,ROANOKE,RANDOLPH,35,0,13,7,81,16,4,0
CAREGIVERS OF PLEASANT GROVE,015044,700 FIRST AVENUE,PLEASANT GROVE,JEFFERSON,28,21,14,11,47,8,0,0
WEST HILL HEALTH AND REHABILITATION,015303,1028 BESSEMER RD,BIRMINGHAM,JEFFERSON,55,1,12,1,63,20,0,0
WIREGRASS REHABILITATION CENTER AND NURSING HOME,015150,1200 MAPLE AVENUE WEST,GENEVA,GENEVA,0,0,5,0,89,1,9,0
CYPRESS COVE CARE CENTER,015392,200 ALABAMA AVENUE,MUSCLE SHOALS,COLBERT,23,3,7,0,77,12,4,0
GULF COAST HEALTH AND REHABILITATION,015456,8002 GRELOT ROAD,MOBILE,MOBILE,4,12,6,0,77,11,2,0
WETUMPKA HEALTH AND REHABILITATION,015027,1825 HOLTVILLE ROAD,WETUMPKA,ELMORE,40,3,27,4,92,32,5,0
COTTAGE OF THE SHOALS,015067,500 JOHN ALDRIDGE DRIVE,TUSCUMBIA,COLBERT,7,4,6,0,69,13,11,0
CHAPMAN HEALTHCARE CENTER,015221,3701 DADEVILLE ROAD,ALEXANDER CITY,TALLAPOOSA,6,0,8,1,142,4,0,0
CHOCTAW HEALTH AND REHABILITATION,015164,1406 EAST PUSHMATAHA STREET,BUTLER,CHOCTAW,46,50,13,9,51,20,24,0
EASTVIEW REHABILITATION AND HEALTHCARE CENTER,015014,7755 FOURTH AVENUE SOUTH,BIRMINGHAM,JEFFERSON,12,0,2,0,74,18,0,0
SUMTER HEALTH AND REHABILITATION,015042,1505 EAST 4TH AVENUE,YORK,SUMTER,80,1,12,3,61,70,10,0
LINEVILLE HEALTH AND REHABILITATION,015142,88073 HIGHWAY 9,LINEVILLE,CLAY,0,8,8,0,96,1,15,0
CROWNE HEALTH CARE OF FT PAYNE,015156,403 13TH STREET NORTHWEST,FORT PAYNE,DEKALB,0,0,0,0,99,3,0,0
MAGNOLIA HAVEN HEALTH AND REHABILITATION CENTER,015112,603 WRIGHT STREET,TUSKEGEE,MACON,,,,,,,,
CROWNE HEALTH CARE OF GREENVILLE,015193,408 COUNTRY CLUB DRIVE,GREENVILLE,BUTLER,57,12,22,19,51,30,9,0
CROWNE HEALTH CARE OF MONTGOMERY,015393,1837 UPPER WETUMPKA ROAD,MONTGOMERY,MONTGOMERY,2,0,16,0,155,7,4,0
KNOLLWOOD HEALTHCARE,015463,3151-A KNOLLWOOD DRIVE,MOBILE,MOBILE,23,18,16,14,52,43,35,0
CROWNE HEALTH CARE OF MOBILE,015100,954 NAVCO ROAD,MOBILE,MOBILE,5,0,8,5,105,4,2,1
DIVERSICARE OF MONTGOMERY,015040,2020 NORTH COUNTRY CLUB DRIVE,MONTGOMERY,MONTGOMERY,52,0,13,11,84,25,15,0
BIRMINGHAM NURSING AND REHABILITATION CENTER EAST,015134,733 MARY VANN LANE,BIRMINGHAM,JEFFERSON,1,0,5,0,131,1,0,0
KIRKWOOD BY THE RIVER,015457,3605 RATLIFF ROAD,BIRMINGHAM,JEFFERSON,12,0,5,5,43,4,0,0
CANTERBURY HEALTH CARE FACILITY,015382,1720 KNOWLES ROAD,PHENIX CITY,RUSSELL,12,0,3,0,96,16,0,0
ALICEVILLE MANOR NURSING HOME,015137,703 17TH STREET NORTHWEST,ALICEVILLE,PICKENS,0,8,4,0,79,2,14,0
BIBB MED CENTER NURSING HOME,015215,208 PIERSON AVE,CENTREVILLE,BIBB,1,0,5,0,121,1,0,0
WESLEY PLACE ON HONEYSUCKLE,015175,718 HONEYSUCKLE ROAD,DOTHAN,HOUSTON,31,4,10,6,144,25,20,0
RIDGEWOOD HEALTH SERVICES,015315,201 OAKHILL ROAD,JASPER,WALKER,12,1,14,1,86,12,0,0
DIVERSICARE OF PELL CITY,015189,"510 WOLF CREEK ROAD, NORTH",PELL CITY,ST. CLAIR,15,2,4,0,68,17,3,0
REGENCY HEALTH CARE AND REHABILITATION CENTER,015372,"2061 POOLE DRIVE, NW",HUNTSVILLE,MADISON,1,1,0,0,68,1,2,0
ST MARTIN'S IN THE PINES,015433,4941 MONTEVALLO ROAD,BIRMINGHAM,JEFFERSON,2,0,9,0,94,18,0,0
GLENWOOD CENTER,015147,211 ANA DRIVE,FLORENCE,LAUDERDALE,3,5,13,0,108,4,20,0
JACKSON HEALTH CARE FACILITY,015188,2616 NORTH COLLEGE AVENUE,JACKSON,CLARKE,0,8,12,0,66,3,14,0
DIVERSICARE OF ARAB,015148,235 THIRD STREET SE,ARAB,MARSHALL,0,0,7,0,75,0,2,0
EVERGREEN NURSING HOME,015089,100 SANDERS DRIVE,EVERGREEN,CONECUH,41,0,4,4,50,13,0,0
TALLADEGA HEALTHCARE CENTER,015162,616 CHAFFEE STREET,TALLADEGA,TALLADEGA,61,94,1,1,165,32,52,0
PHENIX CITY HEALTH CARE,015331,3900 LAKEWOOD DRIVE,PHENIX CITY,RUSSELL,0,0,4,0,79,0,1,0
MAGNOLIA RIDGE,015133,420 DEAN DRIVE,GARDENDALE,JEFFERSON,26,1,5,0,121,11,0,0
RIVER CITY CENTER,015113,1350 FOURTEENTH AVENUE SOUTHEAST,DECATUR,MORGAN,21,4,16,0,131,10,1,0
RIDGEVIEW HEALTH SERVICES,015155,"907 11TH STREET, NE",JASPER,WALKER,88,42,21,15,96,71,58,0
PARKWOOD HEALTH CARE FACILITY,015179,3301 STADIUM DRIVE,PHENIX CITY,RUSSELL,1,2,20,0,64,4,7,0
SOUTH HAVEN HEALTH AND REHABILITATION,015321,3141 OLD COLUMBIANA ROAD,BIRMINGHAM,JEFFERSON,58,18,25,18,59,34,2,0
MONTROSE BAY HEALTH AND REHABILITATION,015447,22670 MAIN STREET,FAIRHOPE,BALDWIN,0,0,0,0,59,3,0,0
BIRMINGHAM NURSING AND REHABILITATION CENTER,015217,1000 DUGAN AVENUE,BIRMINGHAM,JEFFERSON,0,13,8,0,125,1,12,0
DIVERSICARE OF RIVERCHASE,015145,2500 RIVERHAVEN DRIVE,BIRMINGHAM,JEFFERSON,61,25,16,13,97,32,11,0
MARENGO NURSING HOME,015330,608 NORTH MAIN STREET,LINDEN,MARENGO,0,3,5,0,63,5,4,0
ASPIRE PHYSICAL RECOVERY CENTER OF WEST ALABAMA,015465,2400 HOSPITAL DRIVE,NORTHPORT,TUSCALOOSA,2,0,5,0,57,4,12,0
TERRACE MANOR NURSING AND REHABILITATION CENTER,015066,390 UNDERWOOD ROAD,RUSSELLVILLE,FRANKLIN,0,3,1,0,52,0,15,0
TWIN OAKS REHABILITATION AND HEALTHCARE CENTER,015211,857 CRAWFORD LANE,MOBILE,MOBILE,10,0,0,0,115,29,5,0
OZARK HEALTH AND REHABILITATION,015208,312 BRYAN DRIVE,OZARK,DALE,55,1,22,5,125,33,3,0
FOREST MANOR HEALTH AND REHABILITATION,015143,2215 32ND STREET,NORTHPORT,TUSCALOOSA,41,24,23,9,134,32,35,1
WOODLAND VILLAGE REHABILITATION AND HEALTHCARE CENTER,015383,1900 OLIVE STREET,CULLMAN,CULLMAN,2,13,35,0,114,3,30,0
LYNWOOD NURSING HOME,015434,4164 HALLS MILL ROAD,MOBILE,MOBILE,55,0,20,18,80,38,9,0
DADEVILLE HEALTHCARE CENTER,015166,351 NORTH EAST STREET,DADEVILLE,TALLAPOOSA,48,2,9,6,86,16,1,0
GALLERIA WOODS SKILLED NURSING FACILITY,015459,3850 GALLERIA WOODS DRIVE,BIRMINGHAM,JEFFERSON,0,0,2,0,27,3,0,0
ATHENS HEALTH AND REHABILITATION,015016,611 WEST MARKET STREET,ATHENS,LIMESTONE,0,6,24,0,125,1,14,0
WASHINGTON COUNTY NURSING HOME,015123,14600 ST STEPHENS AVENUE,CHATOM,WASHINGTON,19,19,8,4,73,14,13,1
EAST ALABAMA MEDICAL CENTER SKILLED NURSING FACILI,015410,2000 PEPPERELL PARKWAY,OPELIKA,LEE,2,0,3,0,18,1,4,0
HIGHLANDS HEALTH AND REHABILITATION,015012,380 WOODS COVE ROAD,SCOTTSBORO,JACKSON,2,29,8,0,40,3,28,0
"FOLSOM CENTER FOR REHABILITATION AND HEALTHCARE, T",015437,401 ARNOLD STREET N.E.,CULLMAN,CULLMAN,2,25,19,0,82,5,53,0
ATTALLA HEALTH AND REHABILITATION,015203,915 STEWART AVENUE SOUTHEAST,ATTALLA,ETOWAH,40,0,11,1,59,52,13,0
DIVERSICARE OF BESSEMER,015209,820 GOLF COURSE ROAD,BESSEMER,JEFFERSON,62,2,37,26,129,38,3,1
LEGACY HEALTH AND REHABILITATION OF PLEASANT GROVE,015461,30 7TH STREET,PLEASANT GROVE,JEFFERSON,1,32,9,0,119,6,10,1
CHERRY HILL REHABILITATION AND HEALTHCARE CENTER,015445,1250 JEFF GERMANY PARKWAY,BIRMINGHAM,JEFFERSON,,,,,,,,
SUMMERFORD NURSING HOME,015075,4087 HIGHWAY 31 SOUTHWEST,FALKVILLE,MORGAN,2,23,35,0,189,4,73,0
MERRY WOOD LODGE,015019,P O BOX 130,ELMORE,ELMORE,53,40,14,5,72,45,11,0
HENDRIX HEALTH AND REHABILITATION,015138,1000 HIGHWAY 33,DOUBLE SPRINGS,WINSTON,38,8,14,0,89,17,12,0
BARFIELD HEALTH CARE,015225,22444 HIGHWAY 431,GUNTERSVILLE,MARSHALL,0,9,28,0,105,1,29,0
CROWNE HEALTH CARE OF CITRONELLE,015121,19225 NORTH 4TH STREET,CITRONELLE,MOBILE,26,2,6,0,62,25,1,0
HATLEY HEALTH CARE,015023,300 MEDICAL CENTER DRIVE,CLANTON,CHILTON,0,18,5,0,123,1,16,0
EXTENDICARE HEALTH CENTER,015152,950 SOUTH ST. ANDREWS STREET,DOTHAN,HOUSTON,30,56,28,2,128,20,55,0
ENGLEWOOD HEALTH CARE CENTER,015322,2046 SOUTH ALABAMA AVE,MONROEVILLE,MONROE,0,2,6,0,75,6,9,0
WINDSOR HOUSE,015397,4411 MCALLISTER DRIVE,HUNTSVILLE,MADISON,15,0,4,0,101,16,1,0
LAUDERDALE CHRISTIAN NURSING HOME,015361,2019 COUNTY ROAD 394,KILLEN,LAUDERDALE,0,5,5,0,53,1,9,0
GENERATIONS OF RED BAY,015201,106 TENTH AVENUE NORTHWEST,RED BAY,FRANKLIN,1,9,8,0,61,2,41,0
SELMA HEALTH AND REHABILITATION,015119,11 BELL ROAD,SELMA,DALLAS,34,0,0,0,108,7,3,0
EAMC LANIER NURSING HOME,015045,4800 48TH STREET,VALLEY,CHAMBERS,0,19,12,0,91,8,35,0
HILLVIEW TERRACE,015436,100 PERRY HILL RD,MONTGOMERY,MONTGOMERY,50,7,32,10,125,39,0,0
PRATTVILLE HEALTH AND REHABILITATION,015065,601 JASMINE TRAIL,PRATTVILLE,AUTAUGA,17,10,21,2,116,16,12,0
SIGNATURE HEALTHCARE OF WHITESBURG GARDENS,015116,105 TEAKWOOD DRIVE SW,HUNTSVILLE,MADISON,7,1,0,0,119,4,0,0
LONGLEAF HEALTH AND REHABILITATION,015469,1300 E SOUTH BLVD,MONTGOMERY,MONTGOMERY,0,0,0,0,0,0,0,0
HARTFORD HEALTH CARE,015419,217 TORO ROAD,HARTFORD,GENEVA,1,1,0,0,81,1,1,0
CHARLTON PLACE REHABILITATION AND HEALTHCARE CENTER,015460,65 CHARLTON PLACE,DEATSVILLE,ELMORE,1,1,0,0,54,2,0,0
DIVERSICARE OF BOAZ,015063,600 CORLEY AVENUE,BOAZ,MARSHALL,3,0,6,0,97,8,0,0
OAKVIEW MANOR HEALTH CARE CENTER,015216,929 MIXON SCHOOL ROAD,OZARK,DALE,43,17,16,5,111,21,25,0
"NHC HEALTHCARE, ANNISTON",015120,2300 COLEMAN RD,ANNISTON,CALHOUN,2,8,39,0,126,10,44,0
ASPIRE PHYSICAL RECOVERY CENTER AT HOOVER,015464,575 SOUTHLAND DRIVE,HOOVER,JEFFERSON,2,17,16,0,99,4,24,0
MOUNT ROYAL TOWERS,015455,300 ROYAL TOWER DRIVE,BIRMINGHAM,JEFFERSON,1,1,4,0,115,7,6,0
SPRINGHILL SENIOR RESIDENCE,015435,3717 DAUPHIN STREET,MOBILE,MOBILE,0,27,8,0,64,4,59,0
WOODHAVEN MANOR NURSING HOME,015177,105 WEST WINDSOR ST,DEMOPOLIS,MARENGO,8,14,3,1,60,3,14,0
OAKS ON PARKWOOD SKILLED NURSING FACILITY,015369,2625 LAUREL OAK DRIVE,BESSEMER,JEFFERSON,0,0,32,0,122,2,3,0
LUVERNE HEALTH AND REHABILITATION,015336,142 WEST THIRD STREET,LUVERNE,CRENSHAW,1,15,23,0,139,5,27,0
RUSSELLVILLE HEALTH CARE,015071,705 NORTHEAST GANDY STREET,RUSSELLVILLE,FRANKLIN,33,16,5,3,42,21,23,0
JACKSONVILLE HEALTH AND REHABILITATION,015391,410 WILSON DRIVE SOUTHWEST,JACKSONVILLE,CALHOUN,0,2,12,0,159,0,1,0
FAIR HAVEN,015076,1424 MONTCLAIR ROAD,BIRMINGHAM,JEFFERSON,28,1,16,2,208,8,0,0
ATMORE NURSING CENTER,015129,715 EAST LAUREL STREET,ATMORE,ESCAMBIA,33,2,7,6,69,20,7,0
COLLINSVILLE HEALTHCARE AND REHABILITATION,015207,685 NORTH VALLEY AVE,COLLINSVILLE,DEKALB,0,9,5,0,157,12,23,1
OAKWOOD-NORTH BALDWIN'S CENTER FOR LIVING,015417,2010 MEDICAL CENTER DRIVE,BAY MINETTE,BALDWIN,0,7,0,0,67,1,18,0
NORTH HILL NURSING AND REHABILITATION CENTER,015091,200 NORTH PINE HILL ROAD,BIRMINGHAM,JEFFERSON,13,12,13,5,173,3,2,0
CROSSVILLE HEALTH AND REHABILITATION,015176,8922 HIGHWAY 227,CROSSVILLE,DEKALB,67,4,23,2,123,38,10,0
HERITAGE HEALTH CARE AND REHABILITATION,015371,1101 SNOWS MILL AVENUE,TUSCALOOSA,TUSCALOOSA,0,31,18,0,141,1,22,0
AHC MILLENIUM,015458,5275 MILLENNIUM DRIVE,HUNTSVILLE,MADISON,0,9,7,0,84,0,5,0
COLUMBIANA HEALTH AND REHABILITATION,015453,22969 HIGHWAY 25,COLUMBIANA,SHELBY,39,18,18,9,51,33,10,0
ALTOONA HEALTH AND REHABILITATION,015101,6532 WALNUT GROVE ROAD,ALTOONA,ETOWAH,1,0,0,0,48,2,0,0
AZALEA GARDENS OF MOBILE,015151,1758 SPRINGHILL AVE,MOBILE,MOBILE,13,1,2,0,86,8,5,0
GREENBRIAR AT THE ALTAMONT SKILLED NURSING FACILIT,015446,2831 HIGHLAND AVENUE SOUTH,BIRMINGHAM,JEFFERSON,25,0,7,4,71,29,0,0
FAIRVIEW AT REDSTONE VILLAGE,015454,12000 TURNMEYER DRIVE,HUNTSVILLE,MADISON,0,2,7,0,49,1,7,0
DIVERSICARE OF LANETT,015196,702 SOUTH 13TH STREET,LANETT,CHAMBERS,2,1,30,0,74,6,6,0
NORTHSIDE HEALTH CARE,015223,700 HUTCHINS AVENUE,GADSDEN,ETOWAH,8,0,1,0,90,8,5,0
ASPIRE PHYSICAL RECOVERY CENTER AT CAHABA RIVER,015468,3070 HEALTHY WAY,VESTAVIA,JEFFERSON,4,1,13,0,100,2,2,0
DIVERSICARE OF OXFORD,015132,1130 SOUTH HALE STREET,OXFORD,CALHOUN,0,0,2,0,136,1,0,0
NORTH MOBILE NURSING AND REHABILITATION CENTER,015183,4525 ST STEPHENS ROAD,EIGHT MILE,MOBILE,45,36,19,13,130,30,26,0
COLONIAL HAVEN CARE AND REHABILITATION CENTER,015396,616 ARMORY STREET,GREENSBORO,HALE,41,0,13,11,62,34,0,1
FAYETTE MEDICAL CENTER LONG TERM CARE UNIT,015154,1653 TEMPLE AVENUE NORTH,FAYETTE,FAYETTE,3,17,4,2,98,7,7,0
OPP HEALTH AND REHABILITATION,015210,115 PAULK AVENUE  P O BOX 730,OPP,COVINGTON,76,4,31,13,130,35,5,0
CLOVERDALE REHABILITATION AND NURSING CENTER,015184,412 CLOVERDALE ROAD,SCOTTSBORO,JACKSON,1,4,20,0,126,1,32,0
ALBERTVILLE NURSING HOME,015163,750 ALABAMA HIGHWAY 75 NORTH,ALBERTVILLE,MARSHALL,49,32,22,5,126,34,25,0
MOBILE NURSING AND REHABILITATION CENTER,015379,7020 BRUNS DRIVE,MOBILE,MOBILE,0,1,0,0,103,3,6,0
LAFAYETTE EXTENDED CARE,015197,805 HOSPITAL STREET SOUTHWEST,LAFAYETTE,CHAMBERS,0,0,2,1,53,0,1,0
GEORGIANA HEALTH AND REHABILITATION,015182,206 PALMER AVENUE,GEORGIANA,BUTLER,28,1,10,2,71,8,4,0
WILLOWBROOKE CT SKILLED CARE CENTER WESTMINSTER VLG,015381,500 SPANISH FORT BLVD,SPANISH FORT,BALDWIN,8,0,9,1,29,8,2,0
HANCEVILLE NURSING AND REHABILITATION CENTER,015073,420 MAIN STREET NE,HANCEVILLE,CULLMAN,20,19,5,1,189,8,8,0
MARION REGIONAL NURSING HOME,015167,184 SASSER DRIVE,HAMILTON,MARION,34,37,19,7,57,25,55,1
CIVIC CENTER HEALTH AND REHABILITATION,015109,1201 22ND STREET NORTH,BIRMINGHAM,JEFFERSON,0,4,8,0,85,1,1,0
WILLOWBROOKE CT SKILLED CARE CENTER AT MAGNOLIA TRACE,015450,ONE CROWN CIRCLE,HUNTSVILLE,MADISON,3,0,4,1,48,3,0,0
ARBOR WOODS HEALTH AND REHABILITATION,015141,515 2ND AVENUE NORTHWEST,REFORM,PICKENS,0,0,1,0,55,0,0,0
CROWNE HEALTH CARE OF EUFAULA,015199,430 RIVERS AVENUE,EUFAULA,BARBOUR,43,22,14,3,133,12,19,0
SELF HEALTH CARE AND REHABILITATION CENTER,015212,131 EAST CREST ROAD,HUEYTOWN,JEFFERSON,1,1,4,0,63,2,3,0
DECATUR HEALTH AND REHABILITATION CENTER,015206,2326 MORGAN AVENUE SOUTHWEST,DECATUR,MORGAN,46,79,7,4,73,19,16,0
COOSA VALLEY HEALTH AND REHABILITATION,015174,513 PINEVIEW AVENUE,GLENCOE,ETOWAH,11,12,4,0,108,8,11,0
CAPITOL HILL HEALTHCARE CENTER,015390,520 SOUTH HULL STREET,MONTGOMERY,MONTGOMERY,50,26,20,9,188,20,21,0
GENERATIONS OF VERNON,015227,1050 CONVALESCENT ROAD,VERNON,LAMAR,1,4,0,0,111,1,17,0
FLORALA HEALTH AND REHABILITATION,015451,23621 GOLDENROD AVENUE,FLORALA,COVINGTON,5,0,6,0,69,6,1,0
CUMBERLAND HEALTH AND REHABILITATION,015420,47065 AL HIGHWAY 277,BRIDGEPORT,JACKSON,1,0,2,0,81,1,11,0
LAFAYETTE NURSING HOME,015414,555 B STREET SW,LAFAYETTE,CHAMBERS,4,0,5,0,47,2,0,0
OAK TRACE CARE AND REHABILITATION CENTER,015050,325 SELMA ROAD,BESSEMER,JEFFERSON,1,0,6,0,65,7,0,0
LIGHTHOUSE REHABILITATION AND HEALTHCARE CENTER,015413,2911 EARL GOODWIN PARKWAY,SELMA,DALLAS,15,11,8,3,57,10,5,0
MCGUFFEY HEALTH AND REHABILITATION CENTER,015202,2301 RAINBOW DRIVE,GADSDEN,ETOWAH,4,15,10,0,141,2,22,0
DIVERSICARE OF ONEONTA,015159,215 VALLEY ROAD,ONEONTA,BLOUNT,8,0,9,0,103,16,6,0
BURNS NURSING HOME,015009,701 MONROE STREET NW,RUSSELLVILLE,FRANKLIN,45,1,6,5,47,35,14,0
NORTHWAY HEALTH AND REHABILITATION,015047,1424 NORTH 25TH STREET,BIRMINGHAM,JEFFERSON,2,5,6,0,103,1,3,0
GRAND BAY CONVALESCENT HOME,015406,13750 HIGHWAY 90 WEST P.O. BOX 328,GRAND BAY,MOBILE,0,2,6,0,63,4,0,0
FAIRHOPE HEALTH AND REHABILITATION,015222,108 SOUTH CHURCH STREET,FAIRHOPE,BALDWIN,0,0,0,0,64,2,0,0
ROBERTSDALE REHABILITATION AND HEALTHCARE CENTER,015443,18700 U S HIGHWAY 90,ROBERTSDALE,BALDWIN,39,0,0,0,112,29,0,0
SOUTHLAND NURSING HOME,015104,500 SHIVERS TERRACE,MARION,PERRY,,,,,,,,
ANNISTON HEALTH AND REHABILITATION SERVICES,015375,600 E 8TH STREET,ANNISTON,CALHOUN,1,0,1,0,59,2,0,0
TRUSSVILLE HEALTH AND REHABILITATION CENTER,015467,119 WATTERSON PARKWAY,TRUSSVILLE,JEFFERSON,1,0,6,0,123,0,2,0
EL REPOSO NURSING FACILITY,015402,260 MILNER CHAPEL ROAD,FLORENCE,LAUDERDALE,0,3,6,0,58,0,7,0
COOSA VALLEY HEALTHCARE CENTER,015010,260 WEST WALNUT STREET,SYLACAUGA,TALLADEGA,0,32,0,0,75,3,32,0
ROANOKE REHABILITATION AND HEALTHCARE CENTER,015424,680 SEYMOUR DRIVE,ROANOKE,RANDOLPH,30,11,2,2,47,32,8,0
CORDOVA HEALTH AND REHABILITATION,015115,70 HIGHLAND STREET WEST,CORDOVA,WALKER,10,5,17,2,95,0,22,0
OAK KNOLL HEALTH AND REHABILITATION,015117,824 SIXTH AVENUE WEST,BIRMINGHAM,JEFFERSON,0,0,5,0,90,0,0,0
MONTGOMERY HEALTH AND REHABILITATION,015228,4490 VIRGINIA LOOP ROAD,MONTGOMERY,MONTGOMERY,0,3,3,0,73,9,14,0
TLC NURSING CENTER,015422,212 ELLEN STREET,ONEONTA,BLOUNT,1,0,11,0,89,2,0,0
WEST GATE VILLAGE,015035,100 PINEVIEW AND THIRD P.O. BOX 49,BREWTON,ESCAMBIA,65,10,5,5,97,33,15,0
ELBA NURSING AND REHABILITATION CENTER,015083,987 DRAYTON STREET,ELBA,COFFEE,15,8,11,1,98,4,6,0
GOODWATER HEALTHCARE CENTER,015204,16 JONES HILL ROAD,GOODWATER,COOSA,0,0,1,0,64,0,0,0
SOUTHERN SPRINGS HEALTHCARE FACILITY,015171,745 SOUTHERN SPRINGS ROAD,UNION SPRINGS,BULLOCK,57,42,12,9,87,41,6,0
KENSINGTON HEALTH AND REHABILITATION,015429,550 CONGRESS STREET,MOBILE,MOBILE,62,2,6,3,98,32,8,0
FATHER PURCELL MEMORIAL EXCEPTIONAL CHILDREN'S CENTER,01A193,2048 W FAIRVIEW AVE,MONTGOMERY,MONTGOMERY,10,0,0,0,47,3,0,0
EASTERN SHORE REHABILITATION AND HEALTH CENTER,015049,"101 VILLA DRIVE, P O BOX 1090",DAPHNE,BALDWIN,4,20,25,0,75,6,3,0
SHADESCREST HEALTH CARE CENTER,015114,331 WEST 25TH STREET,JASPER,WALKER,20,8,5,3,80,22,35,0
DIVERSICARE OF BIG SPRINGS,015111,500 ST. CLAIR AVENUE SOUTHWEST,HUNTSVILLE,MADISON,2,4,0,0,102,6,7,0
CULLMAN HEALTH CARE CENTER,015048,1607 MAIN AVE NE,CULLMAN,CULLMAN,0,0,6,0,77,0,24,0
BARON HOUSE OF HUEYTOWN,015404,190 BROOKLANE DRIVE,HUEYTOWN,JEFFERSON,3,0,17,11,27,23,23,0
VALLEY VIEW HEALTH AND REHABILITATION,015431,5968 WALL TRIANA HIGHWAY,MADISON,MADISON,0,3,10,0,119,7,14,0
GADSDEN HEALTH AND REHABILITATION CENTER,015180,1945 DAVIS DRIVE,GADSDEN,ETOWAH,20,38,6,1,156,8,5,0
FLORENCE NURSING AND REHABILITATION CENTER,015169,2107 CLOYD BLVD,FLORENCE,LAUDERDALE,32,13,23,8,119,27,9,0
ASHLAND PLACE HEALTH AND REHABILITATION,015103,148 TUSCALOOSA ST,MOBILE,MOBILE,81,19,31,21,87,21,5,0
PALM GARDENS HEALTH AND REHABILITATION,015403,3104 DAUPHIN SQUARE CONNECTOR,MOBILE,MOBILE,2,5,14,0,76,5,6,0
ORCHARD REHABILITATION AND HEALTHCARE CENTER,015442,629 STATE HIGHWAY 21 SOUTH,HAYNEVILLE,LOWNDES,2,0,3,3,54,5,0,0
VILLAGE AT COOK SPRINGS SKILLED NURSING FACILITY,015195,415 COOK SPRINGS,PELL CITY,ST. CLAIR,0,8,1,0,133,3,13,0
TERRACE OAKS CARE AND REHABILITATION CENTER,015060,4201 BESSEMER SUPER HIGHWAY,BESSEMER,JEFFERSON,5,0,0,0,54,14,0,0
SENIOR REHABILITATION AND RECOVERY AT LIMESTONE HEALTH FACILI,015024,1600 WEST HOBBS STREET,ATHENS,LIMESTONE,57,50,43,4,124,20,33,0
TALLASSEE HEALTH AND REHABILITATION,015139,2639 GILMER AVENUE  P O BOX 780277,TALLASSEE,ELMORE,1,0,18,0,84,4,8,0
WESTSIDE TERRACE HEALTH AND REHABILITATION CENTER,015425,501 NORTH WOODBURN DRIVE,DOTHAN,HOUSTON,6,12,7,0,131,8,14,0
GALLERIA WOODS SKILLED NURSING FACILITY,015459,3850 GALLERIA WOODS DRIVE,BIRMINGHAM,JEFFERSON,0,0,2,0,29,3,0,0
NORTHSIDE HEALTH CARE,015223,700 HUTCHINS AVENUE,GADSDEN,ETOWAH,13,0,2,1,84,12,5,0
VALLEY VIEW HEALTH AND REHABILITATION,015431,5968 WALL TRIANA HIGHWAY,MADISON,MADISON,3,3,11,1,108,7,14,0
DIVERSICARE OF ARAB,015148,235 THIRD STREET SE,ARAB,MARSHALL,0,0,7,0,75,1,3,0
PALM GARDENS HEALTH AND REHABILITATION,015403,3104 DAUPHIN SQUARE CONNECTOR,MOBILE,MOBILE,28,5,14,0,67,17,6,0
BROOKSHIRE HEALTHCARE CENTER,015127,4320 JUDITH LANE,HUNTSVILLE,MADISON,18,0,4,2,113,3,0,0
BROOKDALE UNIVERSITY PARK SNF (AL),015423,501 UNIVERSITY PARK DRIVE,BIRMINGHAM,JEFFERSON,5,2,18,0,39,9,14,0
NORTH MOBILE NURSING AND REHABILITATION CENTER,015183,4525 ST STEPHENS ROAD,EIGHT MILE,MOBILE,45,36,20,13,131,30,26,0
ATTALLA HEALTH AND REHABILITATION,015203,915 STEWART AVENUE SOUTHEAST,ATTALLA,ETOWAH,40,0,11,1,57,54,13,0
WASHINGTON COUNTY NURSING HOME,015123,14600 ST STEPHENS AVENUE,CHATOM,WASHINGTON,19,19,8,4,72,15,13,1
AHC MILLENIUM,015458,5275 MILLENNIUM DRIVE,HUNTSVILLE,MADISON,0,9,7,0,82,1,5,0
OZARK HEALTH AND REHABILITATION,015208,312 BRYAN DRIVE,OZARK,DALE,68,1,28,10,114,45,3,0
CROWNE HEALTH CARE OF EUFAULA,015199,430 RIVERS AVENUE,EUFAULA,BARBOUR,44,22,14,3,134,13,20,0
SOUTH HEALTH AND REHABILITATION,015097,1220 SOUTH 17TH STREET,BIRMINGHAM,JEFFERSON,45,1,4,2,50,41,3,1
PARKWOOD HEALTH CARE FACILITY,015179,3301 STADIUM DRIVE,PHENIX CITY,RUSSELL,1,3,20,0,63,6,7,0
DIVERSICARE OF BIG SPRINGS,015111,500 ST. CLAIR AVENUE SOUTHWEST,HUNTSVILLE,MADISON,7,4,0,0,100,9,7,0
CULLMAN HEALTH CARE CENTER,015048,1607 MAIN AVE NE,CULLMAN,CULLMAN,0,0,6,0,76,1,34,0
OAK KNOLL HEALTH AND REHABILITATION,015117,824 SIXTH AVENUE WEST,BIRMINGHAM,JEFFERSON,1,0,5,0,91,2,0,0
ENGLEWOOD HEALTH CARE CENTER,015322,2046 SOUTH ALABAMA AVE,MONROEVILLE,MONROE,1,5,6,0,74,6,9,0
TROY HEALTH AND REHABILITATION CENTER,015213,515 ELBA HIGHWAY,TROY,PIKE,22,45,13,3,135,11,35,0
SPRINGHILL MANOR NURSING HOME,015415,3900 OLD SHELL ROAD,MOBILE,MOBILE,0,1,2,0,29,2,2,0
COLLINSVILLE HEALTHCARE AND REHABILITATION,015207,685 NORTH VALLEY AVE,COLLINSVILLE,DEKALB,1,11,8,0,159,12,26,1
CHEROKEE COUNTY HEALTH AND REHABILITATION CENTER,015200,877 CEDAR BLUFF ROAD,CENTRE,CHEROKEE,19,1,22,6,148,7,0,0
TERRACE OAKS CARE AND REHABILITATION CENTER,015060,4201 BESSEMER SUPER HIGHWAY,BESSEMER,JEFFERSON,5,0,0,0,53,16,0,0
TLC NURSING CENTER,015422,212 ELLEN STREET,ONEONTA,BLOUNT,1,0,12,0,89,3,0,0
COOSA VALLEY HEALTHCARE CENTER,015010,260 WEST WALNUT STREET,SYLACAUGA,TALLADEGA,0,32,0,0,75,3,33,0
SPRINGHILL SENIOR RESIDENCE,015435,3717 DAUPHIN STREET,MOBILE,MOBILE,0,27,10,0,65,4,62,0
SIGNATURE HEALTHCARE OF WHITESBURG GARDENS,015116,105 TEAKWOOD DRIVE SW,HUNTSVILLE,MADISON,33,2,1,1,112,6,0,0
GOODWATER HEALTHCARE CENTER,015204,16 JONES HILL ROAD,GOODWATER,COOSA,0,0,1,0,64,0,0,0
DIVERSICARE OF PELL CITY,015189,"510 WOLF CREEK ROAD, NORTH",PELL CITY,ST. CLAIR,51,2,5,1,67,22,3,0
ALBERTVILLE NURSING HOME,015163,750 ALABAMA HIGHWAY 75 NORTH,ALBERTVILLE,MARSHALL,64,33,29,11,121,43,26,0
HENRY COUNTY HEALTH AND REHABILITATION FACILITY,015373,212 DOTHAN ROAD,ABBEVILLE,HENRY,23,70,27,5,89,21,61,0
CLAY COUNTY NURSING HOME,015124,83825 HIGHWAY 9   P O BOX 1270,ASHLAND,CLAY,22,8,2,1,70,3,17,0
CHARLTON PLACE REHABILITATION AND HEALTHCARE CENTER,015460,65 CHARLTON PLACE,DEATSVILLE,ELMORE,5,1,0,0,51,8,0,0
FAIRHOPE HEALTH AND REHABILITATION,015222,108 SOUTH CHURCH STREET,FAIRHOPE,BALDWIN,0,0,0,0,64,3,0,0
BROWN NURSING HOME,015191,2334 WASHINGTON STREET,ALEXANDER CITY,TALLAPOOSA,2,7,4,0,64,1,13,0
TRUSSVILLE HEALTH AND REHABILITATION CENTER,015467,119 WATTERSON PARKWAY,TRUSSVILLE,JEFFERSON,2,0,7,0,114,0,4,0
EASTVIEW REHABILITATION AND HEALTHCARE CENTER,015014,7755 FOURTH AVENUE SOUTH,BIRMINGHAM,JEFFERSON,15,4,3,0,71,18,1,0
OAKS ON PARKWOOD SKILLED NURSING FACILITY,015369,2625 LAUREL OAK DRIVE,BESSEMER,JEFFERSON,0,0,33,0,123,3,5,0
KELLER LANDING,015028,813 KELLER LANE,TUSCUMBIA,COLBERT,9,2,6,0,66,22,5,0
BIRMINGHAM NURSING AND REHABILITATION CENTER EAST,015134,733 MARY VANN LANE,BIRMINGHAM,JEFFERSON,2,0,5,0,129,1,0,0
SHELBY RIDGE NURSING HOME,015411,881 3RD STREET NORTHEAST,ALABASTER,SHELBY,26,49,23,4,117,16,46,0
WETUMPKA HEALTH AND REHABILITATION,015027,1825 HOLTVILLE ROAD,WETUMPKA,ELMORE,40,3,27,4,93,32,5,0
SELMA HEALTH AND REHABILITATION,015119,11 BELL ROAD,SELMA,DALLAS,38,5,1,0,106,13,5,0
FLORALA HEALTH AND REHABILITATION,015451,23621 GOLDENROD AVENUE,FLORALA,COVINGTON,5,0,6,0,66,6,1,0
GEORGIANA HEALTH AND REHABILITATION,015182,206 PALMER AVENUE,GEORGIANA,BUTLER,28,1,10,2,73,8,4,0
DECATUR HEALTH AND REHABILITATION CENTER,015206,2326 MORGAN AVENUE SOUTHWEST,DECATUR,MORGAN,55,82,12,7,70,30,19,0
SUMTER HEALTH AND REHABILITATION,015042,1505 EAST 4TH AVENUE,YORK,SUMTER,84,1,12,3,65,71,10,0
SELF HEALTH CARE AND REHABILITATION CENTER,015212,131 EAST CREST ROAD,HUEYTOWN,JEFFERSON,2,1,4,0,63,3,6,0
PLANTATION MANOR NURSING HOME,015015,6450 OLD TUSCALOOSA HIGHWAY   P O BOX 97,MC CALLA,JEFFERSON,0,0,4,0,81,0,0,0
SOUTH HAMPTON NURSING AND REHABILITATION CENTER,015448,213 WILSON MANN ROAD,OWENS CROSS ROADS,MADISON,0,1,3,0,60,0,5,0
COTTAGE OF THE SHOALS,015067,500 JOHN ALDRIDGE DRIVE,TUSCUMBIA,COLBERT,14,6,7,0,67,14,14,0
SUMMERFORD NURSING HOME,015075,4087 HIGHWAY 31 SOUTHWEST,FALKVILLE,MORGAN,2,24,36,0,189,11,83,0
DIVERSICARE OF BESSEMER,015209,820 GOLF COURSE ROAD,BESSEMER,JEFFERSON,62,2,37,26,129,38,3,1
HANCEVILLE NURSING AND REHABILITATION CENTER,015073,420 MAIN STREET NE,HANCEVILLE,CULLMAN,23,21,8,2,183,10,14,0
SUNSET MANOR,015149,251 SUNSET PLACE,GUIN,MARION,0,5,3,0,63,1,4,0
MONROE MANOR HEALTH AND REHABILITATION CENTER,015398,236 WEST CLAIBORNE STREET,MONROEVILLE,MONROE,33,7,2,0,69,45,21,0
GREENE COUNTY NURSING HOME,015178,509 WILSON AVE,EUTAW,GREENE,22,0,12,12,38,2,0,0
ORCHARD REHABILITATION AND HEALTHCARE CENTER,015442,629 STATE HIGHWAY 21 SOUTH,HAYNEVILLE,LOWNDES,3,0,3,3,55,5,0,0
RUSSELLVILLE HEALTH CARE,015071,705 NORTHEAST GANDY STREET,RUSSELLVILLE,FRANKLIN,34,17,6,3,40,21,25,0
CROWNE HEALTH CARE OF CITRONELLE,015121,19225 NORTH 4TH STREET,CITRONELLE,MOBILE,27,2,8,1,59,33,1,1
MEADOWVIEW NURSING CENTER,015400,7300 OLD HIGHWAY 78 EAST,PELL CITY,ST. CLAIR,0,4,0,0,52,1,28,0
DIVERSICARE OF LANETT,015196,702 SOUTH 13TH STREET,LANETT,CHAMBERS,2,1,31,0,73,6,6,0
SENIOR REHABILITATION AND RECOVERY AT LIMESTONE HEALTH FACILI,015024,1600 WEST HOBBS STREET,ATHENS,LIMESTONE,71,54,50,10,118,24,38,0
EAST GLEN,015388,53 MEDICAL PARK DRIVE EAST,BIRMINGHAM,JEFFERSON,0,0,0,0,95,0,4,0
TALLADEGA HEALTHCARE CENTER,015162,616 CHAFFEE STREET,TALLADEGA,TALLADEGA,82,122,2,1,147,36,54,0
TERRACE MANOR NURSING AND REHABILITATION CENTER,015066,390 UNDERWOOD ROAD,RUSSELLVILLE,FRANKLIN,0,3,2,0,52,0,15,0
FLORENCE NURSING AND REHABILITATION CENTER,015169,2107 CLOYD BLVD,FLORENCE,LAUDERDALE,32,13,26,10,130,27,10,0
EAST ALABAMA MEDICAL CENTER SKILLED NURSING FACILI,015410,2000 PEPPERELL PARKWAY,OPELIKA,LEE,2,0,3,0,21,1,6,0
ARLINGTON REHABILITATION AND HEALTHCARE CENTER,015153,"1020 TUSCALOOSA AVENUE, SW",BIRMINGHAM,JEFFERSON,19,0,2,2,94,16,3,0
FAYETTE MEDICAL CENTER LONG TERM CARE UNIT,015154,1653 TEMPLE AVENUE NORTH,FAYETTE,FAYETTE,4,20,5,2,99,9,11,0
CRIMSON HEALTH AND REHABILITATION,015037,3312 WOODLEY ROAD,MONTGOMERY,MONTGOMERY,0,0,0,0,48,6,0,0
SYLACAUGA HEALTH AND REHABILITATION SERVICES,015160,1007 W FORT WILLIAMS ST,SYLACAUGA,TALLADEGA,0,7,20,0,134,2,13,0
HIGHLANDS HEALTH AND REHABILITATION,015012,380 WOODS COVE ROAD,SCOTTSBORO,JACKSON,2,29,9,0,39,3,29,0
EASTERN SHORE REHABILITATION AND HEALTH CENTER,015049,"101 VILLA DRIVE, P O BOX 1090",DAPHNE,BALDWIN,4,24,25,0,77,7,4,0
WALKER REHABILITATION CENTER,015408,350 NORTHEAST 4TH STREET     P O BOX 30,CARBON HILL,WALKER,18,8,4,4,38,19,1,0
MARSHALL MANOR NURSING HOME,015378,3120 NORTH STREET,GUNTERSVILLE,MARSHALL,1,2,13,0,76,3,3,0
JACKSON HEALTH CARE FACILITY,015188,2616 NORTH COLLEGE AVENUE,JACKSON,CLARKE,0,8,13,0,68,3,17,0
MOUNDVILLE HEALTH AND REHABILITATION,015187,THIRD AVENUE    P O BOX 607,MOUNDVILLE,HALE,0,5,14,0,57,5,10,0
ANDALUSIA MANOR,015416,670 MOORE RD,ANDALUSIA,COVINGTON,26,15,8,4,98,27,23,0
SANCTUARY AT THE WOODLANDS,015471,1910 CHEROKEE  AVENUE SW,CULLMAN,CULLMAN,,,,,,,,
"FOLSOM CENTER FOR REHABILITATION AND HEALTHCARE, T",015437,401 ARNOLD STREET N.E.,CULLMAN,CULLMAN,3,26,19,0,80,9,54,0
MITCHELL-HOLLINGSWORTH NURSING AND REHABILITATION,015031,805 FLAGG CIRCLE,FLORENCE,LAUDERDALE,12,38,19,0,159,15,56,0
EVERGREEN NURSING HOME,015089,100 SANDERS DRIVE,EVERGREEN,CONECUH,41,0,5,5,49,14,0,0
BURNS NURSING HOME,015009,701 MONROE STREET NW,RUSSELLVILLE,FRANKLIN,45,1,6,5,48,36,14,0
OAK PARK,015452,1365 GATEWOOD DRIVE,AUBURN,LEE,0,6,5,0,76,2,15,0
ST MARTIN'S IN THE PINES,015433,4941 MONTEVALLO ROAD,BIRMINGHAM,JEFFERSON,3,0,12,0,96,18,0,0
PARK PLACE,015084,100 PARK PLACE,SELMA,DALLAS,29,0,6,6,88,31,0,0
"NHC HEALTHCARE, ANNISTON",015120,2300 COLEMAN RD,ANNISTON,CALHOUN,4,9,43,0,115,11,46,0
FAIR HAVEN,015076,1424 MONTCLAIR ROAD,BIRMINGHAM,JEFFERSON,28,1,18,3,205,10,0,0
CANTERBURY HEALTH CARE FACILITY,015382,1720 KNOWLES ROAD,PHENIX CITY,RUSSELL,15,0,11,1,100,21,0,0
DIVERSICARE OF RIVERCHASE,015145,2500 RIVERHAVEN DRIVE,BIRMINGHAM,JEFFERSON,61,25,16,13,98,33,11,0
LITTLE SISTERS OF THE POOR SACRED HEART RESIDENCE,015168,1655 MCGILL AVENUE,MOBILE,MOBILE,11,0,5,1,64,40,1,0
WOODHAVEN MANOR NURSING HOME,015177,105 WEST WINDSOR ST,DEMOPOLIS,MARENGO,8,14,3,1,61,4,15,0
CUMBERLAND HEALTH AND REHABILITATION,015420,47065 AL HIGHWAY 277,BRIDGEPORT,JACKSON,1,0,3,0,75,2,11,0
MAGNOLIA HAVEN HEALTH AND REHABILITATION CENTER,015112,603 WRIGHT STREET,TUSKEGEE,MACON,,,,,,,,
MOUNT ROYAL TOWERS,015455,300 ROYAL TOWER DRIVE,BIRMINGHAM,JEFFERSON,1,1,4,0,114,8,7,0
DIVERSICARE OF MONTGOMERY,015040,2020 NORTH COUNTRY CLUB DRIVE,MONTGOMERY,MONTGOMERY,58,0,13,11,86,27,15,0
LAUDERDALE CHRISTIAN NURSING HOME,015361,2019 COUNTY ROAD 394,KILLEN,LAUDERDALE,6,5,5,0,52,2,10,0
NORTHWAY HEALTH AND REHABILITATION,015047,1424 NORTH 25TH STREET,BIRMINGHAM,JEFFERSON,8,5,6,0,101,5,3,0
OAKWOOD-NORTH BALDWIN'S CENTER FOR LIVING,015417,2010 MEDICAL CENTER DRIVE,BAY MINETTE,BALDWIN,2,9,0,0,66,2,23,0
COOSA VALLEY HEALTH AND REHABILITATION,015174,513 PINEVIEW AVENUE,GLENCOE,ETOWAH,12,20,5,0,100,24,24,0
SOUTH HAVEN HEALTH AND REHABILITATION,015321,3141 OLD COLUMBIANA ROAD,BIRMINGHAM,JEFFERSON,60,18,25,18,59,35,2,0
VILLAGE AT COOK SPRINGS SKILLED NURSING FACILITY,015195,415 COOK SPRINGS,PELL CITY,ST. CLAIR,5,10,2,1,128,6,18,0
HARTFORD HEALTH CARE,015419,217 TORO ROAD,HARTFORD,GENEVA,2,1,0,0,78,2,1,0
ALICEVILLE MANOR NURSING HOME,015137,703 17TH STREET NORTHWEST,ALICEVILLE,PICKENS,0,8,4,0,80,2,15,0
CIVIC CENTER HEALTH AND REHABILITATION,015109,1201 22ND STREET NORTH,BIRMINGHAM,JEFFERSON,0,4,9,0,86,1,1,0
HATLEY HEALTH CARE,015023,300 MEDICAL CENTER DRIVE,CLANTON,CHILTON,0,18,6,0,122,1,19,0
PIEDMONT HEALTH CARE CENTER,015194,30 ROUNDTREE DRIVE,PIEDMONT,CALHOUN,1,0,7,0,74,0,1,0
EAMC LANIER NURSING HOME,015045,4800 48TH STREET,VALLEY,CHAMBERS,0,21,12,0,91,8,39,0
WILLOWBROOKE CT SKILLED CARE CENTER AT MAGNOLIA TRACE,015450,ONE CROWN CIRCLE,HUNTSVILLE,MADISON,4,0,5,1,46,5,0,0
PRATTVILLE HEALTH AND REHABILITATION,015065,601 JASMINE TRAIL,PRATTVILLE,AUTAUGA,19,11,22,2,116,17,12,0
EXTENDICARE HEALTH CENTER,015152,950 SOUTH ST. ANDREWS STREET,DOTHAN,HOUSTON,37,64,32,4,124,31,69,0
ASHLAND PLACE HEALTH AND REHABILITATION,015103,148 TUSCALOOSA ST,MOBILE,MOBILE,81,19,31,21,84,21,5,0
CHOCTAW HEALTH AND REHABILITATION,015164,1406 EAST PUSHMATAHA STREET,BUTLER,CHOCTAW,46,50,13,9,51,20,24,0
CAREGIVERS OF PLEASANT GROVE,015044,700 FIRST AVENUE,PLEASANT GROVE,JEFFERSON,28,21,15,11,47,8,3,0
JACKSONVILLE HEALTH AND REHABILITATION,015391,410 WILSON DRIVE SOUTHWEST,JACKSONVILLE,CALHOUN,0,8,12,0,155,1,6,0
MARION REGIONAL NURSING HOME,015167,184 SASSER DRIVE,HAMILTON,MARION,34,37,19,7,57,25,55,1
LAFAYETTE EXTENDED CARE,015197,805 HOSPITAL STREET SOUTHWEST,LAFAYETTE,CHAMBERS,0,0,2,1,53,0,1,0
WEST HILL HEALTH AND REHABILITATION,015303,1028 BESSEMER RD,BIRMINGHAM,JEFFERSON,58,1,12,1,62,20,0,0
CAPITOL HILL HEALTHCARE CENTER,015390,520 SOUTH HULL STREET,MONTGOMERY,MONTGOMERY,57,30,22,10,182,22,23,0
GULF COAST HEALTH AND REHABILITATION,015456,8002 GRELOT ROAD,MOBILE,MOBILE,15,12,7,1,76,16,2,0
WINDSOR HOUSE,015397,4411 MCALLISTER DRIVE,HUNTSVILLE,MADISON,16,0,4,0,101,21,1,0
LYNWOOD NURSING HOME,015434,4164 HALLS MILL ROAD,MOBILE,MOBILE,55,0,20,18,79,38,9,0
MOBILE NURSING AND REHABILITATION CENTER,015379,7020 BRUNS DRIVE,MOBILE,MOBILE,0,1,0,0,101,7,7,0
ATHENS HEALTH AND REHABILITATION,015016,611 WEST MARKET STREET,ATHENS,LIMESTONE,0,6,25,0,132,1,14,0
ENTERPRISE HEALTH AND REHABILITATION CENTER,015320,300 PLAZA DRIVE P O BOX 311227,ENTERPRISE,COFFEE,3,0,36,0,176,19,24,0
COLONIAL HAVEN CARE AND REHABILITATION CENTER,015396,616 ARMORY STREET,GREENSBORO,HALE,41,0,13,11,63,38,0,1
AZALEA GARDENS OF MOBILE,015151,1758 SPRINGHILL AVE,MOBILE,MOBILE,13,1,3,0,88,12,5,0
WOODLAND VILLAGE REHABILITATION AND HEALTHCARE CENTER,015383,1900 OLIVE STREET,CULLMAN,CULLMAN,2,13,36,0,116,4,30,0
FOREST MANOR HEALTH AND REHABILITATION,015143,2215 32ND STREET,NORTHPORT,TUSCALOOSA,41,24,24,10,128,34,35,1
CROSSVILLE HEALTH AND REHABILITATION,015176,8922 HIGHWAY 227,CROSSVILLE,DEKALB,73,4,24,3,120,43,10,0
DADEVILLE HEALTHCARE CENTER,015166,351 NORTH EAST STREET,DADEVILLE,TALLAPOOSA,48,2,10,6,89,16,1,0
DIVERSICARE OF WINFIELD,015376,144 COUNTY HWY 14,WINFIELD,MARION,60,15,21,13,87,28,18,0
ASPIRE PHYSICAL RECOVERY CENTER AT CAHABA RIVER,015468,3070 HEALTHY WAY,VESTAVIA,JEFFERSON,4,1,15,0,97,5,2,0
HALEYVILLE HEALTH CARE CENTER,015157,2201 11TH AVENUE,HALEYVILLE,WINSTON,3,2,14,1,55,10,17,0
CLEBURNE COUNTY NURSING HOME,015053,122 BROCKFORD ROAD,HEFLIN,CLEBURNE,,,,,,,,
MONTGOMERY HEALTH AND REHABILITATION,015228,4490 VIRGINIA LOOP ROAD,MONTGOMERY,MONTGOMERY,1,3,4,0,74,9,14,0
ASPIRE PHYSICAL RECOVERY CENTER AT HOOVER,015464,575 SOUTHLAND DRIVE,HOOVER,JEFFERSON,2,17,16,0,94,7,25,0
ADAMS NURSING HOME,015386,1555 HILLABEE STREET,ALEXANDER CITY,TALLAPOOSA,0,3,3,0,56,2,6,0
SOUTHERN SPRINGS HEALTHCARE FACILITY,015171,745 SOUTHERN SPRINGS ROAD,UNION SPRINGS,BULLOCK,57,42,12,9,87,41,6,0
DIVERSICARE OF BOAZ,015063,600 CORLEY AVENUE,BOAZ,MARSHALL,3,0,6,0,97,8,0,0
JOHN KNOX MANOR INC I I,015135,4401 NARROW LANE ROAD,MONTGOMERY,MONTGOMERY,0,1,0,0,53,2,8,0
LINEVILLE HEALTH AND REHABILITATION,015142,88073 HIGHWAY 9,LINEVILLE,CLAY,0,8,8,0,93,1,15,0
AHAVA HEALTHCARE OF ALABASTER,015144,"850 9TH STREET, NORTHWEST",ALABASTER,SHELBY,3,4,0,0,148,10,17,0
DIVERSICARE OF FOLEY,015032,1701 NORTH ALSTON STREET,FOLEY,BALDWIN,18,1,1,0,102,18,4,1
PHENIX CITY HEALTH CARE,015331,3900 LAKEWOOD DRIVE,PHENIX CITY,RUSSELL,0,0,4,0,79,1,1,0
RIVER CITY CENTER,015113,1350 FOURTEENTH AVENUE SOUTHEAST,DECATUR,MORGAN,28,4,16,0,141,14,1,0
HEALTH CARE,015407,P O BOX 130,ASHVILLE,ST. CLAIR,0,0,2,0,48,0,5,0
CORDOVA HEALTH AND REHABILITATION,015115,70 HIGHLAND STREET WEST,CORDOVA,WALKER,13,5,18,3,96,1,22,0
WESLEY PLACE ON HONEYSUCKLE,015175,718 HONEYSUCKLE ROAD,DOTHAN,HOUSTON,31,4,10,6,141,30,20,0
SOUTHLAND NURSING HOME,015104,500 SHIVERS TERRACE,MARION,PERRY,,,,,,,,
GRAND BAY CONVALESCENT HOME,015406,13750 HIGHWAY 90 WEST P.O. BOX 328,GRAND BAY,MOBILE,0,2,6,0,62,6,0,0
ROBERTSDALE REHABILITATION AND HEALTHCARE CENTER,015443,18700 U S HIGHWAY 90,ROBERTSDALE,BALDWIN,40,0,0,0,113,31,0,0
OAK TRACE CARE AND REHABILITATION CENTER,015050,325 SELMA ROAD,BESSEMER,JEFFERSON,4,0,7,1,66,14,0,0
KIRKWOOD BY THE RIVER,015457,3605 RATLIFF ROAD,BIRMINGHAM,JEFFERSON,15,0,7,7,41,8,0,0
LUVERNE HEALTH AND REHABILITATION,015336,142 WEST THIRD STREET,LUVERNE,CRENSHAW,34,15,23,0,133,22,27,0
CROWNE HEALTH CARE OF MONTGOMERY,015393,1837 UPPER WETUMPKA ROAD,MONTGOMERY,MONTGOMERY,6,0,20,0,151,8,4,0
ANNISTON HEALTH AND REHABILITATION SERVICES,015375,600 E 8TH STREET,ANNISTON,CALHOUN,1,0,2,0,59,2,0,0
RIDGEWOOD HEALTH SERVICES,015315,201 OAKHILL ROAD,JASPER,WALKER,13,1,14,1,88,15,0,0
ASPIRE PHYSICAL RECOVERY CENTER OF WEST ALABAMA,015465,2400 HOSPITAL DRIVE,NORTHPORT,TUSCALOOSA,2,0,5,0,46,4,12,0
CROWNE HEALTH CARE OF FT PAYNE,015156,403 13TH STREET NORTHWEST,FORT PAYNE,DEKALB,0,0,0,0,100,4,3,0
LAFAYETTE NURSING HOME,015414,555 B STREET SW,LAFAYETTE,CHAMBERS,4,0,5,0,48,2,0,0
BARON HOUSE OF HUEYTOWN,015404,190 BROOKLANE DRIVE,HUEYTOWN,JEFFERSON,3,0,17,11,28,23,23,0
GLEN HAVEN HEALTH AND REHABILITATION,015186,2201 32ND STREET,NORTHPORT,TUSCALOOSA,17,13,19,3,158,21,6,1
TRAYLOR RETIREMENT COMMUNITY,015126,1235 YANCEY STREET  P O BOX 467,ROANOKE,RANDOLPH,35,0,13,7,80,16,5,0
ARBOR WOODS HEALTH AND REHABILITATION,015141,515 2ND AVENUE NORTHWEST,REFORM,PICKENS,0,0,1,0,52,0,0,0
WILLOWBROOKE CT SKILLED CARE CENTER WESTMINSTER VLG,015381,500 SPANISH FORT BLVD,SPANISH FORT,BALDWIN,8,0,9,1,29,8,2,0
CHERRY HILL REHABILITATION AND HEALTHCARE CENTER,015445,1250 JEFF GERMANY PARKWAY,BIRMINGHAM,JEFFERSON,,,,,,,,
CAMDEN NURSING FACILITY,015374,210 PONDEROSA DRIVE,CAMDEN,WILCOX,25,4,10,6,50,27,7,0
WIREGRASS REHABILITATION CENTER AND NURSING HOME,015150,1200 MAPLE AVENUE WEST,GENEVA,GENEVA,0,0,6,0,90,2,9,0
MERRY WOOD LODGE,015019,P O BOX 130,ELMORE,ELMORE,54,40,15,5,71,46,12,0
FATHER PURCELL MEMORIAL EXCEPTIONAL CHILDREN'S CENTER,01A193,2048 W FAIRVIEW AVE,MONTGOMERY,MONTGOMERY,10,0,0,0,49,3,0,0
SHADESCREST HEALTH CARE CENTER,015114,331 WEST 25TH STREET,JASPER,WALKER,20,8,7,3,78,23,39,0
ARBOR SPRINGS HEALTH AND REHABILITATION CENTER,015192,1910 PEPPERELL PKWY,OPELIKA,LEE,68,0,52,19,113,42,2,0
CLOVERDALE REHABILITATION AND NURSING CENTER,015184,412 CLOVERDALE ROAD,SCOTTSBORO,JACKSON,1,4,20,0,124,1,38,0
DIVERSICARE OF OXFORD,015132,1130 SOUTH HALE STREET,OXFORD,CALHOUN,0,0,2,0,131,6,0,0
GADSDEN HEALTH AND REHABILITATION CENTER,015180,1945 DAVIS DRIVE,GADSDEN,ETOWAH,36,87,6,1,141,17,9,0
OPP HEALTH AND REHABILITATION,015210,115 PAULK AVENUE  P O BOX 730,OPP,COVINGTON,76,4,31,13,133,36,5,0
COLUMBIANA HEALTH AND REHABILITATION,015453,22969 HIGHWAY 25,COLUMBIANA,SHELBY,39,18,18,9,53,33,10,0
GREENBRIAR AT THE ALTAMONT SKILLED NURSING FACILIT,015446,2831 HIGHLAND AVENUE SOUTH,BIRMINGHAM,JEFFERSON,25,0,8,5,72,31,0,0
MONTROSE BAY HEALTH AND REHABILITATION,015447,22670 MAIN STREET,FAIRHOPE,BALDWIN,0,0,0,0,62,3,0,0
ALTOONA HEALTH AND REHABILITATION,015101,6532 WALNUT GROVE ROAD,ALTOONA,ETOWAH,1,0,0,0,49,2,0,0
TALLASSEE HEALTH AND REHABILITATION,015139,2639 GILMER AVENUE  P O BOX 780277,TALLASSEE,ELMORE,1,0,18,0,80,4,8,0
RIDGEVIEW HEALTH SERVICES,015155,"907 11TH STREET, NE",JASPER,WALKER,106,45,27,18,87,83,62,0
GENERATIONS OF VERNON,015227,1050 CONVALESCENT ROAD,VERNON,LAMAR,1,4,0,0,109,14,17,0
TWIN OAKS REHABILITATION AND HEALTHCARE CENTER,015211,857 CRAWFORD LANE,MOBILE,MOBILE,10,0,0,0,111,32,5,0
ELBA NURSING AND REHABILITATION CENTER,015083,987 DRAYTON STREET,ELBA,COFFEE,16,8,12,1,98,4,7,0
PERRY COUNTY NURSING HOME,015158,505 EAST LAFAYETTE STREET,MARION,PERRY,37,1,4,2,56,32,12,0
CROWNE HEALTH CARE OF THOMASVILLE,015220,1425 MOSLEY DRIVE,THOMASVILLE,CLARKE,4,0,1,0,71,10,0,0
ALLEN HEALTH AND REHABILITATION,015098,735 SOUTH WASHINGTON AVENUE,MOBILE,MOBILE,9,23,6,2,80,22,6,0
MCGUFFEY HEALTH AND REHABILITATION CENTER,015202,2301 RAINBOW DRIVE,GADSDEN,ETOWAH,4,15,11,0,148,3,33,0
MAGNOLIA RIDGE,015133,420 DEAN DRIVE,GARDENDALE,JEFFERSON,26,1,5,0,119,15,0,0
WEST GATE VILLAGE,015035,100 PINEVIEW AND THIRD P.O. BOX 49,BREWTON,ESCAMBIA,68,10,6,6,97,34,15,0
EL REPOSO NURSING FACILITY,015402,260 MILNER CHAPEL ROAD,FLORENCE,LAUDERDALE,0,3,6,0,59,0,9,0
ATMORE NURSING CENTER,015129,715 EAST LAUREL STREET,ATMORE,ESCAMBIA,33,2,8,6,67,22,7,0
GLENWOOD CENTER,015147,211 ANA DRIVE,FLORENCE,LAUDERDALE,4,5,14,0,102,4,20,0
HERITAGE HEALTH CARE AND REHABILITATION,015371,1101 SNOWS MILL AVENUE,TUSCALOOSA,TUSCALOOSA,0,31,20,0,141,2,23,0
REGENCY HEALTH CARE AND REHABILITATION CENTER,015372,"2061 POOLE DRIVE, NW",HUNTSVILLE,MADISON,1,1,0,0,65,1,2,0
MARENGO NURSING HOME,015330,608 NORTH MAIN STREET,LINDEN,MARENGO,0,3,5,0,64,5,6,0
MADISON MANOR NURSING HOME,015214,3891 SULLIVAN ST,MADISON,MADISON,0,7,7,0,68,3,11,0
"NHC HEALTHCARE, MOULTON",015128,300 HOSPITAL STREET,MOULTON,LAWRENCE,16,1,1,0,106,7,0,0
BIRMINGHAM NURSING AND REHABILITATION CENTER,015217,1000 DUGAN AVENUE,BIRMINGHAM,JEFFERSON,0,13,8,0,126,1,14,0
NORTH HILL NURSING AND REHABILITATION CENTER,015091,200 NORTH PINE HILL ROAD,BIRMINGHAM,JEFFERSON,14,14,13,5,174,4,4,0
PARK MANOR HEALTH AND REHABILITATION,015326,2201 MCFARLAND BOULEVARD,NORTHPORT,TUSCALOOSA,8,10,12,0,126,7,17,0
ROANOKE REHABILITATION AND HEALTHCARE CENTER,015424,680 SEYMOUR DRIVE,ROANOKE,RANDOLPH,37,11,2,2,44,34,8,0
BIBB MED CENTER NURSING HOME,015215,208 PIERSON AVE,CENTREVILLE,BIBB,4,0,5,0,116,12,0,0
OAKVIEW MANOR HEALTH CARE CENTER,015216,929 MIXON SCHOOL ROAD,OZARK,DALE,53,21,20,9,106,23,30,0
HUNTER CREEK HEALTH AND REHABILITATION,015034,600 34TH ST,NORTHPORT,TUSCALOOSA,43,6,7,4,68,10,8,0
CROWNE HEALTH CARE OF GREENVILLE,015193,408 COUNTRY CLUB DRIVE,GREENVILLE,BUTLER,57,12,22,19,56,34,13,0
KNOLLWOOD HEALTHCARE,015463,3151-A KNOLLWOOD DRIVE,MOBILE,MOBILE,23,18,16,14,54,45,35,0
LIGHTHOUSE REHABILITATION AND HEALTHCARE CENTER,015413,2911 EARL GOODWIN PARKWAY,SELMA,DALLAS,16,12,8,3,55,11,5,0
CROWNE HEALTH CARE OF SPRINGHILL,015426,3712 DAUPHIN ST,MOBILE,MOBILE,2,0,1,0,16,4,0,0
DIVERSICARE OF ONEONTA,015159,215 VALLEY ROAD,ONEONTA,BLOUNT,15,0,9,0,97,16,6,0
KENSINGTON HEALTH AND REHABILITATION,015429,550 CONGRESS STREET,MOBILE,MOBILE,68,2,11,4,92,34,8,0
MONTGOMERY CHILDREN'S SPECIALTY CENTER,01A208,2853 FORBES DRIVE,MONTGOMERY,MONTGOMERY,1,0,0,0,46,8,1,0
LONGLEAF HEALTH AND REHABILITATION,015469,1300 E SOUTH BLVD,MONTGOMERY,MONTGOMERY,0,0,0,0,0,0,0,0
FAIRVIEW AT REDSTONE VILLAGE,015454,12000 TURNMEYER DRIVE,HUNTSVILLE,MADISON,0,2,7,0,48,2,9,0
FALKVILLE HEALTH CARE CENTER,015136,10 WEST 3RD STREET  PO BOX 409,FALKVILLE,MORGAN,61,16,10,10,80,32,22,0
CROWNE HEALTH CARE OF MOBILE,015100,954 NAVCO ROAD,MOBILE,MOBILE,5,0,8,5,108,6,2,1
HUNTSVILLE HEALTH AND REHABILITATION,015440,4010 CHRIS DRIVE,HUNTSVILLE,MADISON,2,5,9,0,80,7,5,0
HILLVIEW TERRACE,015436,100 PERRY HILL RD,MONTGOMERY,MONTGOMERY,50,7,34,11,135,39,0,0
CHAPMAN HEALTHCARE CENTER,015221,3701 DADEVILLE ROAD,ALEXANDER CITY,TALLAPOOSA,6,0,8,1,144,4,0,0
CYPRESS COVE CARE CENTER,015392,200 ALABAMA AVENUE,MUSCLE SHOALS,COLBERT,23,4,7,0,75,16,5,0
HENDRIX HEALTH AND REHABILITATION,015138,1000 HIGHWAY 33,DOUBLE SPRINGS,WINSTON,39,8,16,0,88,17,12,0
GENERATIONS OF RED BAY,015201,106 TENTH AVENUE NORTHWEST,RED BAY,FRANKLIN,1,9,9,0,61,2,44,0
BARFIELD HEALTH CARE,015225,22444 HIGHWAY 431,GUNTERSVILLE,MARSHALL,0,9,29,0,104,1,31,0
LEGACY HEALTH AND REHABILITATION OF PLEASANT GROVE,015461,30 7TH STREET,PLEASANT GROVE,JEFFERSON,1,32,10,0,113,6,10,1
CLEBURNE COUNTY NURSING HOME,015053,122 BROCKFORD ROAD,HEFLIN,CLEBURNE,,,,,,,,
DIVERSICARE OF OXFORD,015132,1130 SOUTH HALE STREET,OXFORD,CALHOUN,21,0,3,1,126,16,0,0
COLUMBIANA HEALTH AND REHABILITATION,015453,22969 HIGHWAY 25,COLUMBIANA,SHELBY,39,18,18,9,49,33,10,0
OPP HEALTH AND REHABILITATION,015210,115 PAULK AVENUE  P O BOX 730,OPP,COVINGTON,77,4,33,15,134,36,5,0
RIDGEVIEW HEALTH SERVICES,015155,"907 11TH STREET, NE",JASPER,WALKER,106,47,34,20,86,86,63,0
GENERATIONS OF VERNON,015227,1050 CONVALESCENT ROAD,VERNON,LAMAR,2,7,0,0,106,14,21,0
ELBA NURSING AND REHABILITATION CENTER,015083,987 DRAYTON STREET,ELBA,COFFEE,16,8,13,1,102,6,7,0
SENIOR REHABILITATION AND RECOVERY AT LIMESTONE HEALTH FACILI,015024,1600 WEST HOBBS STREET,ATHENS,LIMESTONE,71,54,51,10,113,27,41,0
MONTROSE BAY HEALTH AND REHABILITATION,015447,22670 MAIN STREET,FAIRHOPE,BALDWIN,0,0,0,0,63,3,0,0
HILLVIEW TERRACE,015436,100 PERRY HILL RD,MONTGOMERY,MONTGOMERY,51,7,35,11,129,39,0,0
ARLINGTON REHABILITATION AND HEALTHCARE CENTER,015153,"1020 TUSCALOOSA AVENUE, SW",BIRMINGHAM,JEFFERSON,29,0,7,5,88,21,3,0
LEGACY HEALTH AND REHABILITATION OF PLEASANT GROVE,015461,30 7TH STREET,PLEASANT GROVE,JEFFERSON,1,32,10,0,121,6,12,1
CYPRESS COVE CARE CENTER,015392,200 ALABAMA AVENUE,MUSCLE SHOALS,COLBERT,23,5,8,0,70,16,5,0
ALTOONA HEALTH AND REHABILITATION,015101,6532 WALNUT GROVE ROAD,ALTOONA,ETOWAH,1,0,0,0,49,2,0,0
CROWNE HEALTH CARE OF CITRONELLE,015121,19225 NORTH 4TH STREET,CITRONELLE,MOBILE,46,2,11,4,52,40,1,1
BIRMINGHAM NURSING AND REHABILITATION CENTER,015217,1000 DUGAN AVENUE,BIRMINGHAM,JEFFERSON,0,13,10,0,123,1,14,0
DIVERSICARE OF LANETT,015196,702 SOUTH 13TH STREET,LANETT,CHAMBERS,2,1,31,0,75,6,6,0
HANCEVILLE NURSING AND REHABILITATION CENTER,015073,420 MAIN STREET NE,HANCEVILLE,CULLMAN,26,23,9,2,182,12,14,0
BURNS NURSING HOME,015009,701 MONROE STREET NW,RUSSELLVILLE,FRANKLIN,45,1,6,5,50,36,14,0
HERITAGE HEALTH CARE AND REHABILITATION,015371,1101 SNOWS MILL AVENUE,TUSCALOOSA,TUSCALOOSA,0,31,20,0,143,10,23,0
SHADESCREST HEALTH CARE CENTER,015114,331 WEST 25TH STREET,JASPER,WALKER,21,9,7,3,85,24,40,0
MCGUFFEY HEALTH AND REHABILITATION CENTER,015202,2301 RAINBOW DRIVE,GADSDEN,ETOWAH,4,16,13,0,154,4,35,0
MAGNOLIA RIDGE,015133,420 DEAN DRIVE,GARDENDALE,JEFFERSON,26,1,5,0,119,15,0,0
TALLASSEE HEALTH AND REHABILITATION,015139,2639 GILMER AVENUE  P O BOX 780277,TALLASSEE,ELMORE,1,0,18,0,86,4,8,0
OAKS ON PARKWOOD SKILLED NURSING FACILITY,015369,2625 LAUREL OAK DRIVE,BESSEMER,JEFFERSON,1,0,38,1,120,3,5,0
MONTGOMERY CHILDREN'S SPECIALTY CENTER,01A208,2853 FORBES DRIVE,MONTGOMERY,MONTGOMERY,1,0,0,0,45,8,1,0
NORTH HILL NURSING AND REHABILITATION CENTER,015091,200 NORTH PINE HILL ROAD,BIRMINGHAM,JEFFERSON,15,14,14,5,174,4,4,0
GLENWOOD CENTER,015147,211 ANA DRIVE,FLORENCE,LAUDERDALE,8,5,15,0,103,5,21,0
REGENCY HEALTH CARE AND REHABILITATION CENTER,015372,"2061 POOLE DRIVE, NW",HUNTSVILLE,MADISON,1,1,0,0,63,1,2,0
GREENBRIAR AT THE ALTAMONT SKILLED NURSING FACILIT,015446,2831 HIGHLAND AVENUE SOUTH,BIRMINGHAM,JEFFERSON,25,0,8,5,73,32,0,0
LAUDERDALE CHRISTIAN NURSING HOME,015361,2019 COUNTY ROAD 394,KILLEN,LAUDERDALE,8,5,6,0,50,2,10,0
CANTERBURY HEALTH CARE FACILITY,015382,1720 KNOWLES ROAD,PHENIX CITY,RUSSELL,19,0,11,1,97,21,0,0
NORTHWAY HEALTH AND REHABILITATION,015047,1424 NORTH 25TH STREET,BIRMINGHAM,JEFFERSON,8,5,6,0,104,5,3,0
COOSA VALLEY HEALTH AND REHABILITATION,015174,513 PINEVIEW AVENUE,GLENCOE,ETOWAH,28,36,8,3,94,27,26,0
MAGNOLIA HAVEN HEALTH AND REHABILITATION CENTER,015112,603 WRIGHT STREET,TUSKEGEE,MACON,,,,,,,,
SOUTH HAVEN HEALTH AND REHABILITATION,015321,3141 OLD COLUMBIANA ROAD,BIRMINGHAM,JEFFERSON,60,18,25,18,59,38,2,0
GENERATIONS OF RED BAY,015201,106 TENTH AVENUE NORTHWEST,RED BAY,FRANKLIN,1,12,9,0,60,3,46,0
CUMBERLAND HEALTH AND REHABILITATION,015420,47065 AL HIGHWAY 277,BRIDGEPORT,JACKSON,1,0,3,0,80,4,11,0
FAIR HAVEN,015076,1424 MONTCLAIR ROAD,BIRMINGHAM,JEFFERSON,28,1,20,3,204,10,0,0
EAMC LANIER NURSING HOME,015045,4800 48TH STREET,VALLEY,CHAMBERS,0,24,15,0,89,10,68,0
LONGLEAF HEALTH AND REHABILITATION,015469,1300 E SOUTH BLVD,MONTGOMERY,MONTGOMERY,0,0,0,0,0,0,0,0
BARFIELD HEALTH CARE,015225,22444 HIGHWAY 431,GUNTERSVILLE,MARSHALL,0,9,31,0,102,1,36,0
OAKVIEW MANOR HEALTH CARE CENTER,015216,929 MIXON SCHOOL ROAD,OZARK,DALE,68,21,25,13,100,26,35,0
"NHC HEALTHCARE, ANNISTON",015120,2300 COLEMAN RD,ANNISTON,CALHOUN,5,9,46,0,116,12,51,0
LAFAYETTE EXTENDED CARE,015197,805 HOSPITAL STREET SOUTHWEST,LAFAYETTE,CHAMBERS,0,0,2,1,53,1,1,0
MOUNT ROYAL TOWERS,015455,300 ROYAL TOWER DRIVE,BIRMINGHAM,JEFFERSON,1,1,5,0,114,8,7,0
EXTENDICARE HEALTH CENTER,015152,950 SOUTH ST. ANDREWS STREET,DOTHAN,HOUSTON,40,67,38,8,118,36,71,0
CLOVERDALE REHABILITATION AND NURSING CENTER,015184,412 CLOVERDALE ROAD,SCOTTSBORO,JACKSON,1,5,20,0,124,1,40,0
GULF COAST HEALTH AND REHABILITATION,015456,8002 GRELOT ROAD,MOBILE,MOBILE,18,12,7,1,80,16,2,0
LYNWOOD NURSING HOME,015434,4164 HALLS MILL ROAD,MOBILE,MOBILE,55,0,20,18,80,38,10,0
WOODHAVEN MANOR NURSING HOME,015177,105 WEST WINDSOR ST,DEMOPOLIS,MARENGO,8,14,4,1,60,7,15,0
ALICEVILLE MANOR NURSING HOME,015137,703 17TH STREET NORTHWEST,ALICEVILLE,PICKENS,0,8,4,0,83,2,16,0
FAIRVIEW AT REDSTONE VILLAGE,015454,12000 TURNMEYER DRIVE,HUNTSVILLE,MADISON,6,2,7,0,49,2,10,0
CAREGIVERS OF PLEASANT GROVE,015044,700 FIRST AVENUE,PLEASANT GROVE,JEFFERSON,29,21,15,11,49,8,3,0
WINDSOR HOUSE,015397,4411 MCALLISTER DRIVE,HUNTSVILLE,MADISON,16,0,4,0,101,21,1,0
JACKSONVILLE HEALTH AND REHABILITATION,015391,410 WILSON DRIVE SOUTHWEST,JACKSONVILLE,CALHOUN,42,8,14,2,158,21,6,0
WILLOWBROOKE CT SKILLED CARE CENTER AT MAGNOLIA TRACE,015450,ONE CROWN CIRCLE,HUNTSVILLE,MADISON,4,0,6,1,42,5,0,0
PRATTVILLE HEALTH AND REHABILITATION,015065,601 JASMINE TRAIL,PRATTVILLE,AUTAUGA,19,11,22,2,112,18,13,0
WEST HILL HEALTH AND REHABILITATION,015303,1028 BESSEMER RD,BIRMINGHAM,JEFFERSON,59,1,12,1,61,23,0,0
HENDRIX HEALTH AND REHABILITATION,015138,1000 HIGHWAY 33,DOUBLE SPRINGS,WINSTON,39,8,18,2,90,17,12,0
CHOCTAW HEALTH AND REHABILITATION,015164,1406 EAST PUSHMATAHA STREET,BUTLER,CHOCTAW,46,50,13,9,53,21,24,0
HARTFORD HEALTH CARE,015419,217 TORO ROAD,HARTFORD,GENEVA,5,1,0,0,78,3,1,0
CIVIC CENTER HEALTH AND REHABILITATION,015109,1201 22ND STREET NORTH,BIRMINGHAM,JEFFERSON,0,4,9,0,86,1,1,0
HATLEY HEALTH CARE,015023,300 MEDICAL CENTER DRIVE,CLANTON,CHILTON,0,18,6,0,122,2,25,0
MARION REGIONAL NURSING HOME,015167,184 SASSER DRIVE,HAMILTON,MARION,34,37,19,7,58,25,55,1
OZARK HEALTH AND REHABILITATION,015208,312 BRYAN DRIVE,OZARK,DALE,68,1,28,10,129,55,3,0
ASPIRE PHYSICAL RECOVERY CENTER AT CAHABA RIVER,015468,3070 HEALTHY WAY,VESTAVIA,JEFFERSON,5,1,16,0,99,5,2,0
SOUTH HEALTH AND REHABILITATION,015097,1220 SOUTH 17TH STREET,BIRMINGHAM,JEFFERSON,45,1,4,2,50,41,3,1
NORTH MOBILE NURSING AND REHABILITATION CENTER,015183,4525 ST STEPHENS ROAD,EIGHT MILE,MOBILE,45,36,20,13,132,38,26,0
OAK KNOLL HEALTH AND REHABILITATION,015117,824 SIXTH AVENUE WEST,BIRMINGHAM,JEFFERSON,1,0,5,0,92,2,0,0
AHC MILLENIUM,015458,5275 MILLENNIUM DRIVE,HUNTSVILLE,MADISON,0,9,7,0,82,2,5,0
FLORALA HEALTH AND REHABILITATION,015451,23621 GOLDENROD AVENUE,FLORALA,COVINGTON,5,0,7,0,72,6,1,0
PALM GARDENS HEALTH AND REHABILITATION,015403,3104 DAUPHIN SQUARE CONNECTOR,MOBILE,MOBILE,37,5,20,5,80,25,6,0
DIVERSICARE OF WINFIELD,015376,144 COUNTY HWY 14,WINFIELD,MARION,66,15,22,14,89,31,18,0
COOSA VALLEY HEALTHCARE CENTER,015010,260 WEST WALNUT STREET,SYLACAUGA,TALLADEGA,0,32,0,0,70,3,35,0
CULLMAN HEALTH CARE CENTER,015048,1607 MAIN AVE NE,CULLMAN,CULLMAN,0,0,6,0,76,1,34,0
VALLEY VIEW HEALTH AND REHABILITATION,015431,5968 WALL TRIANA HIGHWAY,MADISON,MADISON,6,3,11,1,129,7,14,0
CROWNE HEALTH CARE OF EUFAULA,015199,430 RIVERS AVENUE,EUFAULA,BARBOUR,46,22,14,3,138,17,21,0
MONTGOMERY HEALTH AND REHABILITATION,015228,4490 VIRGINIA LOOP ROAD,MONTGOMERY,MONTGOMERY,3,3,4,0,72,12,14,0
TLC NURSING CENTER,015422,212 ELLEN STREET,ONEONTA,BLOUNT,2,2,12,0,89,3,0,0
SOUTHERN SPRINGS HEALTHCARE FACILITY,015171,745 SOUTHERN SPRINGS ROAD,UNION SPRINGS,BULLOCK,57,42,12,9,88,41,6,0
BROWN NURSING HOME,015191,2334 WASHINGTON STREET,ALEXANDER CITY,TALLAPOOSA,2,7,5,0,63,1,14,0
CHEROKEE COUNTY HEALTH AND REHABILITATION CENTER,015200,877 CEDAR BLUFF ROAD,CENTRE,CHEROKEE,20,2,23,6,152,8,0,0
HEALTH CARE,015407,P O BOX 130,ASHVILLE,ST. CLAIR,0,0,2,0,47,0,5,0
BROOKSHIRE HEALTHCARE CENTER,015127,4320 JUDITH LANE,HUNTSVILLE,MADISON,25,0,5,2,111,5,1,0
TERRACE OAKS CARE AND REHABILITATION CENTER,015060,4201 BESSEMER SUPER HIGHWAY,BESSEMER,JEFFERSON,5,0,0,0,53,17,0,0
BROOKDALE UNIVERSITY PARK SNF (AL),015423,501 UNIVERSITY PARK DRIVE,BIRMINGHAM,JEFFERSON,5,2,18,0,40,9,15,0
COLLINSVILLE HEALTHCARE AND REHABILITATION,015207,685 NORTH VALLEY AVE,COLLINSVILLE,DEKALB,1,11,9,0,157,13,28,1
GRAND BAY CONVALESCENT HOME,015406,13750 HIGHWAY 90 WEST P.O. BOX 328,GRAND BAY,MOBILE,0,2,6,0,62,8,0,0
DIVERSICARE OF BIG SPRINGS,015111,500 ST. CLAIR AVENUE SOUTHWEST,HUNTSVILLE,MADISON,18,4,0,0,95,12,7,0
LINEVILLE HEALTH AND REHABILITATION,015142,88073 HIGHWAY 9,LINEVILLE,CLAY,0,8,8,0,95,1,17,0
WESLEY PLACE ON HONEYSUCKLE,015175,718 HONEYSUCKLE ROAD,DOTHAN,HOUSTON,31,4,14,9,141,32,20,0
TROY HEALTH AND REHABILITATION CENTER,015213,515 ELBA HIGHWAY,TROY,PIKE,22,45,13,3,136,12,35,0
WILLOWBROOKE CT SKILLED CARE CENTER WESTMINSTER VLG,015381,500 SPANISH FORT BLVD,SPANISH FORT,BALDWIN,8,0,9,1,29,8,2,0
ARBOR WOODS HEALTH AND REHABILITATION,015141,515 2ND AVENUE NORTHWEST,REFORM,PICKENS,0,0,1,0,53,0,0,0
ROBERTSDALE REHABILITATION AND HEALTHCARE CENTER,015443,18700 U S HIGHWAY 90,ROBERTSDALE,BALDWIN,40,0,0,0,110,38,0,0
FAIRHOPE HEALTH AND REHABILITATION,015222,108 SOUTH CHURCH STREET,FAIRHOPE,BALDWIN,3,2,0,0,69,7,0,0
SELF HEALTH CARE AND REHABILITATION CENTER,015212,131 EAST CREST ROAD,HUEYTOWN,JEFFERSON,2,1,4,0,61,4,6,0
BARON HOUSE OF HUEYTOWN,015404,190 BROOKLANE DRIVE,HUEYTOWN,JEFFERSON,3,0,17,11,29,23,23,0
ANNISTON HEALTH AND REHABILITATION SERVICES,015375,600 E 8TH STREET,ANNISTON,CALHOUN,1,0,3,0,60,3,0,0
SOUTHLAND NURSING HOME,015104,500 SHIVERS TERRACE,MARION,PERRY,,,,,,,,
GLEN HAVEN HEALTH AND REHABILITATION,015186,2201 32ND STREET,NORTHPORT,TUSCALOOSA,26,13,19,3,169,25,6,1
DIVERSICARE OF BOAZ,015063,600 CORLEY AVENUE,BOAZ,MARSHALL,3,0,6,0,92,11,0,0
CORDOVA HEALTH AND REHABILITATION,015115,70 HIGHLAND STREET WEST,CORDOVA,WALKER,13,5,18,3,99,1,22,0
LAFAYETTE NURSING HOME,015414,555 B STREET SW,LAFAYETTE,CHAMBERS,4,0,5,0,49,2,1,0
OAK TRACE CARE AND REHABILITATION CENTER,015050,325 SELMA ROAD,BESSEMER,JEFFERSON,4,0,8,1,66,14,0,0
ST MARTIN'S IN THE PINES,015433,4941 MONTEVALLO ROAD,BIRMINGHAM,JEFFERSON,3,0,12,0,95,19,0,0
DECATUR HEALTH AND REHABILITATION CENTER,015206,2326 MORGAN AVENUE SOUTHWEST,DECATUR,MORGAN,58,82,15,9,64,32,19,0
SELMA HEALTH AND REHABILITATION,015119,11 BELL ROAD,SELMA,DALLAS,38,6,1,0,109,15,5,0
TERRACE MANOR NURSING AND REHABILITATION CENTER,015066,390 UNDERWOOD ROAD,RUSSELLVILLE,FRANKLIN,0,3,2,0,51,0,15,0
SUMMERFORD NURSING HOME,015075,4087 HIGHWAY 31 SOUTHWEST,FALKVILLE,MORGAN,2,25,37,0,188,12,89,0
ORCHARD REHABILITATION AND HEALTHCARE CENTER,015442,629 STATE HIGHWAY 21 SOUTH,HAYNEVILLE,LOWNDES,3,0,3,3,56,5,0,0
CHERRY HILL REHABILITATION AND HEALTHCARE CENTER,015445,1250 JEFF GERMANY PARKWAY,BIRMINGHAM,JEFFERSON,,,,,,,,
CRIMSON HEALTH AND REHABILITATION,015037,3312 WOODLEY ROAD,MONTGOMERY,MONTGOMERY,2,0,2,0,44,6,0,0
GEORGIANA HEALTH AND REHABILITATION,015182,206 PALMER AVENUE,GEORGIANA,BUTLER,28,1,10,2,74,8,4,0
WEST GATE VILLAGE,015035,100 PINEVIEW AND THIRD P.O. BOX 49,BREWTON,ESCAMBIA,68,10,7,7,97,36,15,0
EAST ALABAMA MEDICAL CENTER SKILLED NURSING FACILI,015410,2000 PEPPERELL PARKWAY,OPELIKA,LEE,2,1,4,0,19,1,6,0
WALKER REHABILITATION CENTER,015408,350 NORTHEAST 4TH STREET     P O BOX 30,CARBON HILL,WALKER,18,8,4,4,38,19,3,0
ARBOR SPRINGS HEALTH AND REHABILITATION CENTER,015192,1910 PEPPERELL PKWY,OPELIKA,LEE,68,0,56,19,113,42,2,0
TWIN OAKS REHABILITATION AND HEALTHCARE CENTER,015211,857 CRAWFORD LANE,MOBILE,MOBILE,10,0,0,0,111,34,5,0
ANDALUSIA MANOR,015416,670 MOORE RD,ANDALUSIA,COVINGTON,29,15,9,5,97,29,23,0
MEADOWVIEW NURSING CENTER,015400,7300 OLD HIGHWAY 78 EAST,PELL CITY,ST. CLAIR,0,5,0,0,53,2,29,0
WIREGRASS REHABILITATION CENTER AND NURSING HOME,015150,1200 MAPLE AVENUE WEST,GENEVA,GENEVA,0,0,6,0,91,3,9,0
TALLADEGA HEALTHCARE CENTER,015162,616 CHAFFEE STREET,TALLADEGA,TALLADEGA,100,137,4,3,144,42,57,0
MADISON MANOR NURSING HOME,015214,3891 SULLIVAN ST,MADISON,MADISON,0,7,7,0,67,4,11,0
FLORENCE NURSING AND REHABILITATION CENTER,015169,2107 CLOYD BLVD,FLORENCE,LAUDERDALE,33,14,27,10,132,29,10,0
PARK PLACE,015084,100 PARK PLACE,SELMA,DALLAS,29,0,7,7,85,36,0,0
"FOLSOM CENTER FOR REHABILITATION AND HEALTHCARE, T",015437,401 ARNOLD STREET N.E.,CULLMAN,CULLMAN,3,26,20,0,79,9,56,0
MITCHELL-HOLLINGSWORTH NURSING AND REHABILITATION,015031,805 FLAGG CIRCLE,FLORENCE,LAUDERDALE,12,40,19,0,159,15,58,0
MARENGO NURSING HOME,015330,608 NORTH MAIN STREET,LINDEN,MARENGO,0,3,5,0,64,6,6,0
ATMORE NURSING CENTER,015129,715 EAST LAUREL STREET,ATMORE,ESCAMBIA,33,2,8,6,68,22,7,0
EL REPOSO NURSING FACILITY,015402,260 MILNER CHAPEL ROAD,FLORENCE,LAUDERDALE,0,3,7,0,58,0,9,0
MARSHALL MANOR NURSING HOME,015378,3120 NORTH STREET,GUNTERSVILLE,MARSHALL,1,2,13,0,75,6,6,0
MOUNDVILLE HEALTH AND REHABILITATION,015187,THIRD AVENUE    P O BOX 607,MOUNDVILLE,HALE,0,7,14,0,57,7,10,0
FATHER PURCELL MEMORIAL EXCEPTIONAL CHILDREN'S CENTER,01A193,2048 W FAIRVIEW AVE,MONTGOMERY,MONTGOMERY,10,0,0,0,49,3,0,0
SYLACAUGA HEALTH AND REHABILITATION SERVICES,015160,1007 W FORT WILLIAMS ST,SYLACAUGA,TALLADEGA,0,7,20,0,138,4,13,0
HIGHLANDS HEALTH AND REHABILITATION,015012,380 WOODS COVE ROAD,SCOTTSBORO,JACKSON,2,30,9,0,38,3,29,0
JACKSON HEALTH CARE FACILITY,015188,2616 NORTH COLLEGE AVENUE,JACKSON,CLARKE,0,8,13,0,67,3,20,0
EASTERN SHORE REHABILITATION AND HEALTH CENTER,015049,"101 VILLA DRIVE, P O BOX 1090",DAPHNE,BALDWIN,4,24,27,0,74,7,5,0
FAYETTE MEDICAL CENTER LONG TERM CARE UNIT,015154,1653 TEMPLE AVENUE NORTH,FAYETTE,FAYETTE,6,24,8,3,96,14,13,0
DIVERSICARE OF ONEONTA,015159,215 VALLEY ROAD,ONEONTA,BLOUNT,19,0,9,0,97,21,6,0
KENSINGTON HEALTH AND REHABILITATION,015429,550 CONGRESS STREET,MOBILE,MOBILE,70,2,12,5,95,36,8,0
OAKWOOD-NORTH BALDWIN'S CENTER FOR LIVING,015417,2010 MEDICAL CENTER DRIVE,BAY MINETTE,BALDWIN,21,12,1,1,64,8,28,0
BIBB MED CENTER NURSING HOME,015215,208 PIERSON AVE,CENTREVILLE,BIBB,16,0,5,0,105,14,0,0
PERRY COUNTY NURSING HOME,015158,505 EAST LAFAYETTE STREET,MARION,PERRY,37,1,4,2,54,33,12,0
SANCTUARY AT THE WOODLANDS,015471,1910 CHEROKEE  AVENUE SW,CULLMAN,CULLMAN,,,,,,,,
ALLEN HEALTH AND REHABILITATION,015098,735 SOUTH WASHINGTON AVENUE,MOBILE,MOBILE,9,23,6,2,79,22,6,0
DIVERSICARE OF RIVERCHASE,015145,2500 RIVERHAVEN DRIVE,BIRMINGHAM,JEFFERSON,61,25,16,13,97,33,11,0
"NHC HEALTHCARE, MOULTON",015128,300 HOSPITAL STREET,MOULTON,LAWRENCE,21,1,1,0,108,12,0,0
LITTLE SISTERS OF THE POOR SACRED HEART RESIDENCE,015168,1655 MCGILL AVENUE,MOBILE,MOBILE,14,0,5,1,65,43,1,0
OAK PARK,015452,1365 GATEWOOD DRIVE,AUBURN,LEE,0,6,5,0,76,2,16,0
HUNTER CREEK HEALTH AND REHABILITATION,015034,600 34TH ST,NORTHPORT,TUSCALOOSA,43,6,9,4,63,10,8,0
CROWNE HEALTH CARE OF GREENVILLE,015193,408 COUNTRY CLUB DRIVE,GREENVILLE,BUTLER,57,12,23,19,63,34,14,0
KNOLLWOOD HEALTHCARE,015463,3151-A KNOLLWOOD DRIVE,MOBILE,MOBILE,23,18,16,14,56,47,35,0
EVERGREEN NURSING HOME,015089,100 SANDERS DRIVE,EVERGREEN,CONECUH,41,0,5,5,48,16,0,0
ROANOKE REHABILITATION AND HEALTHCARE CENTER,015424,680 SEYMOUR DRIVE,ROANOKE,RANDOLPH,37,11,5,5,46,34,8,0
DIVERSICARE OF MONTGOMERY,015040,2020 NORTH COUNTRY CLUB DRIVE,MONTGOMERY,MONTGOMERY,58,0,14,11,90,27,15,0
CROWNE HEALTH CARE OF SPRINGHILL,015426,3712 DAUPHIN ST,MOBILE,MOBILE,2,0,1,0,13,4,0,0
CAPITOL HILL HEALTHCARE CENTER,015390,520 SOUTH HULL STREET,MONTGOMERY,MONTGOMERY,59,32,23,11,178,24,26,0
MOBILE NURSING AND REHABILITATION CENTER,015379,7020 BRUNS DRIVE,MOBILE,MOBILE,0,1,0,0,101,11,8,0
ATHENS HEALTH AND REHABILITATION,015016,611 WEST MARKET STREET,ATHENS,LIMESTONE,0,6,26,0,121,2,14,0
EAST GLEN,015388,53 MEDICAL PARK DRIVE EAST,BIRMINGHAM,JEFFERSON,0,0,0,0,95,1,5,0
CHAPMAN HEALTHCARE CENTER,015221,3701 DADEVILLE ROAD,ALEXANDER CITY,TALLAPOOSA,6,0,10,1,143,4,0,0
ASHLAND PLACE HEALTH AND REHABILITATION,015103,148 TUSCALOOSA ST,MOBILE,MOBILE,81,19,32,21,88,21,5,0
VILLAGE AT COOK SPRINGS SKILLED NURSING FACILITY,015195,415 COOK SPRINGS,PELL CITY,ST. CLAIR,24,10,4,3,122,14,27,0
FALKVILLE HEALTH CARE CENTER,015136,10 WEST 3RD STREET  PO BOX 409,FALKVILLE,MORGAN,64,16,10,10,77,32,22,0
PIEDMONT HEALTH CARE CENTER,015194,30 ROUNDTREE DRIVE,PIEDMONT,CALHOUN,1,0,9,0,74,1,1,0
CROWNE HEALTH CARE OF MOBILE,015100,954 NAVCO ROAD,MOBILE,MOBILE,6,0,8,5,107,9,2,1
HUNTSVILLE HEALTH AND REHABILITATION,015440,4010 CHRIS DRIVE,HUNTSVILLE,MADISON,5,5,11,1,84,7,5,0
LIGHTHOUSE REHABILITATION AND HEALTHCARE CENTER,015413,2911 EARL GOODWIN PARKWAY,SELMA,DALLAS,17,12,8,3,55,11,5,0
PARKWOOD HEALTH CARE FACILITY,015179,3301 STADIUM DRIVE,PHENIX CITY,RUSSELL,1,3,22,0,61,6,8,0
DADEVILLE HEALTHCARE CENTER,015166,351 NORTH EAST STREET,DADEVILLE,TALLAPOOSA,48,2,12,6,89,16,1,0
JOHN KNOX MANOR INC I I,015135,4401 NARROW LANE ROAD,MONTGOMERY,MONTGOMERY,0,1,1,0,53,2,8,0
GALLERIA WOODS SKILLED NURSING FACILITY,015459,3850 GALLERIA WOODS DRIVE,BIRMINGHAM,JEFFERSON,0,0,2,0,26,4,0,0
ATTALLA HEALTH AND REHABILITATION,015203,915 STEWART AVENUE SOUTHEAST,ATTALLA,ETOWAH,41,0,15,5,60,56,13,0
COLONIAL HAVEN CARE AND REHABILITATION CENTER,015396,616 ARMORY STREET,GREENSBORO,HALE,41,0,13,11,64,39,0,1
WESTSIDE TERRACE HEALTH AND REHABILITATION CENTER,015425,501 NORTH WOODBURN DRIVE,DOTHAN,HOUSTON,6,12,8,0,130,8,14,0
NORTHSIDE HEALTH CARE,015223,700 HUTCHINS AVENUE,GADSDEN,ETOWAH,27,4,2,1,85,18,6,0
AZALEA GARDENS OF MOBILE,015151,1758 SPRINGHILL AVE,MOBILE,MOBILE,15,1,4,0,89,17,5,0
DIVERSICARE OF ARAB,015148,235 THIRD STREET SE,ARAB,MARSHALL,0,0,7,0,73,1,7,0
RIVER CITY CENTER,015113,1350 FOURTEENTH AVENUE SOUTHEAST,DECATUR,MORGAN,40,9,16,0,138,25,1,0
FOREST MANOR HEALTH AND REHABILITATION,015143,2215 32ND STREET,NORTHPORT,TUSCALOOSA,41,24,24,10,128,34,35,1
WOODLAND VILLAGE REHABILITATION AND HEALTHCARE CENTER,015383,1900 OLIVE STREET,CULLMAN,CULLMAN,3,13,36,0,117,4,30,0
KIRKWOOD BY THE RIVER,015457,3605 RATLIFF ROAD,BIRMINGHAM,JEFFERSON,15,0,7,7,36,10,0,0
PARK MANOR HEALTH AND REHABILITATION,015326,2201 MCFARLAND BOULEVARD,NORTHPORT,TUSCALOOSA,11,10,13,0,134,9,19,0
ENTERPRISE HEALTH AND REHABILITATION CENTER,015320,300 PLAZA DRIVE P O BOX 311227,ENTERPRISE,COFFEE,3,0,37,0,176,19,25,0
AHAVA HEALTHCARE OF ALABASTER,015144,"850 9TH STREET, NORTHWEST",ALABASTER,SHELBY,13,4,0,0,141,10,17,0
PHENIX CITY HEALTH CARE,015331,3900 LAKEWOOD DRIVE,PHENIX CITY,RUSSELL,0,0,4,0,79,15,1,0
ADAMS NURSING HOME,015386,1555 HILLABEE STREET,ALEXANDER CITY,TALLAPOOSA,0,3,3,0,57,2,6,0
KELLER LANDING,015028,813 KELLER LANE,TUSCUMBIA,COLBERT,9,2,6,0,67,22,5,0
SPRINGHILL MANOR NURSING HOME,015415,3900 OLD SHELL ROAD,MOBILE,MOBILE,0,1,2,0,28,2,2,0
HALEYVILLE HEALTH CARE CENTER,015157,2201 11TH AVENUE,HALEYVILLE,WINSTON,3,4,14,1,55,10,19,0
DIVERSICARE OF FOLEY,015032,1701 NORTH ALSTON STREET,FOLEY,BALDWIN,35,1,1,0,100,32,4,1
ENGLEWOOD HEALTH CARE CENTER,015322,2046 SOUTH ALABAMA AVE,MONROEVILLE,MONROE,13,5,8,1,68,15,9,0
ASPIRE PHYSICAL RECOVERY CENTER AT HOOVER,015464,575 SOUTHLAND DRIVE,HOOVER,JEFFERSON,2,17,18,0,93,7,25,0
BIRMINGHAM NURSING AND REHABILITATION CENTER EAST,015134,733 MARY VANN LANE,BIRMINGHAM,JEFFERSON,2,0,5,0,127,1,0,0
RIDGEWOOD HEALTH SERVICES,015315,201 OAKHILL ROAD,JASPER,WALKER,13,1,15,1,85,16,0,0
CLAY COUNTY NURSING HOME,015124,83825 HIGHWAY 9   P O BOX 1270,ASHLAND,CLAY,33,14,3,2,70,9,20,0
CAMDEN NURSING FACILITY,015374,210 PONDEROSA DRIVE,CAMDEN,WILCOX,28,4,10,6,50,27,9,0
WETUMPKA HEALTH AND REHABILITATION,015027,1825 HOLTVILLE ROAD,WETUMPKA,ELMORE,45,3,27,4,90,32,5,0
SPRINGHILL SENIOR RESIDENCE,015435,3717 DAUPHIN STREET,MOBILE,MOBILE,0,27,10,0,66,4,62,0
SHELBY RIDGE NURSING HOME,015411,881 3RD STREET NORTHEAST,ALABASTER,SHELBY,42,60,24,5,110,21,51,0
CROWNE HEALTH CARE OF THOMASVILLE,015220,1425 MOSLEY DRIVE,THOMASVILLE,CLARKE,4,1,1,0,72,10,0,0
ASPIRE PHYSICAL RECOVERY CENTER OF WEST ALABAMA,015465,2400 HOSPITAL DRIVE,NORTHPORT,TUSCALOOSA,2,0,5,0,53,5,12,0
DIVERSICARE OF PELL CITY,015189,"510 WOLF CREEK ROAD, NORTH",PELL CITY,ST. CLAIR,71,2,8,3,56,33,3,0
HENRY COUNTY HEALTH AND REHABILITATION FACILITY,015373,212 DOTHAN ROAD,ABBEVILLE,HENRY,23,70,27,5,84,22,62,0
CROWNE HEALTH CARE OF FT PAYNE,015156,403 13TH STREET NORTHWEST,FORT PAYNE,DEKALB,12,0,1,1,99,10,4,0
CHARLTON PLACE REHABILITATION AND HEALTHCARE CENTER,015460,65 CHARLTON PLACE,DEATSVILLE,ELMORE,6,1,0,0,50,11,0,0
LUVERNE HEALTH AND REHABILITATION,015336,142 WEST THIRD STREET,LUVERNE,CRENSHAW,57,15,23,0,137,41,27,0
SIGNATURE HEALTHCARE OF WHITESBURG GARDENS,015116,105 TEAKWOOD DRIVE SW,HUNTSVILLE,MADISON,45,2,4,2,111,21,0,0
GOODWATER HEALTHCARE CENTER,015204,16 JONES HILL ROAD,GOODWATER,COOSA,0,0,1,0,63,1,0,0
EASTVIEW REHABILITATION AND HEALTHCARE CENTER,015014,7755 FOURTH AVENUE SOUTH,BIRMINGHAM,JEFFERSON,15,4,3,0,73,18,1,0
ALBERTVILLE NURSING HOME,015163,750 ALABAMA HIGHWAY 75 NORTH,ALBERTVILLE,MARSHALL,65,37,30,11,136,43,27,0
GREENE COUNTY NURSING HOME,015178,509 WILSON AVE,EUTAW,GREENE,22,0,12,12,38,2,0,0
SOUTH HAMPTON NURSING AND REHABILITATION CENTER,015448,213 WILSON MANN ROAD,OWENS CROSS ROADS,MADISON,0,1,3,0,63,0,5,0
WASHINGTON COUNTY NURSING HOME,015123,14600 ST STEPHENS AVENUE,CHATOM,WASHINGTON,19,19,8,4,76,15,13,1
COTTAGE OF THE SHOALS,015067,500 JOHN ALDRIDGE DRIVE,TUSCUMBIA,COLBERT,16,7,7,0,63,17,16,0
DIVERSICARE OF BESSEMER,015209,820 GOLF COURSE ROAD,BESSEMER,JEFFERSON,62,2,37,26,132,38,3,1
MERRY WOOD LODGE,015019,P O BOX 130,ELMORE,ELMORE,55,40,15,5,70,47,12,0
RUSSELLVILLE HEALTH CARE,015071,705 NORTHEAST GANDY STREET,RUSSELLVILLE,FRANKLIN,34,17,6,3,41,24,35,0
SUNSET MANOR,015149,251 SUNSET PLACE,GUIN,MARION,0,5,4,0,62,2,4,0
TRAYLOR RETIREMENT COMMUNITY,015126,1235 YANCEY STREET  P O BOX 467,ROANOKE,RANDOLPH,35,0,14,7,79,17,6,0
CROSSVILLE HEALTH AND REHABILITATION,015176,8922 HIGHWAY 227,CROSSVILLE,DEKALB,73,4,25,4,124,47,10,0
MONROE MANOR HEALTH AND REHABILITATION CENTER,015398,236 WEST CLAIBORNE STREET,MONROEVILLE,MONROE,36,8,3,1,68,45,22,0
SUMTER HEALTH AND REHABILITATION,015042,1505 EAST 4TH AVENUE,YORK,SUMTER,84,1,13,3,62,71,10,0
PLANTATION MANOR NURSING HOME,015015,6450 OLD TUSCALOOSA HIGHWAY   P O BOX 97,MC CALLA,JEFFERSON,0,0,6,0,80,0,0,0
GADSDEN HEALTH AND REHABILITATION CENTER,015180,1945 DAVIS DRIVE,GADSDEN,ETOWAH,54,98,9,3,128,23,14,0
CROWNE HEALTH CARE OF MONTGOMERY,015393,1837 UPPER WETUMPKA ROAD,MONTGOMERY,MONTGOMERY,6,0,22,0,151,13,5,0
TRUSSVILLE HEALTH AND REHABILITATION CENTER,015467,119 WATTERSON PARKWAY,TRUSSVILLE,JEFFERSON,15,0,8,1,110,1,4,0
SIGNATURE HEALTHCARE OF WHITESBURG GARDENS,015116,105 TEAKWOOD DRIVE SW,HUNTSVILLE,MADISON,53,2,7,5,109,23,0,0
ATTALLA HEALTH AND REHABILITATION,015203,915 STEWART AVENUE SOUTHEAST,ATTALLA,ETOWAH,41,0,15,5,67,58,13,0
DIVERSICARE OF FOLEY,015032,1701 NORTH ALSTON STREET,FOLEY,BALDWIN,42,1,1,0,97,37,4,1
ASPIRE PHYSICAL RECOVERY CENTER AT CAHABA RIVER,015468,3070 HEALTHY WAY,VESTAVIA,JEFFERSON,5,1,17,0,90,6,2,0
PHENIX CITY HEALTH CARE,015331,3900 LAKEWOOD DRIVE,PHENIX CITY,RUSSELL,0,0,5,0,76,15,1,0
DADEVILLE HEALTHCARE CENTER,015166,351 NORTH EAST STREET,DADEVILLE,TALLAPOOSA,48,2,12,6,89,16,1,0
RIDGEWOOD HEALTH SERVICES,015315,201 OAKHILL ROAD,JASPER,WALKER,13,1,17,1,86,19,0,0
HALEYVILLE HEALTH CARE CENTER,015157,2201 11TH AVENUE,HALEYVILLE,WINSTON,3,4,14,1,56,10,19,0
ENTERPRISE HEALTH AND REHABILITATION CENTER,015320,300 PLAZA DRIVE P O BOX 311227,ENTERPRISE,COFFEE,6,0,40,0,170,22,26,0
CLEBURNE COUNTY NURSING HOME,015053,122 BROCKFORD ROAD,HEFLIN,CLEBURNE,,,,,,,,
ASPIRE PHYSICAL RECOVERY CENTER AT HOOVER,015464,575 SOUTHLAND DRIVE,HOOVER,JEFFERSON,2,17,19,0,97,7,25,0
MONTGOMERY HEALTH AND REHABILITATION,015228,4490 VIRGINIA LOOP ROAD,MONTGOMERY,MONTGOMERY,16,3,4,0,73,16,14,0
SOUTHERN SPRINGS HEALTHCARE FACILITY,015171,745 SOUTHERN SPRINGS ROAD,UNION SPRINGS,BULLOCK,57,42,12,9,89,42,6,0
ADAMS NURSING HOME,015386,1555 HILLABEE STREET,ALEXANDER CITY,TALLAPOOSA,0,4,3,0,57,2,6,0
OAK TRACE CARE AND REHABILITATION CENTER,015050,325 SELMA ROAD,BESSEMER,JEFFERSON,9,0,8,1,68,16,0,0
LINEVILLE HEALTH AND REHABILITATION,015142,88073 HIGHWAY 9,LINEVILLE,CLAY,1,8,8,0,96,2,17,0
KIRKWOOD BY THE RIVER,015457,3605 RATLIFF ROAD,BIRMINGHAM,JEFFERSON,15,0,7,7,36,10,0,0
AZALEA GARDENS OF MOBILE,015151,1758 SPRINGHILL AVE,MOBILE,MOBILE,27,2,5,1,87,20,5,0
WOODLAND VILLAGE REHABILITATION AND HEALTHCARE CENTER,015383,1900 OLIVE STREET,CULLMAN,CULLMAN,3,13,37,1,117,4,30,0
PIEDMONT HEALTH CARE CENTER,015194,30 ROUNDTREE DRIVE,PIEDMONT,CALHOUN,1,0,9,0,73,1,1,0
FOREST MANOR HEALTH AND REHABILITATION,015143,2215 32ND STREET,NORTHPORT,TUSCALOOSA,41,24,24,10,131,34,36,1
RIVER CITY CENTER,015113,1350 FOURTEENTH AVENUE SOUTHEAST,DECATUR,MORGAN,45,9,16,0,137,27,1,0
SPRINGHILL MANOR NURSING HOME,015415,3900 OLD SHELL ROAD,MOBILE,MOBILE,3,1,2,0,28,3,2,0
DIVERSICARE OF WINFIELD,015376,144 COUNTY HWY 14,WINFIELD,MARION,70,17,23,15,91,32,18,1
CIVIC CENTER HEALTH AND REHABILITATION,015109,1201 22ND STREET NORTH,BIRMINGHAM,JEFFERSON,0,4,10,0,87,1,2,0
CHERRY HILL REHABILITATION AND HEALTHCARE CENTER,015445,1250 JEFF GERMANY PARKWAY,BIRMINGHAM,JEFFERSON,,,,,,,,
JOHN KNOX MANOR INC I I,015135,4401 NARROW LANE ROAD,MONTGOMERY,MONTGOMERY,0,1,1,0,51,2,8,0
CHOCTAW HEALTH AND REHABILITATION,015164,1406 EAST PUSHMATAHA STREET,BUTLER,CHOCTAW,46,50,14,9,49,22,24,0
HENDRIX HEALTH AND REHABILITATION,015138,1000 HIGHWAY 33,DOUBLE SPRINGS,WINSTON,39,8,19,2,90,17,12,0
CROWNE HEALTH CARE OF MONTGOMERY,015393,1837 UPPER WETUMPKA ROAD,MONTGOMERY,MONTGOMERY,26,0,26,1,142,17,5,0
CROSSVILLE HEALTH AND REHABILITATION,015176,8922 HIGHWAY 227,CROSSVILLE,DEKALB,74,4,27,5,121,56,10,0
COLONIAL HAVEN CARE AND REHABILITATION CENTER,015396,616 ARMORY STREET,GREENSBORO,HALE,41,0,13,11,62,39,0,1
DIVERSICARE OF LANETT,015196,702 SOUTH 13TH STREET,LANETT,CHAMBERS,3,1,31,0,74,9,6,0
MONTGOMERY CHILDREN'S SPECIALTY CENTER,01A208,2853 FORBES DRIVE,MONTGOMERY,MONTGOMERY,1,0,0,0,45,8,1,0
GRAND BAY CONVALESCENT HOME,015406,13750 HIGHWAY 90 WEST P.O. BOX 328,GRAND BAY,MOBILE,0,2,6,0,63,10,0,0
AHAVA HEALTHCARE OF ALABASTER,015144,"850 9TH STREET, NORTHWEST",ALABASTER,SHELBY,13,4,0,0,141,10,17,0
ASPIRE PHYSICAL RECOVERY CENTER OF WEST ALABAMA,015465,2400 HOSPITAL DRIVE,NORTHPORT,TUSCALOOSA,2,0,5,0,49,5,12,0
MERRY WOOD LODGE,015019,P O BOX 130,ELMORE,ELMORE,55,40,16,5,73,48,12,0
CORDOVA HEALTH AND REHABILITATION,015115,70 HIGHLAND STREET WEST,CORDOVA,WALKER,13,5,18,3,105,2,22,0
LAFAYETTE NURSING HOME,015414,555 B STREET SW,LAFAYETTE,CHAMBERS,4,0,5,0,49,2,1,0
CROWNE HEALTH CARE OF FT PAYNE,015156,403 13TH STREET NORTHWEST,FORT PAYNE,DEKALB,17,0,2,2,96,16,5,0
SOUTHLAND NURSING HOME,015104,500 SHIVERS TERRACE,MARION,PERRY,,,,,,,,
GLEN HAVEN HEALTH AND REHABILITATION,015186,2201 32ND STREET,NORTHPORT,TUSCALOOSA,28,13,21,4,153,37,6,1
ARBOR WOODS HEALTH AND REHABILITATION,015141,515 2ND AVENUE NORTHWEST,REFORM,PICKENS,0,0,1,0,55,0,0,0
WILLOWBROOKE CT SKILLED CARE CENTER WESTMINSTER VLG,015381,500 SPANISH FORT BLVD,SPANISH FORT,BALDWIN,8,0,9,1,28,9,2,0
CAMDEN NURSING FACILITY,015374,210 PONDEROSA DRIVE,CAMDEN,WILCOX,28,4,10,6,50,28,9,0
LUVERNE HEALTH AND REHABILITATION,015336,142 WEST THIRD STREET,LUVERNE,CRENSHAW,68,15,31,8,119,47,27,0
ROBERTSDALE REHABILITATION AND HEALTHCARE CENTER,015443,18700 U S HIGHWAY 90,ROBERTSDALE,BALDWIN,41,0,0,0,108,39,0,0
REGENCY HEALTH CARE AND REHABILITATION CENTER,015372,"2061 POOLE DRIVE, NW",HUNTSVILLE,MADISON,1,1,0,0,58,1,2,0
ANNISTON HEALTH AND REHABILITATION SERVICES,015375,600 E 8TH STREET,ANNISTON,CALHOUN,1,0,5,0,61,3,0,0
GREENBRIAR AT THE ALTAMONT SKILLED NURSING FACILIT,015446,2831 HIGHLAND AVENUE SOUTH,BIRMINGHAM,JEFFERSON,25,0,8,5,73,32,0,0
OPP HEALTH AND REHABILITATION,015210,115 PAULK AVENUE  P O BOX 730,OPP,COVINGTON,79,4,34,15,133,40,5,0
ATMORE NURSING CENTER,015129,715 EAST LAUREL STREET,ATMORE,ESCAMBIA,33,2,10,7,71,23,7,0
KENSINGTON HEALTH AND REHABILITATION,015429,550 CONGRESS STREET,MOBILE,MOBILE,70,2,12,5,94,37,8,0
TALLASSEE HEALTH AND REHABILITATION,015139,2639 GILMER AVENUE  P O BOX 780277,TALLASSEE,ELMORE,2,0,18,0,88,11,8,0
RIDGEVIEW HEALTH SERVICES,015155,"907 11TH STREET, NE",JASPER,WALKER,106,48,38,20,80,88,64,0
GLENWOOD CENTER,015147,211 ANA DRIVE,FLORENCE,LAUDERDALE,10,5,16,0,99,5,22,0
NORTH HILL NURSING AND REHABILITATION CENTER,015091,200 NORTH PINE HILL ROAD,BIRMINGHAM,JEFFERSON,15,14,16,6,172,4,4,0
MADISON MANOR NURSING HOME,015214,3891 SULLIVAN ST,MADISON,MADISON,0,7,8,0,67,5,11,0
OAKVIEW MANOR HEALTH CARE CENTER,015216,929 MIXON SCHOOL ROAD,OZARK,DALE,71,21,25,13,98,33,39,0
"FOLSOM CENTER FOR REHABILITATION AND HEALTHCARE, T",015437,401 ARNOLD STREET N.E.,CULLMAN,CULLMAN,3,26,22,0,78,9,58,0
SHADESCREST HEALTH CARE CENTER,015114,331 WEST 25TH STREET,JASPER,WALKER,21,9,8,3,89,24,40,0
MCGUFFEY HEALTH AND REHABILITATION CENTER,015202,2301 RAINBOW DRIVE,GADSDEN,ETOWAH,4,17,14,0,162,4,39,0
HERITAGE HEALTH CARE AND REHABILITATION,015371,1101 SNOWS MILL AVENUE,TUSCALOOSA,TUSCALOOSA,0,31,23,3,140,11,24,0
HANCEVILLE NURSING AND REHABILITATION CENTER,015073,420 MAIN STREET NE,HANCEVILLE,CULLMAN,27,23,13,2,174,13,16,0
MARENGO NURSING HOME,015330,608 NORTH MAIN STREET,LINDEN,MARENGO,0,3,5,0,63,6,7,0
MONTROSE BAY HEALTH AND REHABILITATION,015447,22670 MAIN STREET,FAIRHOPE,BALDWIN,0,0,0,0,62,3,0,0
LEGACY HEALTH AND REHABILITATION OF PLEASANT GROVE,015461,30 7TH STREET,PLEASANT GROVE,JEFFERSON,1,32,10,0,117,6,12,1
ALTOONA HEALTH AND REHABILITATION,015101,6532 WALNUT GROVE ROAD,ALTOONA,ETOWAH,1,0,0,0,50,2,0,0
BIRMINGHAM NURSING AND REHABILITATION CENTER,015217,1000 DUGAN AVENUE,BIRMINGHAM,JEFFERSON,2,13,10,0,125,2,14,0
GENERATIONS OF VERNON,015227,1050 CONVALESCENT ROAD,VERNON,LAMAR,8,8,0,0,109,17,24,0
TWIN OAKS REHABILITATION AND HEALTHCARE CENTER,015211,857 CRAWFORD LANE,MOBILE,MOBILE,14,0,1,1,112,36,5,0
GEORGIANA HEALTH AND REHABILITATION,015182,206 PALMER AVENUE,GEORGIANA,BUTLER,28,1,10,2,73,8,4,0
WEST GATE VILLAGE,015035,100 PINEVIEW AND THIRD P.O. BOX 49,BREWTON,ESCAMBIA,68,10,8,8,96,39,15,0
HILLVIEW TERRACE,015436,100 PERRY HILL RD,MONTGOMERY,MONTGOMERY,51,7,36,11,127,39,0,0
DIVERSICARE OF OXFORD,015132,1130 SOUTH HALE STREET,OXFORD,CALHOUN,42,0,7,5,118,21,0,0
COLUMBIANA HEALTH AND REHABILITATION,015453,22969 HIGHWAY 25,COLUMBIANA,SHELBY,44,18,20,9,56,37,10,0
ARBOR SPRINGS HEALTH AND REHABILITATION CENTER,015192,1910 PEPPERELL PKWY,OPELIKA,LEE,69,0,56,19,111,46,2,0
EL REPOSO NURSING FACILITY,015402,260 MILNER CHAPEL ROAD,FLORENCE,LAUDERDALE,0,3,7,0,58,0,10,0
LIGHTHOUSE REHABILITATION AND HEALTHCARE CENTER,015413,2911 EARL GOODWIN PARKWAY,SELMA,DALLAS,17,12,8,3,57,11,5,0
DIVERSICARE OF ONEONTA,015159,215 VALLEY ROAD,ONEONTA,BLOUNT,19,0,9,0,98,31,6,0
SOUTH HEALTH AND REHABILITATION,015097,1220 SOUTH 17TH STREET,BIRMINGHAM,JEFFERSON,45,1,4,2,52,42,3,1
WESTSIDE TERRACE HEALTH AND REHABILITATION CENTER,015425,501 NORTH WOODBURN DRIVE,DOTHAN,HOUSTON,6,12,9,0,131,9,14,0
FAIRVIEW AT REDSTONE VILLAGE,015454,12000 TURNMEYER DRIVE,HUNTSVILLE,MADISON,6,2,7,0,46,2,12,0
CAREGIVERS OF PLEASANT GROVE,015044,700 FIRST AVENUE,PLEASANT GROVE,JEFFERSON,32,21,15,11,46,8,3,0
FALKVILLE HEALTH CARE CENTER,015136,10 WEST 3RD STREET  PO BOX 409,FALKVILLE,MORGAN,67,21,11,10,76,32,22,0
HUNTSVILLE HEALTH AND REHABILITATION,015440,4010 CHRIS DRIVE,HUNTSVILLE,MADISON,5,5,12,1,84,7,5,0
CROWNE HEALTH CARE OF MOBILE,015100,954 NAVCO ROAD,MOBILE,MOBILE,7,0,8,5,110,12,2,1
CHAPMAN HEALTHCARE CENTER,015221,3701 DADEVILLE ROAD,ALEXANDER CITY,TALLAPOOSA,6,0,10,1,145,4,0,0
CROWNE HEALTH CARE OF GREENVILLE,015193,408 COUNTRY CLUB DRIVE,GREENVILLE,BUTLER,57,12,23,19,65,35,14,0
KNOLLWOOD HEALTHCARE,015463,3151-A KNOLLWOOD DRIVE,MOBILE,MOBILE,23,18,16,14,54,47,35,0
BARFIELD HEALTH CARE,015225,22444 HIGHWAY 431,GUNTERSVILLE,MARSHALL,0,9,31,0,102,1,38,0
CROWNE HEALTH CARE OF SPRINGHILL,015426,3712 DAUPHIN ST,MOBILE,MOBILE,2,0,1,0,10,4,0,0
ASHLAND PLACE HEALTH AND REHABILITATION,015103,148 TUSCALOOSA ST,MOBILE,MOBILE,82,19,33,21,90,25,5,0
"NHC HEALTHCARE, MOULTON",015128,300 HOSPITAL STREET,MOULTON,LAWRENCE,24,1,1,0,99,14,0,0
LONGLEAF HEALTH AND REHABILITATION,015469,1300 E SOUTH BLVD,MONTGOMERY,MONTGOMERY,0,0,0,0,0,0,0,0
HEALTH CARE,015407,P O BOX 130,ASHVILLE,ST. CLAIR,0,0,2,0,49,0,5,0
BIBB MED CENTER NURSING HOME,015215,208 PIERSON AVE,CENTREVILLE,BIBB,66,0,8,2,106,21,0,0
PERRY COUNTY NURSING HOME,015158,505 EAST LAFAYETTE STREET,MARION,PERRY,37,1,5,2,53,34,12,0
ALLEN HEALTH AND REHABILITATION,015098,735 SOUTH WASHINGTON AVENUE,MOBILE,MOBILE,9,23,6,2,80,22,6,0
ROANOKE REHABILITATION AND HEALTHCARE CENTER,015424,680 SEYMOUR DRIVE,ROANOKE,RANDOLPH,37,11,6,6,46,34,8,0
MAGNOLIA RIDGE,015133,420 DEAN DRIVE,GARDENDALE,JEFFERSON,26,1,6,0,116,16,0,0
HUNTER CREEK HEALTH AND REHABILITATION,015034,600 34TH ST,NORTHPORT,TUSCALOOSA,43,6,9,4,68,12,8,0
GENERATIONS OF RED BAY,015201,106 TENTH AVENUE NORTHWEST,RED BAY,FRANKLIN,1,12,9,0,60,4,48,0
WESLEY PLACE ON HONEYSUCKLE,015175,718 HONEYSUCKLE ROAD,DOTHAN,HOUSTON,31,4,16,9,140,35,20,0
TERRACE OAKS CARE AND REHABILITATION CENTER,015060,4201 BESSEMER SUPER HIGHWAY,BESSEMER,JEFFERSON,6,0,0,0,54,17,0,0
KELLER LANDING,015028,813 KELLER LANE,TUSCUMBIA,COLBERT,9,2,7,0,64,22,5,0
PARK MANOR HEALTH AND REHABILITATION,015326,2201 MCFARLAND BOULEVARD,NORTHPORT,TUSCALOOSA,28,10,14,0,122,15,19,0
VALLEY VIEW HEALTH AND REHABILITATION,015431,5968 WALL TRIANA HIGHWAY,MADISON,MADISON,8,3,11,1,113,8,14,0
DIVERSICARE OF BIG SPRINGS,015111,500 ST. CLAIR AVENUE SOUTHWEST,HUNTSVILLE,MADISON,33,4,1,1,93,14,7,0
TROY HEALTH AND REHABILITATION CENTER,015213,515 ELBA HIGHWAY,TROY,PIKE,24,45,13,3,137,12,35,0
ENGLEWOOD HEALTH CARE CENTER,015322,2046 SOUTH ALABAMA AVE,MONROEVILLE,MONROE,25,5,8,1,67,17,9,0
BROOKDALE UNIVERSITY PARK SNF (AL),015423,501 UNIVERSITY PARK DRIVE,BIRMINGHAM,JEFFERSON,5,2,18,0,41,9,15,0
BROOKSHIRE HEALTHCARE CENTER,015127,4320 JUDITH LANE,HUNTSVILLE,MADISON,25,0,7,3,105,7,1,0
DIVERSICARE OF RIVERCHASE,015145,2500 RIVERHAVEN DRIVE,BIRMINGHAM,JEFFERSON,61,25,16,13,95,33,11,0
BROWN NURSING HOME,015191,2334 WASHINGTON STREET,ALEXANDER CITY,TALLAPOOSA,2,7,5,0,64,1,14,0
AHC MILLENIUM,015458,5275 MILLENNIUM DRIVE,HUNTSVILLE,MADISON,0,9,8,0,85,2,5,0
CROWNE HEALTH CARE OF EUFAULA,015199,430 RIVERS AVENUE,EUFAULA,BARBOUR,46,22,15,3,136,17,23,0
TLC NURSING CENTER,015422,212 ELLEN STREET,ONEONTA,BLOUNT,15,7,14,2,87,5,0,0
PARKWOOD HEALTH CARE FACILITY,015179,3301 STADIUM DRIVE,PHENIX CITY,RUSSELL,1,3,22,0,61,12,9,0
COOSA VALLEY HEALTHCARE CENTER,015010,260 WEST WALNUT STREET,SYLACAUGA,TALLADEGA,0,32,0,0,74,3,37,0
CULLMAN HEALTH CARE CENTER,015048,1607 MAIN AVE NE,CULLMAN,CULLMAN,0,0,6,0,76,1,34,0
OAK KNOLL HEALTH AND REHABILITATION,015117,824 SIXTH AVENUE WEST,BIRMINGHAM,JEFFERSON,1,10,5,0,91,3,0,0
GALLERIA WOODS SKILLED NURSING FACILITY,015459,3850 GALLERIA WOODS DRIVE,BIRMINGHAM,JEFFERSON,0,0,2,0,30,5,0,0
PALM GARDENS HEALTH AND REHABILITATION,015403,3104 DAUPHIN SQUARE CONNECTOR,MOBILE,MOBILE,39,5,20,5,60,29,6,0
DIVERSICARE OF ARAB,015148,235 THIRD STREET SE,ARAB,MARSHALL,0,0,7,0,77,1,8,0
FLORALA HEALTH AND REHABILITATION,015451,23621 GOLDENROD AVENUE,FLORALA,COVINGTON,5,0,7,0,70,6,1,0
NORTH MOBILE NURSING AND REHABILITATION CENTER,015183,4525 ST STEPHENS ROAD,EIGHT MILE,MOBILE,45,36,21,13,130,39,26,0
COLLINSVILLE HEALTHCARE AND REHABILITATION,015207,685 NORTH VALLEY AVE,COLLINSVILLE,DEKALB,1,11,10,0,156,13,29,1
DIVERSICARE OF BESSEMER,015209,820 GOLF COURSE ROAD,BESSEMER,JEFFERSON,62,2,37,26,135,40,3,1
TRUSSVILLE HEALTH AND REHABILITATION CENTER,015467,119 WATTERSON PARKWAY,TRUSSVILLE,JEFFERSON,15,0,11,3,107,1,7,0
SUNSET MANOR,015149,251 SUNSET PLACE,GUIN,MARION,0,6,4,0,63,2,5,0
MONROE MANOR HEALTH AND REHABILITATION CENTER,015398,236 WEST CLAIBORNE STREET,MONROEVILLE,MONROE,38,8,4,2,68,46,22,0
BIRMINGHAM NURSING AND REHABILITATION CENTER EAST,015134,733 MARY VANN LANE,BIRMINGHAM,JEFFERSON,2,0,5,0,129,1,0,0
ORCHARD REHABILITATION AND HEALTHCARE CENTER,015442,629 STATE HIGHWAY 21 SOUTH,HAYNEVILLE,LOWNDES,3,0,3,3,56,6,0,0
RUSSELLVILLE HEALTH CARE,015071,705 NORTHEAST GANDY STREET,RUSSELLVILLE,FRANKLIN,34,17,6,3,41,27,38,0
CRIMSON HEALTH AND REHABILITATION,015037,3312 WOODLEY ROAD,MONTGOMERY,MONTGOMERY,2,0,2,0,43,8,0,0
GADSDEN HEALTH AND REHABILITATION CENTER,015180,1945 DAVIS DRIVE,GADSDEN,ETOWAH,64,102,13,7,117,27,14,0
GOODWATER HEALTHCARE CENTER,015204,16 JONES HILL ROAD,GOODWATER,COOSA,0,0,1,0,64,1,0,0
SELMA HEALTH AND REHABILITATION,015119,11 BELL ROAD,SELMA,DALLAS,42,9,1,0,108,16,5,0
TERRACE MANOR NURSING AND REHABILITATION CENTER,015066,390 UNDERWOOD ROAD,RUSSELLVILLE,FRANKLIN,0,3,3,0,50,0,17,0
ALBERTVILLE NURSING HOME,015163,750 ALABAMA HIGHWAY 75 NORTH,ALBERTVILLE,MARSHALL,65,37,32,12,140,46,29,0
SUMTER HEALTH AND REHABILITATION,015042,1505 EAST 4TH AVENUE,YORK,SUMTER,84,1,13,3,67,74,10,0
PLANTATION MANOR NURSING HOME,015015,6450 OLD TUSCALOOSA HIGHWAY   P O BOX 97,MC CALLA,JEFFERSON,0,0,7,0,82,0,0,0
DECATUR HEALTH AND REHABILITATION CENTER,015206,2326 MORGAN AVENUE SOUTHWEST,DECATUR,MORGAN,58,82,15,9,63,32,19,0
SOUTH HAMPTON NURSING AND REHABILITATION CENTER,015448,213 WILSON MANN ROAD,OWENS CROSS ROADS,MADISON,0,1,3,0,60,1,5,0
CHARLTON PLACE REHABILITATION AND HEALTHCARE CENTER,015460,65 CHARLTON PLACE,DEATSVILLE,ELMORE,6,1,0,0,47,11,0,0
COTTAGE OF THE SHOALS,015067,500 JOHN ALDRIDGE DRIVE,TUSCUMBIA,COLBERT,17,7,7,0,65,18,18,0
WASHINGTON COUNTY NURSING HOME,015123,14600 ST STEPHENS AVENUE,CHATOM,WASHINGTON,20,19,9,4,76,17,13,1
CHEROKEE COUNTY HEALTH AND REHABILITATION CENTER,015200,877 CEDAR BLUFF ROAD,CENTRE,CHEROKEE,32,3,25,7,138,21,1,0
BARON HOUSE OF HUEYTOWN,015404,190 BROOKLANE DRIVE,HUEYTOWN,JEFFERSON,3,0,17,11,25,23,23,0
EASTVIEW REHABILITATION AND HEALTHCARE CENTER,015014,7755 FOURTH AVENUE SOUTH,BIRMINGHAM,JEFFERSON,15,4,4,0,71,26,1,0
ST MARTIN'S IN THE PINES,015433,4941 MONTEVALLO ROAD,BIRMINGHAM,JEFFERSON,3,0,12,0,90,19,0,0
DIVERSICARE OF BOAZ,015063,600 CORLEY AVENUE,BOAZ,MARSHALL,4,0,6,0,92,13,0,0
SHELBY RIDGE NURSING HOME,015411,881 3RD STREET NORTHEAST,ALABASTER,SHELBY,45,62,27,7,105,23,54,0
WETUMPKA HEALTH AND REHABILITATION,015027,1825 HOLTVILLE ROAD,WETUMPKA,ELMORE,45,3,27,4,97,32,5,0
HIGHLANDS HEALTH AND REHABILITATION,015012,380 WOODS COVE ROAD,SCOTTSBORO,JACKSON,2,32,9,0,40,3,30,0
CROWNE HEALTH CARE OF THOMASVILLE,015220,1425 MOSLEY DRIVE,THOMASVILLE,CLARKE,4,1,2,0,71,11,0,0
DIVERSICARE OF PELL CITY,015189,"510 WOLF CREEK ROAD, NORTH",PELL CITY,ST. CLAIR,77,2,12,7,52,34,3,0
SPRINGHILL SENIOR RESIDENCE,015435,3717 DAUPHIN STREET,MOBILE,MOBILE,0,27,11,0,66,4,62,0
HENRY COUNTY HEALTH AND REHABILITATION FACILITY,015373,212 DOTHAN ROAD,ABBEVILLE,HENRY,23,70,29,5,81,24,62,0
FAIRHOPE HEALTH AND REHABILITATION,015222,108 SOUTH CHURCH STREET,FAIRHOPE,BALDWIN,3,2,0,0,63,11,0,0
SELF HEALTH CARE AND REHABILITATION CENTER,015212,131 EAST CREST ROAD,HUEYTOWN,JEFFERSON,2,1,4,0,64,4,6,0
CLAY COUNTY NURSING HOME,015124,83825 HIGHWAY 9   P O BOX 1270,ASHLAND,CLAY,43,18,6,5,68,14,24,0
SUMMERFORD NURSING HOME,015075,4087 HIGHWAY 31 SOUTHWEST,FALKVILLE,MORGAN,5,25,38,0,192,13,93,0
FAYETTE MEDICAL CENTER LONG TERM CARE UNIT,015154,1653 TEMPLE AVENUE NORTH,FAYETTE,FAYETTE,12,24,8,3,95,17,15,0
BURNS NURSING HOME,015009,701 MONROE STREET NW,RUSSELLVILLE,FRANKLIN,45,1,6,5,50,37,14,0
OAKS ON PARKWOOD SKILLED NURSING FACILITY,015369,2625 LAUREL OAK DRIVE,BESSEMER,JEFFERSON,2,0,38,1,121,4,6,0
NORTHWAY HEALTH AND REHABILITATION,015047,1424 NORTH 25TH STREET,BIRMINGHAM,JEFFERSON,8,5,6,0,103,5,3,0
MOUNDVILLE HEALTH AND REHABILITATION,015187,THIRD AVENUE    P O BOX 607,MOUNDVILLE,HALE,0,7,15,0,58,7,13,0
PARK PLACE,015084,100 PARK PLACE,SELMA,DALLAS,38,0,10,10,81,40,0,0
EASTERN SHORE REHABILITATION AND HEALTH CENTER,015049,"101 VILLA DRIVE, P O BOX 1090",DAPHNE,BALDWIN,4,24,28,0,82,7,8,0
MARSHALL MANOR NURSING HOME,015378,3120 NORTH STREET,GUNTERSVILLE,MARSHALL,1,2,13,0,76,6,6,0
FLORENCE NURSING AND REHABILITATION CENTER,015169,2107 CLOYD BLVD,FLORENCE,LAUDERDALE,46,15,31,11,136,40,11,0
ELBA NURSING AND REHABILITATION CENTER,015083,987 DRAYTON STREET,ELBA,COFFEE,16,8,13,1,105,6,8,0
WIREGRASS REHABILITATION CENTER AND NURSING HOME,015150,1200 MAPLE AVENUE WEST,GENEVA,GENEVA,0,0,7,0,92,3,12,0
MITCHELL-HOLLINGSWORTH NURSING AND REHABILITATION,015031,805 FLAGG CIRCLE,FLORENCE,LAUDERDALE,12,43,20,0,166,16,62,0
ARLINGTON REHABILITATION AND HEALTHCARE CENTER,015153,"1020 TUSCALOOSA AVENUE, SW",BIRMINGHAM,JEFFERSON,52,0,10,6,85,23,3,0
ANDALUSIA MANOR,015416,670 MOORE RD,ANDALUSIA,COVINGTON,42,17,12,8,95,37,24,0
GREENE COUNTY NURSING HOME,015178,509 WILSON AVE,EUTAW,GREENE,22,0,12,12,38,3,0,0
CYPRESS COVE CARE CENTER,015392,200 ALABAMA AVENUE,MUSCLE SHOALS,COLBERT,24,6,8,0,73,19,5,0
GULF COAST HEALTH AND REHABILITATION,015456,8002 GRELOT ROAD,MOBILE,MOBILE,20,12,7,1,73,20,2,0
CROWNE HEALTH CARE OF CITRONELLE,015121,19225 NORTH 4TH STREET,CITRONELLE,MOBILE,46,2,12,5,52,42,1,1
FATHER PURCELL MEMORIAL EXCEPTIONAL CHILDREN'S CENTER,01A193,2048 W FAIRVIEW AVE,MONTGOMERY,MONTGOMERY,10,0,0,0,48,4,0,0
SYLACAUGA HEALTH AND REHABILITATION SERVICES,015160,1007 W FORT WILLIAMS ST,SYLACAUGA,TALLADEGA,4,12,20,0,136,10,13,0
TALLADEGA HEALTHCARE CENTER,015162,616 CHAFFEE STREET,TALLADEGA,TALLADEGA,102,167,8,4,151,42,59,0
MEADOWVIEW NURSING CENTER,015400,7300 OLD HIGHWAY 78 EAST,PELL CITY,ST. CLAIR,2,9,0,0,52,4,33,0
SENIOR REHABILITATION AND RECOVERY AT LIMESTONE HEALTH FACILI,015024,1600 WEST HOBBS STREET,ATHENS,LIMESTONE,75,58,54,11,110,30,45,0
HATLEY HEALTH CARE,015023,300 MEDICAL CENTER DRIVE,CLANTON,CHILTON,0,19,6,0,123,5,28,0
WALKER REHABILITATION CENTER,015408,350 NORTHEAST 4TH STREET     P O BOX 30,CARBON HILL,WALKER,18,8,4,4,39,29,4,0
TRAYLOR RETIREMENT COMMUNITY,015126,1235 YANCEY STREET  P O BOX 467,ROANOKE,RANDOLPH,35,0,15,7,82,18,6,0
MARION REGIONAL NURSING HOME,015167,184 SASSER DRIVE,HAMILTON,MARION,34,37,19,7,57,25,57,1
ATHENS HEALTH AND REHABILITATION,015016,611 WEST MARKET STREET,ATHENS,LIMESTONE,0,6,26,0,129,2,14,0
EAST ALABAMA MEDICAL CENTER SKILLED NURSING FACILI,015410,2000 PEPPERELL PARKWAY,OPELIKA,LEE,2,1,4,0,15,1,6,0
SANCTUARY AT THE WOODLANDS,015471,1910 CHEROKEE  AVENUE SW,CULLMAN,CULLMAN,,,,,,,,
JACKSONVILLE HEALTH AND REHABILITATION,015391,410 WILSON DRIVE SOUTHWEST,JACKSONVILLE,CALHOUN,62,8,21,7,133,40,6,0
OZARK HEALTH AND REHABILITATION,015208,312 BRYAN DRIVE,OZARK,DALE,74,1,30,12,106,60,3,0
WEST HILL HEALTH AND REHABILITATION,015303,1028 BESSEMER RD,BIRMINGHAM,JEFFERSON,59,1,12,1,59,23,0,0
CLOVERDALE REHABILITATION AND NURSING CENTER,015184,412 CLOVERDALE ROAD,SCOTTSBORO,JACKSON,1,5,20,0,124,3,44,0
LYNWOOD NURSING HOME,015434,4164 HALLS MILL ROAD,MOBILE,MOBILE,55,0,20,18,84,38,10,0
MOBILE NURSING AND REHABILITATION CENTER,015379,7020 BRUNS DRIVE,MOBILE,MOBILE,1,4,0,0,104,18,8,0
HARTFORD HEALTH CARE,015419,217 TORO ROAD,HARTFORD,GENEVA,5,1,0,0,78,3,1,0
VILLAGE AT COOK SPRINGS SKILLED NURSING FACILITY,015195,415 COOK SPRINGS,PELL CITY,ST. CLAIR,35,11,5,3,120,18,36,0
ALICEVILLE MANOR NURSING HOME,015137,703 17TH STREET NORTHWEST,ALICEVILLE,PICKENS,0,9,4,0,81,2,17,0
"NHC HEALTHCARE, ANNISTON",015120,2300 COLEMAN RD,ANNISTON,CALHOUN,5,12,46,0,125,15,55,0
EAST GLEN,015388,53 MEDICAL PARK DRIVE EAST,BIRMINGHAM,JEFFERSON,0,0,0,0,98,1,5,0
NORTHSIDE HEALTH CARE,015223,700 HUTCHINS AVENUE,GADSDEN,ETOWAH,29,4,3,1,82,18,6,0
WILLOWBROOKE CT SKILLED CARE CENTER AT MAGNOLIA TRACE,015450,ONE CROWN CIRCLE,HUNTSVILLE,MADISON,4,0,6,1,38,6,0,0
PRATTVILLE HEALTH AND REHABILITATION,015065,601 JASMINE TRAIL,PRATTVILLE,AUTAUGA,19,11,22,2,113,24,14,0
EXTENDICARE HEALTH CENTER,015152,950 SOUTH ST. ANDREWS STREET,DOTHAN,HOUSTON,45,68,40,9,114,37,74,0
WOODHAVEN MANOR NURSING HOME,015177,105 WEST WINDSOR ST,DEMOPOLIS,MARENGO,8,14,4,1,58,7,15,0
CUMBERLAND HEALTH AND REHABILITATION,015420,47065 AL HIGHWAY 277,BRIDGEPORT,JACKSON,1,0,3,0,80,5,12,0
WINDSOR HOUSE,015397,4411 MCALLISTER DRIVE,HUNTSVILLE,MADISON,17,0,4,0,101,23,1,0
EVERGREEN NURSING HOME,015089,100 SANDERS DRIVE,EVERGREEN,CONECUH,41,0,6,5,48,18,0,0
MOUNT ROYAL TOWERS,015455,300 ROYAL TOWER DRIVE,BIRMINGHAM,JEFFERSON,1,1,6,0,111,8,7,0
DIVERSICARE OF MONTGOMERY,015040,2020 NORTH COUNTRY CLUB DRIVE,MONTGOMERY,MONTGOMERY,59,1,14,11,85,27,15,0
LAFAYETTE EXTENDED CARE,015197,805 HOSPITAL STREET SOUTHWEST,LAFAYETTE,CHAMBERS,0,0,2,1,54,1,1,0
LAUDERDALE CHRISTIAN NURSING HOME,015361,2019 COUNTY ROAD 394,KILLEN,LAUDERDALE,8,5,6,0,50,3,10,0
CAPITOL HILL HEALTHCARE CENTER,015390,520 SOUTH HULL STREET,MONTGOMERY,MONTGOMERY,59,32,27,14,184,28,27,1
OAKWOOD-NORTH BALDWIN'S CENTER FOR LIVING,015417,2010 MEDICAL CENTER DRIVE,BAY MINETTE,BALDWIN,22,12,2,2,62,11,32,0
OAK PARK,015452,1365 GATEWOOD DRIVE,AUBURN,LEE,0,6,5,0,77,2,16,0
MAGNOLIA HAVEN HEALTH AND REHABILITATION CENTER,015112,603 WRIGHT STREET,TUSKEGEE,MACON,,,,,,,,
SOUTH HAVEN HEALTH AND REHABILITATION,015321,3141 OLD COLUMBIANA ROAD,BIRMINGHAM,JEFFERSON,60,18,25,18,68,43,2,0
COOSA VALLEY HEALTH AND REHABILITATION,015174,513 PINEVIEW AVENUE,GLENCOE,ETOWAH,42,45,9,4,95,30,31,0
FAIR HAVEN,015076,1424 MONTCLAIR ROAD,BIRMINGHAM,JEFFERSON,28,1,24,3,207,12,0,0
EAMC LANIER NURSING HOME,015045,4800 48TH STREET,VALLEY,CHAMBERS,0,31,15,0,90,10,69,0
CANTERBURY HEALTH CARE FACILITY,015382,1720 KNOWLES ROAD,PHENIX CITY,RUSSELL,19,0,12,2,92,22,0,0
LITTLE SISTERS OF THE POOR SACRED HEART RESIDENCE,015168,1655 MCGILL AVENUE,MOBILE,MOBILE,14,0,5,1,64,44,1,0
JACKSON HEALTH CARE FACILITY,015188,2616 NORTH COLLEGE AVENUE,JACKSON,CLARKE,0,8,14,0,69,8,23,0
FATHER PURCELL MEMORIAL EXCEPTIONAL CHILDREN'S CENTER,01A193,2048 W FAIRVIEW AVE,MONTGOMERY,MONTGOMERY,10,0,0,0,49,4,0,0
MARSHALL MANOR NURSING HOME,015378,3120 NORTH STREET,GUNTERSVILLE,MARSHALL,1,2,14,0,71,11,6,0
CROWNE HEALTH CARE OF FT PAYNE,015156,403 13TH STREET NORTHWEST,FORT PAYNE,DEKALB,26,0,2,2,97,19,5,0
MOUNDVILLE HEALTH AND REHABILITATION,015187,THIRD AVENUE    P O BOX 607,MOUNDVILLE,HALE,0,7,16,0,58,7,13,0
LAFAYETTE NURSING HOME,015414,555 B STREET SW,LAFAYETTE,CHAMBERS,4,0,5,0,49,2,1,0
EASTERN SHORE REHABILITATION AND HEALTH CENTER,015049,"101 VILLA DRIVE, P O BOX 1090",DAPHNE,BALDWIN,4,28,28,0,82,9,10,0
KNOLLWOOD HEALTHCARE,015463,3151-A KNOLLWOOD DRIVE,MOBILE,MOBILE,26,18,16,14,58,47,35,0
FAYETTE MEDICAL CENTER LONG TERM CARE UNIT,015154,1653 TEMPLE AVENUE NORTH,FAYETTE,FAYETTE,13,25,8,3,96,19,22,0
MADISON MANOR NURSING HOME,015214,3891 SULLIVAN ST,MADISON,MADISON,0,7,8,0,67,5,11,0
KENSINGTON HEALTH AND REHABILITATION,015429,550 CONGRESS STREET,MOBILE,MOBILE,70,2,12,5,95,39,8,0
ROBERTSDALE REHABILITATION AND HEALTHCARE CENTER,015443,18700 U S HIGHWAY 90,ROBERTSDALE,BALDWIN,41,0,0,0,108,39,0,0
FLORENCE NURSING AND REHABILITATION CENTER,015169,2107 CLOYD BLVD,FLORENCE,LAUDERDALE,51,16,34,11,133,42,12,0
ATMORE NURSING CENTER,015129,715 EAST LAUREL STREET,ATMORE,ESCAMBIA,35,3,10,7,73,23,8,0
ANNISTON HEALTH AND REHABILITATION SERVICES,015375,600 E 8TH STREET,ANNISTON,CALHOUN,1,0,6,0,62,4,0,0
FAIRHOPE HEALTH AND REHABILITATION,015222,108 SOUTH CHURCH STREET,FAIRHOPE,BALDWIN,3,3,0,0,60,11,0,0
TRAYLOR RETIREMENT COMMUNITY,015126,1235 YANCEY STREET  P O BOX 467,ROANOKE,RANDOLPH,35,0,15,7,84,18,6,0
ARBOR SPRINGS HEALTH AND REHABILITATION CENTER,015192,1910 PEPPERELL PKWY,OPELIKA,LEE,69,0,58,19,107,60,2,0
EL REPOSO NURSING FACILITY,015402,260 MILNER CHAPEL ROAD,FLORENCE,LAUDERDALE,0,3,7,0,58,1,10,0
SYLACAUGA HEALTH AND REHABILITATION SERVICES,015160,1007 W FORT WILLIAMS ST,SYLACAUGA,TALLADEGA,42,53,23,1,140,36,15,0
MEADOWVIEW NURSING CENTER,015400,7300 OLD HIGHWAY 78 EAST,PELL CITY,ST. CLAIR,13,17,1,0,49,7,41,0
TALLADEGA HEALTHCARE CENTER,015162,616 CHAFFEE STREET,TALLADEGA,TALLADEGA,104,197,8,4,169,43,59,0
WIREGRASS REHABILITATION CENTER AND NURSING HOME,015150,1200 MAPLE AVENUE WEST,GENEVA,GENEVA,0,2,7,0,91,3,12,0
ANDALUSIA MANOR,015416,670 MOORE RD,ANDALUSIA,COVINGTON,43,20,13,9,97,38,25,0
WEST GATE VILLAGE,015035,100 PINEVIEW AND THIRD P.O. BOX 49,BREWTON,ESCAMBIA,68,11,8,8,100,41,15,0
MITCHELL-HOLLINGSWORTH NURSING AND REHABILITATION,015031,805 FLAGG CIRCLE,FLORENCE,LAUDERDALE,12,45,20,0,171,18,71,0
MARENGO NURSING HOME,015330,608 NORTH MAIN STREET,LINDEN,MARENGO,0,3,5,0,64,7,7,0
WALKER REHABILITATION CENTER,015408,350 NORTHEAST 4TH STREET     P O BOX 30,CARBON HILL,WALKER,18,8,4,4,42,29,4,0
CHAPMAN HEALTHCARE CENTER,015221,3701 DADEVILLE ROAD,ALEXANDER CITY,TALLAPOOSA,6,0,10,1,148,4,0,0
VILLAGE AT COOK SPRINGS SKILLED NURSING FACILITY,015195,415 COOK SPRINGS,PELL CITY,ST. CLAIR,35,11,20,12,105,19,36,0
ALICEVILLE MANOR NURSING HOME,015137,703 17TH STREET NORTHWEST,ALICEVILLE,PICKENS,0,11,4,0,82,4,20,0
CROWNE HEALTH CARE OF GREENVILLE,015193,408 COUNTRY CLUB DRIVE,GREENVILLE,BUTLER,57,12,23,19,64,35,14,0
HUNTSVILLE HEALTH AND REHABILITATION,015440,4010 CHRIS DRIVE,HUNTSVILLE,MADISON,5,5,12,1,84,7,5,0
FALKVILLE HEALTH CARE CENTER,015136,10 WEST 3RD STREET  PO BOX 409,FALKVILLE,MORGAN,70,21,11,10,75,32,22,0
LIGHTHOUSE REHABILITATION AND HEALTHCARE CENTER,015413,2911 EARL GOODWIN PARKWAY,SELMA,DALLAS,17,12,8,3,54,11,5,0
CROWNE HEALTH CARE OF MOBILE,015100,954 NAVCO ROAD,MOBILE,MOBILE,7,0,8,5,110,13,2,1
WILLOWBROOKE CT SKILLED CARE CENTER AT MAGNOLIA TRACE,015450,ONE CROWN CIRCLE,HUNTSVILLE,MADISON,4,0,7,1,44,7,0,0
DIVERSICARE OF MONTGOMERY,015040,2020 NORTH COUNTRY CLUB DRIVE,MONTGOMERY,MONTGOMERY,60,1,14,11,87,29,15,0
DIVERSICARE OF ONEONTA,015159,215 VALLEY ROAD,ONEONTA,BLOUNT,20,1,9,0,99,32,6,0
MOBILE NURSING AND REHABILITATION CENTER,015379,7020 BRUNS DRIVE,MOBILE,MOBILE,13,16,0,0,96,20,10,0
EAST ALABAMA MEDICAL CENTER SKILLED NURSING FACILI,015410,2000 PEPPERELL PARKWAY,OPELIKA,LEE,2,1,4,0,20,1,6,0
ATHENS HEALTH AND REHABILITATION,015016,611 WEST MARKET STREET,ATHENS,LIMESTONE,0,7,26,0,130,3,16,0
EAST GLEN,015388,53 MEDICAL PARK DRIVE EAST,BIRMINGHAM,JEFFERSON,0,0,0,0,100,1,5,0
BIBB MED CENTER NURSING HOME,015215,208 PIERSON AVE,CENTREVILLE,BIBB,86,8,13,6,103,27,0,0
LITTLE SISTERS OF THE POOR SACRED HEART RESIDENCE,015168,1655 MCGILL AVENUE,MOBILE,MOBILE,17,1,5,1,64,45,1,0
OAK PARK,015452,1365 GATEWOOD DRIVE,AUBURN,LEE,0,6,6,0,76,3,18,0
"NHC HEALTHCARE, MOULTON",015128,300 HOSPITAL STREET,MOULTON,LAWRENCE,24,1,3,2,99,15,1,0
SOUTH HAVEN HEALTH AND REHABILITATION,015321,3141 OLD COLUMBIANA ROAD,BIRMINGHAM,JEFFERSON,60,18,25,18,68,43,2,0
HUNTER CREEK HEALTH AND REHABILITATION,015034,600 34TH ST,NORTHPORT,TUSCALOOSA,43,6,11,4,65,12,8,0
EVERGREEN NURSING HOME,015089,100 SANDERS DRIVE,EVERGREEN,CONECUH,41,0,7,6,47,21,0,0
DIVERSICARE OF FOLEY,015032,1701 NORTH ALSTON STREET,FOLEY,BALDWIN,52,1,1,0,92,74,4,1
ROANOKE REHABILITATION AND HEALTHCARE CENTER,015424,680 SEYMOUR DRIVE,ROANOKE,RANDOLPH,38,11,6,6,45,34,8,0
CAPITOL HILL HEALTHCARE CENTER,015390,520 SOUTH HULL STREET,MONTGOMERY,MONTGOMERY,63,32,28,15,193,30,27,1
OAKWOOD-NORTH BALDWIN'S CENTER FOR LIVING,015417,2010 MEDICAL CENTER DRIVE,BAY MINETTE,BALDWIN,22,12,4,3,60,11,34,0
JACKSON HEALTH CARE FACILITY,015188,2616 NORTH COLLEGE AVENUE,JACKSON,CLARKE,0,9,14,0,70,9,24,0
HEALTH CARE,015407,P O BOX 130,ASHVILLE,ST. CLAIR,0,0,2,0,49,1,5,0
SANCTUARY AT THE WOODLANDS,015471,1910 CHEROKEE  AVENUE SW,CULLMAN,CULLMAN,,,,,,,,
ALLEN HEALTH AND REHABILITATION,015098,735 SOUTH WASHINGTON AVENUE,MOBILE,MOBILE,12,26,6,2,79,27,6,0
PERRY COUNTY NURSING HOME,015158,505 EAST LAFAYETTE STREET,MARION,PERRY,37,1,5,2,52,34,12,0
KELLER LANDING,015028,813 KELLER LANE,TUSCUMBIA,COLBERT,9,2,8,0,64,22,5,0
ADAMS NURSING HOME,015386,1555 HILLABEE STREET,ALEXANDER CITY,TALLAPOOSA,0,5,3,0,57,2,6,0
HALEYVILLE HEALTH CARE CENTER,015157,2201 11TH AVENUE,HALEYVILLE,WINSTON,3,4,17,1,54,11,19,0
CROWNE HEALTH CARE OF SPRINGHILL,015426,3712 DAUPHIN ST,MOBILE,MOBILE,2,0,1,0,18,4,0,0
WOODLAND VILLAGE REHABILITATION AND HEALTHCARE CENTER,015383,1900 OLIVE STREET,CULLMAN,CULLMAN,3,13,37,1,115,4,30,0
ENGLEWOOD HEALTH CARE CENTER,015322,2046 SOUTH ALABAMA AVE,MONROEVILLE,MONROE,25,5,8,1,65,18,9,0
FOREST MANOR HEALTH AND REHABILITATION,015143,2215 32ND STREET,NORTHPORT,TUSCALOOSA,51,25,24,10,132,35,36,1
BROOKSHIRE HEALTHCARE CENTER,015127,4320 JUDITH LANE,HUNTSVILLE,MADISON,25,0,7,3,105,7,1,0
ASPIRE PHYSICAL RECOVERY CENTER AT HOOVER,015464,575 SOUTHLAND DRIVE,HOOVER,JEFFERSON,2,17,19,0,100,7,25,0
RIDGEWOOD HEALTH SERVICES,015315,201 OAKHILL ROAD,JASPER,WALKER,13,1,20,1,84,22,0,0
DADEVILLE HEALTHCARE CENTER,015166,351 NORTH EAST STREET,DADEVILLE,TALLAPOOSA,52,2,14,6,86,19,1,0
CLAY COUNTY NURSING HOME,015124,83825 HIGHWAY 9   P O BOX 1270,ASHLAND,CLAY,55,18,12,11,60,20,27,0
KIRKWOOD BY THE RIVER,015457,3605 RATLIFF ROAD,BIRMINGHAM,JEFFERSON,15,0,7,7,37,10,0,0
PARK MANOR HEALTH AND REHABILITATION,015326,2201 MCFARLAND BOULEVARD,NORTHPORT,TUSCALOOSA,42,10,15,0,122,18,19,0
ENTERPRISE HEALTH AND REHABILITATION CENTER,015320,300 PLAZA DRIVE P O BOX 311227,ENTERPRISE,COFFEE,12,0,40,0,172,25,29,0
RUSSELLVILLE HEALTH CARE,015071,705 NORTHEAST GANDY STREET,RUSSELLVILLE,FRANKLIN,34,17,6,3,41,28,38,0
HENDRIX HEALTH AND REHABILITATION,015138,1000 HIGHWAY 33,DOUBLE SPRINGS,WINSTON,40,8,21,2,86,19,12,0
AHC MILLENIUM,015458,5275 MILLENNIUM DRIVE,HUNTSVILLE,MADISON,0,9,8,0,85,3,5,0
DIVERSICARE OF ARAB,015148,235 THIRD STREET SE,ARAB,MARSHALL,0,0,7,0,78,1,8,0
PARKWOOD HEALTH CARE FACILITY,015179,3301 STADIUM DRIVE,PHENIX CITY,RUSSELL,2,3,22,0,65,12,10,0
JOHN KNOX MANOR INC I I,015135,4401 NARROW LANE ROAD,MONTGOMERY,MONTGOMERY,0,1,4,0,49,2,8,0
RIVER CITY CENTER,015113,1350 FOURTEENTH AVENUE SOUTHEAST,DECATUR,MORGAN,47,9,17,0,131,28,1,0
PIEDMONT HEALTH CARE CENTER,015194,30 ROUNDTREE DRIVE,PIEDMONT,CALHOUN,1,0,11,0,76,1,1,0
ALTOONA HEALTH AND REHABILITATION,015101,6532 WALNUT GROVE ROAD,ALTOONA,ETOWAH,1,0,0,0,49,2,0,0
SUMTER HEALTH AND REHABILITATION,015042,1505 EAST 4TH AVENUE,YORK,SUMTER,84,1,13,3,65,75,10,0
PLANTATION MANOR NURSING HOME,015015,6450 OLD TUSCALOOSA HIGHWAY   P O BOX 97,MC CALLA,JEFFERSON,0,0,7,0,85,0,0,0
SHELBY RIDGE NURSING HOME,015411,881 3RD STREET NORTHEAST,ALABASTER,SHELBY,45,64,33,12,111,25,55,0
COLONIAL HAVEN CARE AND REHABILITATION CENTER,015396,616 ARMORY STREET,GREENSBORO,HALE,41,0,13,11,65,39,0,1
CHARLTON PLACE REHABILITATION AND HEALTHCARE CENTER,015460,65 CHARLTON PLACE,DEATSVILLE,ELMORE,6,1,0,0,47,13,0,0
GADSDEN HEALTH AND REHABILITATION CENTER,015180,1945 DAVIS DRIVE,GADSDEN,ETOWAH,66,102,13,7,116,27,16,0
TWIN OAKS REHABILITATION AND HEALTHCARE CENTER,015211,857 CRAWFORD LANE,MOBILE,MOBILE,20,0,1,1,107,43,5,0
AZALEA GARDENS OF MOBILE,015151,1758 SPRINGHILL AVE,MOBILE,MOBILE,27,2,7,1,88,20,5,0
CROWNE HEALTH CARE OF MONTGOMERY,015393,1837 UPPER WETUMPKA ROAD,MONTGOMERY,MONTGOMERY,29,2,28,2,141,18,5,0
TRUSSVILLE HEALTH AND REHABILITATION CENTER,015467,119 WATTERSON PARKWAY,TRUSSVILLE,JEFFERSON,15,0,11,3,107,2,10,0
GOODWATER HEALTHCARE CENTER,015204,16 JONES HILL ROAD,GOODWATER,COOSA,0,0,1,0,63,1,0,0
EASTVIEW REHABILITATION AND HEALTHCARE CENTER,015014,7755 FOURTH AVENUE SOUTH,BIRMINGHAM,JEFFERSON,16,4,5,0,71,26,1,0
ALBERTVILLE NURSING HOME,015163,750 ALABAMA HIGHWAY 75 NORTH,ALBERTVILLE,MARSHALL,65,37,33,13,142,51,30,0
BIRMINGHAM NURSING AND REHABILITATION CENTER EAST,015134,733 MARY VANN LANE,BIRMINGHAM,JEFFERSON,3,0,5,0,127,2,0,0
WASHINGTON COUNTY NURSING HOME,015123,14600 ST STEPHENS AVENUE,CHATOM,WASHINGTON,21,19,9,4,77,21,13,1
DIVERSICARE OF BESSEMER,015209,820 GOLF COURSE ROAD,BESSEMER,JEFFERSON,62,2,37,26,137,40,3,1
DIVERSICARE OF PELL CITY,015189,"510 WOLF CREEK ROAD, NORTH",PELL CITY,ST. CLAIR,79,2,16,11,48,38,3,0
DIVERSICARE OF OXFORD,015132,1130 SOUTH HALE STREET,OXFORD,CALHOUN,42,0,7,5,108,24,0,0
SUNSET MANOR,015149,251 SUNSET PLACE,GUIN,MARION,0,6,5,0,62,2,6,0
CROSSVILLE HEALTH AND REHABILITATION,015176,8922 HIGHWAY 227,CROSSVILLE,DEKALB,75,4,27,5,125,56,10,0
PHENIX CITY HEALTH CARE,015331,3900 LAKEWOOD DRIVE,PHENIX CITY,RUSSELL,0,0,5,0,75,15,1,0
HENRY COUNTY HEALTH AND REHABILITATION FACILITY,015373,212 DOTHAN ROAD,ABBEVILLE,HENRY,23,70,29,5,82,25,62,0
SELF HEALTH CARE AND REHABILITATION CENTER,015212,131 EAST CREST ROAD,HUEYTOWN,JEFFERSON,2,1,7,0,64,4,6,0
LUVERNE HEALTH AND REHABILITATION,015336,142 WEST THIRD STREET,LUVERNE,CRENSHAW,73,15,37,14,105,48,27,0
CAMDEN NURSING FACILITY,015374,210 PONDEROSA DRIVE,CAMDEN,WILCOX,29,4,10,6,50,28,9,0
SOUTH HAMPTON NURSING AND REHABILITATION CENTER,015448,213 WILSON MANN ROAD,OWENS CROSS ROADS,MADISON,0,1,3,0,61,1,5,0
COTTAGE OF THE SHOALS,015067,500 JOHN ALDRIDGE DRIVE,TUSCUMBIA,COLBERT,17,7,8,1,64,21,18,0
WETUMPKA HEALTH AND REHABILITATION,015027,1825 HOLTVILLE ROAD,WETUMPKA,ELMORE,45,3,27,4,98,32,5,0
AHAVA HEALTHCARE OF ALABASTER,015144,"850 9TH STREET, NORTHWEST",ALABASTER,SHELBY,13,4,0,0,144,10,17,0
CROWNE HEALTH CARE OF THOMASVILLE,015220,1425 MOSLEY DRIVE,THOMASVILLE,CLARKE,4,1,3,0,69,12,0,0
ASPIRE PHYSICAL RECOVERY CENTER OF WEST ALABAMA,015465,2400 HOSPITAL DRIVE,NORTHPORT,TUSCALOOSA,2,0,5,0,57,5,12,0
MERRY WOOD LODGE,015019,P O BOX 130,ELMORE,ELMORE,55,40,17,5,75,49,13,0
MCGUFFEY HEALTH AND REHABILITATION CENTER,015202,2301 RAINBOW DRIVE,GADSDEN,ETOWAH,5,19,18,0,156,7,46,0
OAKS ON PARKWOOD SKILLED NURSING FACILITY,015369,2625 LAUREL OAK DRIVE,BESSEMER,JEFFERSON,3,0,38,1,121,6,6,0
TALLASSEE HEALTH AND REHABILITATION,015139,2639 GILMER AVENUE  P O BOX 780277,TALLASSEE,ELMORE,3,0,18,0,85,11,8,0
LONGLEAF HEALTH AND REHABILITATION,015469,1300 E SOUTH BLVD,MONTGOMERY,MONTGOMERY,0,0,0,0,0,0,0,0
OAKVIEW MANOR HEALTH CARE CENTER,015216,929 MIXON SCHOOL ROAD,OZARK,DALE,72,21,29,17,96,34,41,0
"FOLSOM CENTER FOR REHABILITATION AND HEALTHCARE, T",015437,401 ARNOLD STREET N.E.,CULLMAN,CULLMAN,4,26,23,0,77,12,62,0
GREENBRIAR AT THE ALTAMONT SKILLED NURSING FACILIT,015446,2831 HIGHLAND AVENUE SOUTH,BIRMINGHAM,JEFFERSON,25,0,9,5,71,32,0,0
BURNS NURSING HOME,015009,701 MONROE STREET NW,RUSSELLVILLE,FRANKLIN,45,1,6,5,53,38,14,0
FAIR HAVEN,015076,1424 MONTCLAIR ROAD,BIRMINGHAM,JEFFERSON,28,1,31,3,209,15,1,0
NORTHWAY HEALTH AND REHABILITATION,015047,1424 NORTH 25TH STREET,BIRMINGHAM,JEFFERSON,8,5,7,0,104,6,3,0
RIDGEVIEW HEALTH SERVICES,015155,"907 11TH STREET, NE",JASPER,WALKER,106,48,40,20,82,90,65,0
SENIOR REHABILITATION AND RECOVERY AT LIMESTONE HEALTH FACILI,015024,1600 WEST HOBBS STREET,ATHENS,LIMESTONE,77,59,54,11,111,31,47,0
OPP HEALTH AND REHABILITATION,015210,115 PAULK AVENUE  P O BOX 730,OPP,COVINGTON,79,4,36,16,135,40,5,0
SHADESCREST HEALTH CARE CENTER,015114,331 WEST 25TH STREET,JASPER,WALKER,21,9,10,3,85,24,45,0
SPRINGHILL SENIOR RESIDENCE,015435,3717 DAUPHIN STREET,MOBILE,MOBILE,0,27,11,0,69,4,62,0
LEGACY HEALTH AND REHABILITATION OF PLEASANT GROVE,015461,30 7TH STREET,PLEASANT GROVE,JEFFERSON,1,32,10,0,120,6,12,1
CYPRESS COVE CARE CENTER,015392,200 ALABAMA AVENUE,MUSCLE SHOALS,COLBERT,26,6,8,0,75,20,5,0
GLENWOOD CENTER,015147,211 ANA DRIVE,FLORENCE,LAUDERDALE,10,5,16,0,98,5,22,0
BIRMINGHAM NURSING AND REHABILITATION CENTER,015217,1000 DUGAN AVENUE,BIRMINGHAM,JEFFERSON,2,13,10,0,131,4,14,0
CROWNE HEALTH CARE OF CITRONELLE,015121,19225 NORTH 4TH STREET,CITRONELLE,MOBILE,46,2,12,5,55,42,1,1
MONROE MANOR HEALTH AND REHABILITATION CENTER,015398,236 WEST CLAIBORNE STREET,MONROEVILLE,MONROE,40,11,5,3,64,46,23,0
NORTH HILL NURSING AND REHABILITATION CENTER,015091,200 NORTH PINE HILL ROAD,BIRMINGHAM,JEFFERSON,15,16,17,6,171,7,4,0
HANCEVILLE NURSING AND REHABILITATION CENTER,015073,420 MAIN STREET NE,HANCEVILLE,CULLMAN,27,24,14,3,174,14,16,0
GEORGIANA HEALTH AND REHABILITATION,015182,206 PALMER AVENUE,GEORGIANA,BUTLER,29,1,10,2,74,9,4,0
HATLEY HEALTH CARE,015023,300 MEDICAL CENTER DRIVE,CLANTON,CHILTON,1,19,6,0,123,5,34,0
DECATUR HEALTH AND REHABILITATION CENTER,015206,2326 MORGAN AVENUE SOUTHWEST,DECATUR,MORGAN,58,82,15,9,62,32,19,0
GULF COAST HEALTH AND REHABILITATION,015456,8002 GRELOT ROAD,MOBILE,MOBILE,20,12,7,1,68,20,2,0
HILLVIEW TERRACE,015436,100 PERRY HILL RD,MONTGOMERY,MONTGOMERY,51,7,36,11,125,39,0,0
GREENE COUNTY NURSING HOME,015178,509 WILSON AVE,EUTAW,GREENE,22,0,12,12,39,3,0,0
COLUMBIANA HEALTH AND REHABILITATION,015453,22969 HIGHWAY 25,COLUMBIANA,SHELBY,48,18,21,10,51,39,10,0
GENERATIONS OF VERNON,015227,1050 CONVALESCENT ROAD,VERNON,LAMAR,8,8,0,0,110,21,29,0
ELBA NURSING AND REHABILITATION CENTER,015083,987 DRAYTON STREET,ELBA,COFFEE,18,8,13,1,102,6,9,0
HERITAGE HEALTH CARE AND REHABILITATION,015371,1101 SNOWS MILL AVENUE,TUSCALOOSA,TUSCALOOSA,2,31,23,3,141,13,24,0
ARLINGTON REHABILITATION AND HEALTHCARE CENTER,015153,"1020 TUSCALOOSA AVENUE, SW",BIRMINGHAM,JEFFERSON,57,0,12,7,86,31,3,0
MONTROSE BAY HEALTH AND REHABILITATION,015447,22670 MAIN STREET,FAIRHOPE,BALDWIN,0,0,0,0,61,3,0,0
PRATTVILLE HEALTH AND REHABILITATION,015065,601 JASMINE TRAIL,PRATTVILLE,AUTAUGA,20,11,22,2,115,29,15,0
HARTFORD HEALTH CARE,015419,217 TORO ROAD,HARTFORD,GENEVA,8,1,1,0,78,7,1,0
MOUNT ROYAL TOWERS,015455,300 ROYAL TOWER DRIVE,BIRMINGHAM,JEFFERSON,1,1,8,0,114,8,7,0
"NHC HEALTHCARE, ANNISTON",015120,2300 COLEMAN RD,ANNISTON,CALHOUN,7,12,49,0,128,19,62,0
OZARK HEALTH AND REHABILITATION,015208,312 BRYAN DRIVE,OZARK,DALE,76,1,30,12,105,60,3,0
NORTHSIDE HEALTH CARE,015223,700 HUTCHINS AVENUE,GADSDEN,ETOWAH,33,4,3,1,80,27,7,0
SOUTH HEALTH AND REHABILITATION,015097,1220 SOUTH 17TH STREET,BIRMINGHAM,JEFFERSON,45,1,4,2,55,42,3,1
CLOVERDALE REHABILITATION AND NURSING CENTER,015184,412 CLOVERDALE ROAD,SCOTTSBORO,JACKSON,3,5,21,0,122,3,47,0
LYNWOOD NURSING HOME,015434,4164 HALLS MILL ROAD,MOBILE,MOBILE,55,0,20,18,85,38,10,0
WOODHAVEN MANOR NURSING HOME,015177,105 WEST WINDSOR ST,DEMOPOLIS,MARENGO,10,14,4,1,61,7,16,0
GALLERIA WOODS SKILLED NURSING FACILITY,015459,3850 GALLERIA WOODS DRIVE,BIRMINGHAM,JEFFERSON,0,0,2,0,28,5,0,0
CAREGIVERS OF PLEASANT GROVE,015044,700 FIRST AVENUE,PLEASANT GROVE,JEFFERSON,32,21,15,11,47,8,3,0
JACKSONVILLE HEALTH AND REHABILITATION,015391,410 WILSON DRIVE SOUTHWEST,JACKSONVILLE,CALHOUN,72,8,25,11,129,45,6,0
WEST HILL HEALTH AND REHABILITATION,015303,1028 BESSEMER RD,BIRMINGHAM,JEFFERSON,59,1,12,1,58,23,0,0
MAGNOLIA RIDGE,015133,420 DEAN DRIVE,GARDENDALE,JEFFERSON,26,1,9,0,116,16,0,0
TERRACE OAKS CARE AND REHABILITATION CENTER,015060,4201 BESSEMER SUPER HIGHWAY,BESSEMER,JEFFERSON,6,0,0,0,55,17,0,0
WESTSIDE TERRACE HEALTH AND REHABILITATION CENTER,015425,501 NORTH WOODBURN DRIVE,DOTHAN,HOUSTON,6,12,10,0,135,11,16,0
BARFIELD HEALTH CARE,015225,22444 HIGHWAY 431,GUNTERSVILLE,MARSHALL,0,9,31,0,107,1,40,0
LAFAYETTE EXTENDED CARE,015197,805 HOSPITAL STREET SOUTHWEST,LAFAYETTE,CHAMBERS,0,0,2,1,55,1,1,0
MARION REGIONAL NURSING HOME,015167,184 SASSER DRIVE,HAMILTON,MARION,34,37,19,7,57,26,58,1
REGENCY HEALTH CARE AND REHABILITATION CENTER,015372,"2061 POOLE DRIVE, NW",HUNTSVILLE,MADISON,1,2,0,0,58,1,2,0
LAUDERDALE CHRISTIAN NURSING HOME,015361,2019 COUNTY ROAD 394,KILLEN,LAUDERDALE,10,6,6,0,50,5,10,0
EXTENDICARE HEALTH CENTER,015152,950 SOUTH ST. ANDREWS STREET,DOTHAN,HOUSTON,54,69,40,9,114,37,76,0
MAGNOLIA HAVEN HEALTH AND REHABILITATION CENTER,015112,603 WRIGHT STREET,TUSKEGEE,MACON,,,,,,,,
ASHLAND PLACE HEALTH AND REHABILITATION,015103,148 TUSCALOOSA ST,MOBILE,MOBILE,82,19,33,21,100,26,5,0
COOSA VALLEY HEALTH AND REHABILITATION,015174,513 PINEVIEW AVENUE,GLENCOE,ETOWAH,45,51,11,6,92,32,33,0
CUMBERLAND HEALTH AND REHABILITATION,015420,47065 AL HIGHWAY 277,BRIDGEPORT,JACKSON,1,0,4,0,80,6,12,0
GENERATIONS OF RED BAY,015201,106 TENTH AVENUE NORTHWEST,RED BAY,FRANKLIN,1,12,9,0,60,4,50,0
FAIRVIEW AT REDSTONE VILLAGE,015454,12000 TURNMEYER DRIVE,HUNTSVILLE,MADISON,6,2,7,0,46,2,12,0
WINDSOR HOUSE,015397,4411 MCALLISTER DRIVE,HUNTSVILLE,MADISON,24,0,4,0,101,32,1,0
EAMC LANIER NURSING HOME,015045,4800 48TH STREET,VALLEY,CHAMBERS,0,34,16,0,89,10,74,0
DIVERSICARE OF RIVERCHASE,015145,2500 RIVERHAVEN DRIVE,BIRMINGHAM,JEFFERSON,61,26,16,13,99,33,11,0
TROY HEALTH AND REHABILITATION CENTER,015213,515 ELBA HIGHWAY,TROY,PIKE,24,45,13,3,137,12,35,0
OAK TRACE CARE AND REHABILITATION CENTER,015050,325 SELMA ROAD,BESSEMER,JEFFERSON,9,0,8,1,67,16,0,0
DIVERSICARE OF WINFIELD,015376,144 COUNTY HWY 14,WINFIELD,MARION,72,17,23,15,92,39,19,1
CULLMAN HEALTH CARE CENTER,015048,1607 MAIN AVE NE,CULLMAN,CULLMAN,0,0,6,0,76,1,35,0
LINEVILLE HEALTH AND REHABILITATION,015142,88073 HIGHWAY 9,LINEVILLE,CLAY,1,8,9,0,95,6,17,0
WESLEY PLACE ON HONEYSUCKLE,015175,718 HONEYSUCKLE ROAD,DOTHAN,HOUSTON,31,4,17,9,138,35,20,0
VALLEY VIEW HEALTH AND REHABILITATION,015431,5968 WALL TRIANA HIGHWAY,MADISON,MADISON,11,3,11,1,123,11,14,0
DIVERSICARE OF BIG SPRINGS,015111,500 ST. CLAIR AVENUE SOUTHWEST,HUNTSVILLE,MADISON,42,4,3,3,94,25,7,0
CROWNE HEALTH CARE OF EUFAULA,015199,430 RIVERS AVENUE,EUFAULA,BARBOUR,49,24,16,3,137,19,24,0
ASPIRE PHYSICAL RECOVERY CENTER AT CAHABA RIVER,015468,3070 HEALTHY WAY,VESTAVIA,JEFFERSON,5,1,18,0,78,6,2,0
ATTALLA HEALTH AND REHABILITATION,015203,915 STEWART AVENUE SOUTHEAST,ATTALLA,ETOWAH,41,0,15,5,68,58,13,0
NORTH MOBILE NURSING AND REHABILITATION CENTER,015183,4525 ST STEPHENS ROAD,EIGHT MILE,MOBILE,45,36,22,13,128,39,26,0
CANTERBURY HEALTH CARE FACILITY,015382,1720 KNOWLES ROAD,PHENIX CITY,RUSSELL,20,0,12,2,93,23,0,0
BROWN NURSING HOME,015191,2334 WASHINGTON STREET,ALEXANDER CITY,TALLAPOOSA,2,7,5,0,64,1,15,0
SIGNATURE HEALTHCARE OF WHITESBURG GARDENS,015116,105 TEAKWOOD DRIVE SW,HUNTSVILLE,MADISON,53,2,8,6,109,24,0,0
SOUTHLAND NURSING HOME,015104,500 SHIVERS TERRACE,MARION,PERRY,,,,,,,,
BROOKDALE UNIVERSITY PARK SNF (AL),015423,501 UNIVERSITY PARK DRIVE,BIRMINGHAM,JEFFERSON,5,2,18,0,38,9,15,0
CHERRY HILL REHABILITATION AND HEALTHCARE CENTER,015445,1250 JEFF GERMANY PARKWAY,BIRMINGHAM,JEFFERSON,,,,,,,,
COLLINSVILLE HEALTHCARE AND REHABILITATION,015207,685 NORTH VALLEY AVE,COLLINSVILLE,DEKALB,1,11,12,0,152,14,29,1
COOSA VALLEY HEALTHCARE CENTER,015010,260 WEST WALNUT STREET,SYLACAUGA,TALLADEGA,0,32,0,0,70,4,37,0
CHOCTAW HEALTH AND REHABILITATION,015164,1406 EAST PUSHMATAHA STREET,BUTLER,CHOCTAW,46,50,14,9,51,22,24,0
CIVIC CENTER HEALTH AND REHABILITATION,015109,1201 22ND STREET NORTH,BIRMINGHAM,JEFFERSON,0,4,10,0,85,2,2,0
TLC NURSING CENTER,015422,212 ELLEN STREET,ONEONTA,BLOUNT,33,7,18,6,78,10,0,0
SPRINGHILL MANOR NURSING HOME,015415,3900 OLD SHELL ROAD,MOBILE,MOBILE,3,2,2,0,27,5,2,0
OAK KNOLL HEALTH AND REHABILITATION,015117,824 SIXTH AVENUE WEST,BIRMINGHAM,JEFFERSON,2,10,5,0,91,5,0,0
CLEBURNE COUNTY NURSING HOME,015053,122 BROCKFORD ROAD,HEFLIN,CLEBURNE,,,,,,,,
FLORALA HEALTH AND REHABILITATION,015451,23621 GOLDENROD AVENUE,FLORALA,COVINGTON,5,0,8,0,71,6,1,0
DIVERSICARE OF LANETT,015196,702 SOUTH 13TH STREET,LANETT,CHAMBERS,3,1,31,0,74,12,6,0
CRIMSON HEALTH AND REHABILITATION,015037,3312 WOODLEY ROAD,MONTGOMERY,MONTGOMERY,2,0,2,0,44,8,0,0
GRAND BAY CONVALESCENT HOME,015406,13750 HIGHWAY 90 WEST P.O. BOX 328,GRAND BAY,MOBILE,0,2,6,0,63,11,0,0
PALM GARDENS HEALTH AND REHABILITATION,015403,3104 DAUPHIN SQUARE CONNECTOR,MOBILE,MOBILE,40,5,20,5,67,31,6,0
TERRACE MANOR NURSING AND REHABILITATION CENTER,015066,390 UNDERWOOD ROAD,RUSSELLVILLE,FRANKLIN,0,3,3,0,51,0,18,0
DIVERSICARE OF BOAZ,015063,600 CORLEY AVENUE,BOAZ,MARSHALL,7,0,6,0,91,13,0,0
ST MARTIN'S IN THE PINES,015433,4941 MONTEVALLO ROAD,BIRMINGHAM,JEFFERSON,3,0,13,0,95,19,0,0
ORCHARD REHABILITATION AND HEALTHCARE CENTER,015442,629 STATE HIGHWAY 21 SOUTH,HAYNEVILLE,LOWNDES,5,0,3,3,54,15,0,0
CORDOVA HEALTH AND REHABILITATION,015115,70 HIGHLAND STREET WEST,CORDOVA,WALKER,13,5,19,3,102,3,22,0
MONTGOMERY CHILDREN'S SPECIALTY CENTER,01A208,2853 FORBES DRIVE,MONTGOMERY,MONTGOMERY,1,0,0,0,45,8,1,0
SUMMERFORD NURSING HOME,015075,4087 HIGHWAY 31 SOUTHWEST,FALKVILLE,MORGAN,6,26,38,0,190,17,101,0
PARK PLACE,015084,100 PARK PLACE,SELMA,DALLAS,42,0,11,11,79,45,0,0
HIGHLANDS HEALTH AND REHABILITATION,015012,380 WOODS COVE ROAD,SCOTTSBORO,JACKSON,2,32,9,0,43,3,30,0
MONTGOMERY HEALTH AND REHABILITATION,015228,4490 VIRGINIA LOOP ROAD,MONTGOMERY,MONTGOMERY,17,3,4,0,72,17,14,0
SOUTHERN SPRINGS HEALTHCARE FACILITY,015171,745 SOUTHERN SPRINGS ROAD,UNION SPRINGS,BULLOCK,57,42,13,10,90,42,6,0
WILLOWBROOKE CT SKILLED CARE CENTER WESTMINSTER VLG,015381,500 SPANISH FORT BLVD,SPANISH FORT,BALDWIN,8,0,10,1,31,10,2,0
ARBOR WOODS HEALTH AND REHABILITATION,015141,515 2ND AVENUE NORTHWEST,REFORM,PICKENS,0,0,1,0,55,1,0,0
CHEROKEE COUNTY HEALTH AND REHABILITATION CENTER,015200,877 CEDAR BLUFF ROAD,CENTRE,CHEROKEE,43,3,27,8,140,27,2,0
SELMA HEALTH AND REHABILITATION,015119,11 BELL ROAD,SELMA,DALLAS,46,9,2,0,106,20,5,0
BARON HOUSE OF HUEYTOWN,015404,190 BROOKLANE DRIVE,HUEYTOWN,JEFFERSON,3,0,17,11,28,23,23,0
GLEN HAVEN HEALTH AND REHABILITATION,015186,2201 32ND STREET,NORTHPORT,TUSCALOOSA,30,13,23,5,146,38,6,1
HIGHLANDS HEALTH AND REHABILITATION,015012,380 WOODS COVE ROAD,SCOTTSBORO,JACKSON,2,32,10,0,41,3,32,0
"NHC HEALTHCARE, MOULTON",015128,300 HOSPITAL STREET,MOULTON,LAWRENCE,24,1,4,3,100,16,1,0
EASTERN SHORE REHABILITATION AND HEALTH CENTER,015049,"101 VILLA DRIVE, P O BOX 1090",DAPHNE,BALDWIN,4,28,29,0,77,10,11,0
SELMA HEALTH AND REHABILITATION,015119,11 BELL ROAD,SELMA,DALLAS,52,11,2,0,106,24,5,0
ENGLEWOOD HEALTH CARE CENTER,015322,2046 SOUTH ALABAMA AVE,MONROEVILLE,MONROE,25,5,10,3,65,20,9,0
GENERATIONS OF RED BAY,015201,106 TENTH AVENUE NORTHWEST,RED BAY,FRANKLIN,1,12,9,0,60,4,52,0
ALLEN HEALTH AND REHABILITATION,015098,735 SOUTH WASHINGTON AVENUE,MOBILE,MOBILE,31,26,8,4,73,36,6,0
SUMMERFORD NURSING HOME,015075,4087 HIGHWAY 31 SOUTHWEST,FALKVILLE,MORGAN,6,27,38,0,192,18,107,0
ASPIRE PHYSICAL RECOVERY CENTER AT CAHABA RIVER,015468,3070 HEALTHY WAY,VESTAVIA,JEFFERSON,7,1,19,0,84,10,2,0
MADISON MANOR NURSING HOME,015214,3891 SULLIVAN ST,MADISON,MADISON,0,7,8,0,66,5,12,0
RIDGEVIEW HEALTH SERVICES,015155,"907 11TH STREET, NE",JASPER,WALKER,106,48,41,20,87,90,66,0
CHEROKEE COUNTY HEALTH AND REHABILITATION CENTER,015200,877 CEDAR BLUFF ROAD,CENTRE,CHEROKEE,47,3,30,8,133,37,2,0
BARFIELD HEALTH CARE,015225,22444 HIGHWAY 431,GUNTERSVILLE,MARSHALL,0,9,32,0,107,1,41,0
CLOVERDALE REHABILITATION AND NURSING CENTER,015184,412 CLOVERDALE ROAD,SCOTTSBORO,JACKSON,24,14,21,0,121,9,59,0
DIVERSICARE OF BOAZ,015063,600 CORLEY AVENUE,BOAZ,MARSHALL,8,0,6,0,93,14,0,0
ORCHARD REHABILITATION AND HEALTHCARE CENTER,015442,629 STATE HIGHWAY 21 SOUTH,HAYNEVILLE,LOWNDES,8,0,3,3,54,18,0,0
LYNWOOD NURSING HOME,015434,4164 HALLS MILL ROAD,MOBILE,MOBILE,55,0,20,18,84,38,10,0
ST MARTIN'S IN THE PINES,015433,4941 MONTEVALLO ROAD,BIRMINGHAM,JEFFERSON,3,0,14,0,97,19,0,0
"NHC HEALTHCARE, ANNISTON",015120,2300 COLEMAN RD,ANNISTON,CALHOUN,9,16,50,0,133,19,67,0
EAST GLEN,015388,53 MEDICAL PARK DRIVE EAST,BIRMINGHAM,JEFFERSON,0,0,0,0,99,3,5,0
ROANOKE REHABILITATION AND HEALTHCARE CENTER,015424,680 SEYMOUR DRIVE,ROANOKE,RANDOLPH,38,11,6,6,46,34,8,0
GOODWATER HEALTHCARE CENTER,015204,16 JONES HILL ROAD,GOODWATER,COOSA,0,0,1,0,61,1,0,0
TERRACE MANOR NURSING AND REHABILITATION CENTER,015066,390 UNDERWOOD ROAD,RUSSELLVILLE,FRANKLIN,0,3,4,0,49,2,24,0
GALLERIA WOODS SKILLED NURSING FACILITY,015459,3850 GALLERIA WOODS DRIVE,BIRMINGHAM,JEFFERSON,0,0,2,0,28,5,0,0
SUNSET MANOR,015149,251 SUNSET PLACE,GUIN,MARION,0,6,6,0,62,2,6,0
ARBOR SPRINGS HEALTH AND REHABILITATION CENTER,015192,1910 PEPPERELL PKWY,OPELIKA,LEE,69,0,59,19,106,60,2,0
CHARLTON PLACE REHABILITATION AND HEALTHCARE CENTER,015460,65 CHARLTON PLACE,DEATSVILLE,ELMORE,6,1,0,0,50,13,0,0
ATHENS HEALTH AND REHABILITATION,015016,611 WEST MARKET STREET,ATHENS,LIMESTONE,0,8,27,0,126,4,18,0
BARON HOUSE OF HUEYTOWN,015404,190 BROOKLANE DRIVE,HUEYTOWN,JEFFERSON,3,0,18,11,26,23,23,0
MOUNT ROYAL TOWERS,015455,300 ROYAL TOWER DRIVE,BIRMINGHAM,JEFFERSON,1,1,9,0,112,8,7,0
OAK KNOLL HEALTH AND REHABILITATION,015117,824 SIXTH AVENUE WEST,BIRMINGHAM,JEFFERSON,2,10,5,0,95,5,0,0
OZARK HEALTH AND REHABILITATION,015208,312 BRYAN DRIVE,OZARK,DALE,76,1,31,13,104,61,3,0
COLUMBIANA HEALTH AND REHABILITATION,015453,22969 HIGHWAY 25,COLUMBIANA,SHELBY,50,18,21,10,48,40,12,0
TWIN OAKS REHABILITATION AND HEALTHCARE CENTER,015211,857 CRAWFORD LANE,MOBILE,MOBILE,30,2,3,3,98,45,7,0
GADSDEN HEALTH AND REHABILITATION CENTER,015180,1945 DAVIS DRIVE,GADSDEN,ETOWAH,66,104,16,8,118,29,16,1
HILLVIEW TERRACE,015436,100 PERRY HILL RD,MONTGOMERY,MONTGOMERY,51,7,38,12,119,39,0,0
CHAPMAN HEALTHCARE CENTER,015221,3701 DADEVILLE ROAD,ALEXANDER CITY,TALLAPOOSA,6,0,10,1,146,4,0,0
TROY HEALTH AND REHABILITATION CENTER,015213,515 ELBA HIGHWAY,TROY,PIKE,24,45,13,3,137,12,35,0
COLLINSVILLE HEALTHCARE AND REHABILITATION,015207,685 NORTH VALLEY AVE,COLLINSVILLE,DEKALB,1,11,13,0,159,14,29,1
PLANTATION MANOR NURSING HOME,015015,6450 OLD TUSCALOOSA HIGHWAY   P O BOX 97,MC CALLA,JEFFERSON,0,0,7,0,85,0,0,0
GEORGIANA HEALTH AND REHABILITATION,015182,206 PALMER AVENUE,GEORGIANA,BUTLER,29,1,10,2,77,9,4,0
RUSSELLVILLE HEALTH CARE,015071,705 NORTHEAST GANDY STREET,RUSSELLVILLE,FRANKLIN,34,17,6,3,41,34,38,0
HENRY COUNTY HEALTH AND REHABILITATION FACILITY,015373,212 DOTHAN ROAD,ABBEVILLE,HENRY,25,70,29,5,83,26,62,0
WIREGRASS REHABILITATION CENTER AND NURSING HOME,015150,1200 MAPLE AVENUE WEST,GENEVA,GENEVA,0,2,8,0,90,4,18,0
ANDALUSIA MANOR,015416,670 MOORE RD,ANDALUSIA,COVINGTON,54,21,14,9,94,47,25,0
TRAYLOR RETIREMENT COMMUNITY,015126,1235 YANCEY STREET  P O BOX 467,ROANOKE,RANDOLPH,35,0,15,7,86,19,6,0
HANCEVILLE NURSING AND REHABILITATION CENTER,015073,420 MAIN STREET NE,HANCEVILLE,CULLMAN,27,25,15,3,174,14,16,0
CHOCTAW HEALTH AND REHABILITATION,015164,1406 EAST PUSHMATAHA STREET,BUTLER,CHOCTAW,46,50,14,9,52,22,24,0
MEADOWVIEW NURSING CENTER,015400,7300 OLD HIGHWAY 78 EAST,PELL CITY,ST. CLAIR,23,33,1,0,44,9,45,0
HERITAGE HEALTH CARE AND REHABILITATION,015371,1101 SNOWS MILL AVENUE,TUSCALOOSA,TUSCALOOSA,2,31,23,3,145,13,24,0
MITCHELL-HOLLINGSWORTH NURSING AND REHABILITATION,015031,805 FLAGG CIRCLE,FLORENCE,LAUDERDALE,12,47,22,0,174,23,75,0
BROOKDALE UNIVERSITY PARK SNF (AL),015423,501 UNIVERSITY PARK DRIVE,BIRMINGHAM,JEFFERSON,5,2,19,0,40,9,15,0
NORTH MOBILE NURSING AND REHABILITATION CENTER,015183,4525 ST STEPHENS ROAD,EIGHT MILE,MOBILE,45,36,22,13,127,39,26,0
FAIR HAVEN,015076,1424 MONTCLAIR ROAD,BIRMINGHAM,JEFFERSON,35,1,36,4,206,18,1,0
OPP HEALTH AND REHABILITATION,015210,115 PAULK AVENUE  P O BOX 730,OPP,COVINGTON,80,4,38,18,130,42,5,0
BROWN NURSING HOME,015191,2334 WASHINGTON STREET,ALEXANDER CITY,TALLAPOOSA,2,7,5,0,63,1,15,0
CLAY COUNTY NURSING HOME,015124,83825 HIGHWAY 9   P O BOX 1270,ASHLAND,CLAY,57,18,12,11,58,23,27,0
FAYETTE MEDICAL CENTER LONG TERM CARE UNIT,015154,1653 TEMPLE AVENUE NORTH,FAYETTE,FAYETTE,13,27,8,3,96,22,25,0
KELLER LANDING,015028,813 KELLER LANE,TUSCUMBIA,COLBERT,10,2,8,0,66,22,5,0
LAFAYETTE NURSING HOME,015414,555 B STREET SW,LAFAYETTE,CHAMBERS,4,0,5,0,48,2,1,0
WETUMPKA HEALTH AND REHABILITATION,015027,1825 HOLTVILLE ROAD,WETUMPKA,ELMORE,45,3,27,4,98,32,5,0
ROBERTSDALE REHABILITATION AND HEALTHCARE CENTER,015443,18700 U S HIGHWAY 90,ROBERTSDALE,BALDWIN,45,0,0,0,110,40,0,0
JACKSON HEALTH CARE FACILITY,015188,2616 NORTH COLLEGE AVENUE,JACKSON,CLARKE,0,9,16,0,70,9,25,0
SOUTHERN SPRINGS HEALTHCARE FACILITY,015171,745 SOUTHERN SPRINGS ROAD,UNION SPRINGS,BULLOCK,57,42,13,10,90,42,6,0
MARION REGIONAL NURSING HOME,015167,184 SASSER DRIVE,HAMILTON,MARION,34,37,20,7,57,27,59,1
LAFAYETTE EXTENDED CARE,015197,805 HOSPITAL STREET SOUTHWEST,LAFAYETTE,CHAMBERS,0,0,2,1,53,1,1,0
COTTAGE OF THE SHOALS,015067,500 JOHN ALDRIDGE DRIVE,TUSCUMBIA,COLBERT,17,7,8,1,64,22,18,0
SANCTUARY AT THE WOODLANDS,015471,1910 CHEROKEE  AVENUE SW,CULLMAN,CULLMAN,,,,,,,,
EVERGREEN NURSING HOME,015089,100 SANDERS DRIVE,EVERGREEN,CONECUH,41,0,7,6,47,21,0,0
DIVERSICARE OF FOLEY,015032,1701 NORTH ALSTON STREET,FOLEY,BALDWIN,53,1,7,4,90,74,7,1
SOUTHLAND NURSING HOME,015104,500 SHIVERS TERRACE,MARION,PERRY,,,,,,,,
WILLOWBROOKE CT SKILLED CARE CENTER WESTMINSTER VLG,015381,500 SPANISH FORT BLVD,SPANISH FORT,BALDWIN,8,0,10,1,32,12,2,0
WEST HILL HEALTH AND REHABILITATION,015303,1028 BESSEMER RD,BIRMINGHAM,JEFFERSON,61,1,12,1,59,23,0,0
DIVERSICARE OF LANETT,015196,702 SOUTH 13TH STREET,LANETT,CHAMBERS,3,1,33,0,74,15,6,0
MOBILE NURSING AND REHABILITATION CENTER,015379,7020 BRUNS DRIVE,MOBILE,MOBILE,38,17,1,0,92,25,10,0
FATHER PURCELL MEMORIAL EXCEPTIONAL CHILDREN'S CENTER,01A193,2048 W FAIRVIEW AVE,MONTGOMERY,MONTGOMERY,10,0,0,0,46,4,0,0
OAK PARK,015452,1365 GATEWOOD DRIVE,AUBURN,LEE,0,6,6,0,78,3,19,0
CAPITOL HILL HEALTHCARE CENTER,015390,520 SOUTH HULL STREET,MONTGOMERY,MONTGOMERY,63,32,31,15,197,31,28,1
TALLADEGA HEALTHCARE CENTER,015162,616 CHAFFEE STREET,TALLADEGA,TALLADEGA,107,204,8,4,171,44,59,0
DIVERSICARE OF PELL CITY,015189,"510 WOLF CREEK ROAD, NORTH",PELL CITY,ST. CLAIR,79,2,19,14,51,40,3,0
EASTVIEW REHABILITATION AND HEALTHCARE CENTER,015014,7755 FOURTH AVENUE SOUTH,BIRMINGHAM,JEFFERSON,16,4,6,0,71,26,1,0
NORTHSIDE HEALTH CARE,015223,700 HUTCHINS AVENUE,GADSDEN,ETOWAH,34,4,3,1,84,39,7,0
DIVERSICARE OF MONTGOMERY,015040,2020 NORTH COUNTRY CLUB DRIVE,MONTGOMERY,MONTGOMERY,66,1,14,11,86,30,15,0
EAST ALABAMA MEDICAL CENTER SKILLED NURSING FACILI,015410,2000 PEPPERELL PARKWAY,OPELIKA,LEE,3,1,4,0,16,2,7,0
OAKWOOD-NORTH BALDWIN'S CENTER FOR LIVING,015417,2010 MEDICAL CENTER DRIVE,BAY MINETTE,BALDWIN,22,12,5,3,64,11,34,0
PARKWOOD HEALTH CARE FACILITY,015179,3301 STADIUM DRIVE,PHENIX CITY,RUSSELL,2,3,23,0,65,12,10,0
SHELBY RIDGE NURSING HOME,015411,881 3RD STREET NORTHEAST,ALABASTER,SHELBY,46,64,35,12,111,26,56,0
VILLAGE AT COOK SPRINGS SKILLED NURSING FACILITY,015195,415 COOK SPRINGS,PELL CITY,ST. CLAIR,64,11,25,17,85,24,36,0
RIVER CITY CENTER,015113,1350 FOURTEENTH AVENUE SOUTHEAST,DECATUR,MORGAN,48,9,18,0,128,28,1,0
DADEVILLE HEALTHCARE CENTER,015166,351 NORTH EAST STREET,DADEVILLE,TALLAPOOSA,54,2,15,6,80,20,1,0
SUMTER HEALTH AND REHABILITATION,015042,1505 EAST 4TH AVENUE,YORK,SUMTER,84,1,13,3,68,75,10,0
FLORALA HEALTH AND REHABILITATION,015451,23621 GOLDENROD AVENUE,FLORALA,COVINGTON,6,0,9,1,72,7,1,0
GLENWOOD CENTER,015147,211 ANA DRIVE,FLORENCE,LAUDERDALE,10,5,17,0,96,5,22,0
HENDRIX HEALTH AND REHABILITATION,015138,1000 HIGHWAY 33,DOUBLE SPRINGS,WINSTON,40,8,21,2,88,19,12,0
DIVERSICARE OF BESSEMER,015209,820 GOLF COURSE ROAD,BESSEMER,JEFFERSON,65,2,38,26,127,41,3,1
KIRKWOOD BY THE RIVER,015457,3605 RATLIFF ROAD,BIRMINGHAM,JEFFERSON,15,0,7,7,37,10,0,0
ALBERTVILLE NURSING HOME,015163,750 ALABAMA HIGHWAY 75 NORTH,ALBERTVILLE,MARSHALL,65,37,33,13,148,53,30,0
MONROE MANOR HEALTH AND REHABILITATION CENTER,015398,236 WEST CLAIBORNE STREET,MONROEVILLE,MONROE,42,11,6,4,64,49,23,0
BURNS NURSING HOME,015009,701 MONROE STREET NW,RUSSELLVILLE,FRANKLIN,47,1,6,5,55,39,14,0
CYPRESS COVE CARE CENTER,015392,200 ALABAMA AVENUE,MUSCLE SHOALS,COLBERT,26,6,9,0,72,20,5,0
GREENE COUNTY NURSING HOME,015178,509 WILSON AVE,EUTAW,GREENE,22,0,12,12,39,4,0,0
GULF COAST HEALTH AND REHABILITATION,015456,8002 GRELOT ROAD,MOBILE,MOBILE,20,12,7,1,71,20,2,0
TLC NURSING CENTER,015422,212 ELLEN STREET,ONEONTA,BLOUNT,47,7,22,10,71,21,0,0
COOSA VALLEY HEALTHCARE CENTER,015010,260 WEST WALNUT STREET,SYLACAUGA,TALLADEGA,0,32,0,0,70,4,37,0
JACKSONVILLE HEALTH AND REHABILITATION,015391,410 WILSON DRIVE SOUTHWEST,JACKSONVILLE,CALHOUN,73,8,27,13,126,46,6,0
CROWNE HEALTH CARE OF CITRONELLE,015121,19225 NORTH 4TH STREET,CITRONELLE,MOBILE,46,2,12,5,55,42,1,1
SPRINGHILL SENIOR RESIDENCE,015435,3717 DAUPHIN STREET,MOBILE,MOBILE,0,27,13,0,65,4,62,0
SENIOR REHABILITATION AND RECOVERY AT LIMESTONE HEALTH FACILI,015024,1600 WEST HOBBS STREET,ATHENS,LIMESTONE,77,59,54,11,107,31,47,0
OAK TRACE CARE AND REHABILITATION CENTER,015050,325 SELMA ROAD,BESSEMER,JEFFERSON,11,0,8,1,67,16,0,0
DIVERSICARE OF RIVERCHASE,015145,2500 RIVERHAVEN DRIVE,BIRMINGHAM,JEFFERSON,61,26,16,13,96,33,11,0
CROWNE HEALTH CARE OF SPRINGHILL,015426,3712 DAUPHIN ST,MOBILE,MOBILE,2,0,1,0,22,4,0,0
FLORENCE NURSING AND REHABILITATION CENTER,015169,2107 CLOYD BLVD,FLORENCE,LAUDERDALE,58,29,37,12,135,47,20,0
LITTLE SISTERS OF THE POOR SACRED HEART RESIDENCE,015168,1655 MCGILL AVENUE,MOBILE,MOBILE,19,1,6,1,64,45,1,0
HARTFORD HEALTH CARE,015419,217 TORO ROAD,HARTFORD,GENEVA,9,1,1,0,80,7,1,0
WESLEY PLACE ON HONEYSUCKLE,015175,718 HONEYSUCKLE ROAD,DOTHAN,HOUSTON,31,4,17,9,140,35,20,0
FOREST MANOR HEALTH AND REHABILITATION,015143,2215 32ND STREET,NORTHPORT,TUSCALOOSA,52,25,26,12,134,35,36,1
ELBA NURSING AND REHABILITATION CENTER,015083,987 DRAYTON STREET,ELBA,COFFEE,18,8,14,2,101,8,10,0
ARLINGTON REHABILITATION AND HEALTHCARE CENTER,015153,"1020 TUSCALOOSA AVENUE, SW",BIRMINGHAM,JEFFERSON,61,0,13,8,85,34,3,0
DIVERSICARE OF BIG SPRINGS,015111,500 ST. CLAIR AVENUE SOUTHWEST,HUNTSVILLE,MADISON,55,4,6,6,97,27,7,0
CROWNE HEALTH CARE OF EUFAULA,015199,430 RIVERS AVENUE,EUFAULA,BARBOUR,56,24,17,3,136,19,24,0
MAGNOLIA HAVEN HEALTH AND REHABILITATION CENTER,015112,603 WRIGHT STREET,TUSKEGEE,MACON,,,,,,,,
NORTHWAY HEALTH AND REHABILITATION,015047,1424 NORTH 25TH STREET,BIRMINGHAM,JEFFERSON,8,5,7,0,102,7,3,0
WOODLAND VILLAGE REHABILITATION AND HEALTHCARE CENTER,015383,1900 OLIVE STREET,CULLMAN,CULLMAN,3,13,38,1,115,4,30,0
OAKS ON PARKWOOD SKILLED NURSING FACILITY,015369,2625 LAUREL OAK DRIVE,BESSEMER,JEFFERSON,5,0,38,1,118,8,6,0
RIDGEWOOD HEALTH SERVICES,015315,201 OAKHILL ROAD,JASPER,WALKER,13,1,20,1,84,22,0,0
CULLMAN HEALTH CARE CENTER,015048,1607 MAIN AVE NE,CULLMAN,CULLMAN,0,0,6,0,77,1,35,0
FALKVILLE HEALTH CARE CENTER,015136,10 WEST 3RD STREET  PO BOX 409,FALKVILLE,MORGAN,70,21,11,10,76,32,22,0
EXTENDICARE HEALTH CENTER,015152,950 SOUTH ST. ANDREWS STREET,DOTHAN,HOUSTON,56,71,45,13,110,38,79,0
GLEN HAVEN HEALTH AND REHABILITATION,015186,2201 32ND STREET,NORTHPORT,TUSCALOOSA,31,13,25,6,150,38,6,1
PERRY COUNTY NURSING HOME,015158,505 EAST LAFAYETTE STREET,MARION,PERRY,37,1,5,2,54,34,12,0
WINDSOR HOUSE,015397,4411 MCALLISTER DRIVE,HUNTSVILLE,MADISON,25,0,6,0,98,35,1,0
ASPIRE PHYSICAL RECOVERY CENTER OF WEST ALABAMA,015465,2400 HOSPITAL DRIVE,NORTHPORT,TUSCALOOSA,2,0,5,0,54,5,12,0
MARSHALL MANOR NURSING HOME,015378,3120 NORTH STREET,GUNTERSVILLE,MARSHALL,1,2,15,0,73,11,9,0
ADAMS NURSING HOME,015386,1555 HILLABEE STREET,ALEXANDER CITY,TALLAPOOSA,0,5,3,0,58,2,6,0
CAMDEN NURSING FACILITY,015374,210 PONDEROSA DRIVE,CAMDEN,WILCOX,29,4,10,6,50,35,9,0
EAMC LANIER NURSING HOME,015045,4800 48TH STREET,VALLEY,CHAMBERS,0,39,16,0,90,10,74,0
AHAVA HEALTHCARE OF ALABASTER,015144,"850 9TH STREET, NORTHWEST",ALABASTER,SHELBY,13,4,0,0,140,11,17,0
TERRACE OAKS CARE AND REHABILITATION CENTER,015060,4201 BESSEMER SUPER HIGHWAY,BESSEMER,JEFFERSON,6,0,0,0,56,18,0,0
MERRY WOOD LODGE,015019,P O BOX 130,ELMORE,ELMORE,55,40,17,5,74,49,13,0
AHC MILLENIUM,015458,5275 MILLENNIUM DRIVE,HUNTSVILLE,MADISON,0,9,8,0,85,3,5,0
HUNTER CREEK HEALTH AND REHABILITATION,015034,600 34TH ST,NORTHPORT,TUSCALOOSA,43,6,11,4,64,14,8,0
LUVERNE HEALTH AND REHABILITATION,015336,142 WEST THIRD STREET,LUVERNE,CRENSHAW,74,15,38,15,108,49,27,0
SOUTH HAVEN HEALTH AND REHABILITATION,015321,3141 OLD COLUMBIANA ROAD,BIRMINGHAM,JEFFERSON,60,18,26,18,67,43,2,0
COLONIAL HAVEN CARE AND REHABILITATION CENTER,015396,616 ARMORY STREET,GREENSBORO,HALE,41,0,13,11,66,39,0,1
AZALEA GARDENS OF MOBILE,015151,1758 SPRINGHILL AVE,MOBILE,MOBILE,28,3,9,1,85,20,5,0
CROSSVILLE HEALTH AND REHABILITATION,015176,8922 HIGHWAY 227,CROSSVILLE,DEKALB,75,4,27,5,126,56,10,0
WOODHAVEN MANOR NURSING HOME,015177,105 WEST WINDSOR ST,DEMOPOLIS,MARENGO,10,15,4,1,63,7,16,0
PRATTVILLE HEALTH AND REHABILITATION,015065,601 JASMINE TRAIL,PRATTVILLE,AUTAUGA,21,11,24,2,122,30,15,0
CLEBURNE COUNTY NURSING HOME,015053,122 BROCKFORD ROAD,HEFLIN,CLEBURNE,,,,,,,,
HALEYVILLE HEALTH CARE CENTER,015157,2201 11TH AVENUE,HALEYVILLE,WINSTON,3,5,17,1,52,11,20,0
CIVIC CENTER HEALTH AND REHABILITATION,015109,1201 22ND STREET NORTH,BIRMINGHAM,JEFFERSON,0,4,11,0,85,2,2,0
HUNTSVILLE HEALTH AND REHABILITATION,015440,4010 CHRIS DRIVE,HUNTSVILLE,MADISON,5,5,12,1,85,7,5,0
CHERRY HILL REHABILITATION AND HEALTHCARE CENTER,015445,1250 JEFF GERMANY PARKWAY,BIRMINGHAM,JEFFERSON,,,,,,,,
LINEVILLE HEALTH AND REHABILITATION,015142,88073 HIGHWAY 9,LINEVILLE,CLAY,1,8,9,0,95,7,17,0
JOHN KNOX MANOR INC I I,015135,4401 NARROW LANE ROAD,MONTGOMERY,MONTGOMERY,0,1,4,0,49,2,8,0
SIGNATURE HEALTHCARE OF WHITESBURG GARDENS,015116,105 TEAKWOOD DRIVE SW,HUNTSVILLE,MADISON,67,2,14,7,104,51,0,0
MOUNDVILLE HEALTH AND REHABILITATION,015187,THIRD AVENUE    P O BOX 607,MOUNDVILLE,HALE,0,7,16,0,57,8,13,0
WALKER REHABILITATION CENTER,015408,350 NORTHEAST 4TH STREET     P O BOX 30,CARBON HILL,WALKER,18,8,4,4,39,29,4,0
HATLEY HEALTH CARE,015023,300 MEDICAL CENTER DRIVE,CLANTON,CHILTON,1,19,6,0,123,7,36,0
SYLACAUGA HEALTH AND REHABILITATION SERVICES,015160,1007 W FORT WILLIAMS ST,SYLACAUGA,TALLADEGA,42,53,29,5,136,42,17,0
SPRINGHILL MANOR NURSING HOME,015415,3900 OLD SHELL ROAD,MOBILE,MOBILE,4,2,2,0,27,7,2,0
FAIRHOPE HEALTH AND REHABILITATION,015222,108 SOUTH CHURCH STREET,FAIRHOPE,BALDWIN,3,4,0,0,56,12,0,0
NORTH HILL NURSING AND REHABILITATION CENTER,015091,200 NORTH PINE HILL ROAD,BIRMINGHAM,JEFFERSON,15,17,18,6,169,7,4,0
ENTERPRISE HEALTH AND REHABILITATION CENTER,015320,300 PLAZA DRIVE P O BOX 311227,ENTERPRISE,COFFEE,19,0,40,0,173,34,30,0
OAKVIEW MANOR HEALTH CARE CENTER,015216,929 MIXON SCHOOL ROAD,OZARK,DALE,75,21,31,17,92,35,43,0
MONTGOMERY CHILDREN'S SPECIALTY CENTER,01A208,2853 FORBES DRIVE,MONTGOMERY,MONTGOMERY,5,0,0,0,44,14,1,0
PARK PLACE,015084,100 PARK PLACE,SELMA,DALLAS,42,0,11,11,80,46,0,0
ANNISTON HEALTH AND REHABILITATION SERVICES,015375,600 E 8TH STREET,ANNISTON,CALHOUN,1,0,7,0,62,4,0,0
DIVERSICARE OF WINFIELD,015376,144 COUNTY HWY 14,WINFIELD,MARION,72,17,23,15,91,39,19,1
BROOKSHIRE HEALTHCARE CENTER,015127,4320 JUDITH LANE,HUNTSVILLE,MADISON,27,0,7,3,106,7,1,0
GREENBRIAR AT THE ALTAMONT SKILLED NURSING FACILIT,015446,2831 HIGHLAND AVENUE SOUTH,BIRMINGHAM,JEFFERSON,26,0,9,5,73,32,0,0
CANTERBURY HEALTH CARE FACILITY,015382,1720 KNOWLES ROAD,PHENIX CITY,RUSSELL,20,0,12,2,94,23,0,0
CROWNE HEALTH CARE OF FT PAYNE,015156,403 13TH STREET NORTHWEST,FORT PAYNE,DEKALB,26,0,5,2,97,23,5,0
LONGLEAF HEALTH AND REHABILITATION,015469,1300 E SOUTH BLVD,MONTGOMERY,MONTGOMERY,0,0,0,0,0,0,0,0
COOSA VALLEY HEALTH AND REHABILITATION,015174,513 PINEVIEW AVENUE,GLENCOE,ETOWAH,49,54,12,7,85,32,34,0
LAUDERDALE CHRISTIAN NURSING HOME,015361,2019 COUNTY ROAD 394,KILLEN,LAUDERDALE,10,7,6,0,52,6,10,0
CUMBERLAND HEALTH AND REHABILITATION,015420,47065 AL HIGHWAY 277,BRIDGEPORT,JACKSON,1,0,4,0,76,6,12,0
FAIRVIEW AT REDSTONE VILLAGE,015454,12000 TURNMEYER DRIVE,HUNTSVILLE,MADISON,6,2,7,0,45,3,12,0
DIVERSICARE OF ARAB,015148,235 THIRD STREET SE,ARAB,MARSHALL,1,0,7,0,80,1,10,0
"FOLSOM CENTER FOR REHABILITATION AND HEALTHCARE, T",015437,401 ARNOLD STREET N.E.,CULLMAN,CULLMAN,5,27,23,0,78,12,64,0
MAGNOLIA RIDGE,015133,420 DEAN DRIVE,GARDENDALE,JEFFERSON,26,1,9,0,119,16,0,0
SOUTH HAMPTON NURSING AND REHABILITATION CENTER,015448,213 WILSON MANN ROAD,OWENS CROSS ROADS,MADISON,0,1,3,0,58,1,5,0
MONTGOMERY HEALTH AND REHABILITATION,015228,4490 VIRGINIA LOOP ROAD,MONTGOMERY,MONTGOMERY,17,3,4,0,76,19,14,0
DECATUR HEALTH AND REHABILITATION CENTER,015206,2326 MORGAN AVENUE SOUTHWEST,DECATUR,MORGAN,58,82,17,9,64,32,19,0
ATTALLA HEALTH AND REHABILITATION,015203,915 STEWART AVENUE SOUTHEAST,ATTALLA,ETOWAH,41,0,17,7,76,58,13,0
REGENCY HEALTH CARE AND REHABILITATION CENTER,015372,"2061 POOLE DRIVE, NW",HUNTSVILLE,MADISON,1,3,0,0,66,1,2,0
WASHINGTON COUNTY NURSING HOME,015123,14600 ST STEPHENS AVENUE,CHATOM,WASHINGTON,22,21,9,4,77,22,13,1
HEALTH CARE,015407,P O BOX 130,ASHVILLE,ST. CLAIR,0,0,2,0,49,1,5,0
PHENIX CITY HEALTH CARE,015331,3900 LAKEWOOD DRIVE,PHENIX CITY,RUSSELL,0,0,6,0,74,15,1,0
SELF HEALTH CARE AND REHABILITATION CENTER,015212,131 EAST CREST ROAD,HUEYTOWN,JEFFERSON,2,1,10,0,64,4,6,0
ASHLAND PLACE HEALTH AND REHABILITATION,015103,148 TUSCALOOSA ST,MOBILE,MOBILE,82,19,33,21,107,26,5,0
WESTSIDE TERRACE HEALTH AND REHABILITATION CENTER,015425,501 NORTH WOODBURN DRIVE,DOTHAN,HOUSTON,6,12,10,0,139,13,17,0
PALM GARDENS HEALTH AND REHABILITATION,015403,3104 DAUPHIN SQUARE CONNECTOR,MOBILE,MOBILE,41,5,22,7,65,33,6,0
CORDOVA HEALTH AND REHABILITATION,015115,70 HIGHLAND STREET WEST,CORDOVA,WALKER,13,5,19,3,104,5,22,0
DIVERSICARE OF OXFORD,015132,1130 SOUTH HALE STREET,OXFORD,CALHOUN,42,0,10,7,102,24,0,0
CAREGIVERS OF PLEASANT GROVE,015044,700 FIRST AVENUE,PLEASANT GROVE,JEFFERSON,34,21,15,11,48,8,3,0
BIBB MED CENTER NURSING HOME,015215,208 PIERSON AVE,CENTREVILLE,BIBB,88,8,18,11,100,31,0,0
GRAND BAY CONVALESCENT HOME,015406,13750 HIGHWAY 90 WEST P.O. BOX 328,GRAND BAY,MOBILE,1,2,7,0,62,12,0,0
CROWNE HEALTH CARE OF MONTGOMERY,015393,1837 UPPER WETUMPKA ROAD,MONTGOMERY,MONTGOMERY,38,2,32,4,139,19,6,0
ALICEVILLE MANOR NURSING HOME,015137,703 17TH STREET NORTHWEST,ALICEVILLE,PICKENS,3,13,4,0,78,7,22,0
TRUSSVILLE HEALTH AND REHABILITATION CENTER,015467,119 WATTERSON PARKWAY,TRUSSVILLE,JEFFERSON,19,3,14,3,100,4,12,0
CRIMSON HEALTH AND REHABILITATION,015037,3312 WOODLEY ROAD,MONTGOMERY,MONTGOMERY,3,0,2,0,46,10,0,0
BIRMINGHAM NURSING AND REHABILITATION CENTER EAST,015134,733 MARY VANN LANE,BIRMINGHAM,JEFFERSON,4,0,5,0,126,2,0,0
MONTROSE BAY HEALTH AND REHABILITATION,015447,22670 MAIN STREET,FAIRHOPE,BALDWIN,0,0,0,0,61,5,0,0
LIGHTHOUSE REHABILITATION AND HEALTHCARE CENTER,015413,2911 EARL GOODWIN PARKWAY,SELMA,DALLAS,18,12,8,3,56,11,5,0
WILLOWBROOKE CT SKILLED CARE CENTER AT MAGNOLIA TRACE,015450,ONE CROWN CIRCLE,HUNTSVILLE,MADISON,4,0,7,1,43,7,0,0
CROWNE HEALTH CARE OF GREENVILLE,015193,408 COUNTRY CLUB DRIVE,GREENVILLE,BUTLER,57,12,23,19,69,35,15,0
SOUTH HEALTH AND REHABILITATION,015097,1220 SOUTH 17TH STREET,BIRMINGHAM,JEFFERSON,45,1,4,2,55,42,3,1
CROWNE HEALTH CARE OF THOMASVILLE,015220,1425 MOSLEY DRIVE,THOMASVILLE,CLARKE,4,1,4,0,71,14,0,0
ALTOONA HEALTH AND REHABILITATION,015101,6532 WALNUT GROVE ROAD,ALTOONA,ETOWAH,1,0,0,0,48,5,0,0
DIVERSICARE OF ONEONTA,015159,215 VALLEY ROAD,ONEONTA,BLOUNT,21,1,10,0,98,43,7,1
CROWNE HEALTH CARE OF MOBILE,015100,954 NAVCO ROAD,MOBILE,MOBILE,7,0,8,5,109,13,2,1
ASPIRE PHYSICAL RECOVERY CENTER AT HOOVER,015464,575 SOUTHLAND DRIVE,HOOVER,JEFFERSON,2,17,19,0,98,10,25,0
MCGUFFEY HEALTH AND REHABILITATION CENTER,015202,2301 RAINBOW DRIVE,GADSDEN,ETOWAH,24,19,20,1,153,16,49,0
WEST GATE VILLAGE,015035,100 PINEVIEW AND THIRD P.O. BOX 49,BREWTON,ESCAMBIA,68,11,9,8,99,41,15,0
EL REPOSO NURSING FACILITY,015402,260 MILNER CHAPEL ROAD,FLORENCE,LAUDERDALE,0,3,7,0,59,1,12,0
PIEDMONT HEALTH CARE CENTER,015194,30 ROUNDTREE DRIVE,PIEDMONT,CALHOUN,1,0,12,0,74,1,1,0
MARENGO NURSING HOME,015330,608 NORTH MAIN STREET,LINDEN,MARENGO,0,3,6,0,63,7,7,0
ATMORE NURSING CENTER,015129,715 EAST LAUREL STREET,ATMORE,ESCAMBIA,35,3,12,7,70,23,9,0
BIRMINGHAM NURSING AND REHABILITATION CENTER,015217,1000 DUGAN AVENUE,BIRMINGHAM,JEFFERSON,3,13,11,0,128,6,14,0
PARK MANOR HEALTH AND REHABILITATION,015326,2201 MCFARLAND BOULEVARD,NORTHPORT,TUSCALOOSA,48,10,15,0,122,22,19,0
SHADESCREST HEALTH CARE CENTER,015114,331 WEST 25TH STREET,JASPER,WALKER,21,9,11,3,85,24,46,0
VALLEY VIEW HEALTH AND REHABILITATION,015431,5968 WALL TRIANA HIGHWAY,MADISON,MADISON,13,3,13,1,135,11,14,0
KNOLLWOOD HEALTHCARE,015463,3151-A KNOLLWOOD DRIVE,MOBILE,MOBILE,26,18,16,14,58,50,35,0
ARBOR WOODS HEALTH AND REHABILITATION,015141,515 2ND AVENUE NORTHWEST,REFORM,PICKENS,0,0,2,0,54,2,2,0
LEGACY HEALTH AND REHABILITATION OF PLEASANT GROVE,015461,30 7TH STREET,PLEASANT GROVE,JEFFERSON,1,32,10,0,117,7,12,1
KENSINGTON HEALTH AND REHABILITATION,015429,550 CONGRESS STREET,MOBILE,MOBILE,70,2,12,5,98,39,8,0
TALLASSEE HEALTH AND REHABILITATION,015139,2639 GILMER AVENUE  P O BOX 780277,TALLASSEE,ELMORE,3,0,18,0,87,11,8,0
GENERATIONS OF VERNON,015227,1050 CONVALESCENT ROAD,VERNON,LAMAR,8,8,1,0,109,21,29,0
SOUTH HAMPTON NURSING AND REHABILITATION CENTER,015448,213 WILSON MANN ROAD,OWENS CROSS ROADS,MADISON,0,1,3,0,56,1,5,0
MONTGOMERY HEALTH AND REHABILITATION,015228,4490 VIRGINIA LOOP ROAD,MONTGOMERY,MONTGOMERY,17,3,6,1,78,19,14,0
ASHLAND PLACE HEALTH AND REHABILITATION,015103,148 TUSCALOOSA ST,MOBILE,MOBILE,82,19,34,21,107,26,5,0
FAIRVIEW AT REDSTONE VILLAGE,015454,12000 TURNMEYER DRIVE,HUNTSVILLE,MADISON,6,2,7,0,48,4,13,0
WESTSIDE TERRACE HEALTH AND REHABILITATION CENTER,015425,501 NORTH WOODBURN DRIVE,DOTHAN,HOUSTON,6,12,12,0,136,13,18,0
CAREGIVERS OF PLEASANT GROVE,015044,700 FIRST AVENUE,PLEASANT GROVE,JEFFERSON,34,21,15,11,47,8,3,0
WASHINGTON COUNTY NURSING HOME,015123,14600 ST STEPHENS AVENUE,CHATOM,WASHINGTON,22,21,9,4,78,22,14,1
MAGNOLIA RIDGE,015133,420 DEAN DRIVE,GARDENDALE,JEFFERSON,26,1,9,0,122,17,0,0
WEST HILL HEALTH AND REHABILITATION,015303,1028 BESSEMER RD,BIRMINGHAM,JEFFERSON,61,1,12,1,60,23,0,0
PARK PLACE,015084,100 PARK PLACE,SELMA,DALLAS,45,0,12,12,78,47,0,0
MARION REGIONAL NURSING HOME,015167,184 SASSER DRIVE,HAMILTON,MARION,34,37,20,7,56,27,59,1
FAYETTE MEDICAL CENTER LONG TERM CARE UNIT,015154,1653 TEMPLE AVENUE NORTH,FAYETTE,FAYETTE,13,27,9,3,97,23,27,0
DIVERSICARE OF ARAB,015148,235 THIRD STREET SE,ARAB,MARSHALL,1,0,7,0,78,1,10,0
REGENCY HEALTH CARE AND REHABILITATION CENTER,015372,"2061 POOLE DRIVE, NW",HUNTSVILLE,MADISON,1,3,0,0,69,1,2,0
ATTALLA HEALTH AND REHABILITATION,015203,915 STEWART AVENUE SOUTHEAST,ATTALLA,ETOWAH,41,0,17,7,79,59,13,0
"FOLSOM CENTER FOR REHABILITATION AND HEALTHCARE, T",015437,401 ARNOLD STREET N.E.,CULLMAN,CULLMAN,6,29,23,0,77,12,66,1
SOUTH HEALTH AND REHABILITATION,015097,1220 SOUTH 17TH STREET,BIRMINGHAM,JEFFERSON,45,1,4,2,55,42,3,1
CROWNE HEALTH CARE OF THOMASVILLE,015220,1425 MOSLEY DRIVE,THOMASVILLE,CLARKE,4,1,6,0,70,14,0,0
MONTROSE BAY HEALTH AND REHABILITATION,015447,22670 MAIN STREET,FAIRHOPE,BALDWIN,4,0,0,0,59,5,0,0
BIRMINGHAM NURSING AND REHABILITATION CENTER,015217,1000 DUGAN AVENUE,BIRMINGHAM,JEFFERSON,3,13,12,0,128,6,14,0
COOSA VALLEY HEALTHCARE CENTER,015010,260 WEST WALNUT STREET,SYLACAUGA,TALLADEGA,0,32,0,0,,4,37,0
CORDOVA HEALTH AND REHABILITATION,015115,70 HIGHLAND STREET WEST,CORDOVA,WALKER,13,5,19,3,104,5,22,0
NORTHSIDE HEALTH CARE,015223,700 HUTCHINS AVENUE,GADSDEN,ETOWAH,34,4,4,1,84,40,8,0
BURNS NURSING HOME,015009,701 MONROE STREET NW,RUSSELLVILLE,FRANKLIN,47,1,6,5,55,39,14,0
TLC NURSING CENTER,015422,212 ELLEN STREET,ONEONTA,BLOUNT,52,7,24,10,68,25,0,0
GREENE COUNTY NURSING HOME,015178,509 WILSON AVE,EUTAW,GREENE,22,0,12,12,37,4,0,0
KIRKWOOD BY THE RIVER,015457,3605 RATLIFF ROAD,BIRMINGHAM,JEFFERSON,20,0,7,7,39,11,0,0
RIVER CITY CENTER,015113,1350 FOURTEENTH AVENUE SOUTHEAST,DECATUR,MORGAN,49,10,19,0,121,28,1,0
PARK MANOR HEALTH AND REHABILITATION,015326,2201 MCFARLAND BOULEVARD,NORTHPORT,TUSCALOOSA,60,10,17,0,122,28,19,0
DIVERSICARE OF BESSEMER,015209,820 GOLF COURSE ROAD,BESSEMER,JEFFERSON,69,2,39,26,123,44,3,1
DADEVILLE HEALTHCARE CENTER,015166,351 NORTH EAST STREET,DADEVILLE,TALLAPOOSA,54,2,16,7,82,20,1,0
GULF COAST HEALTH AND REHABILITATION,015456,8002 GRELOT ROAD,MOBILE,MOBILE,20,12,7,1,71,22,3,0
MCGUFFEY HEALTH AND REHABILITATION CENTER,015202,2301 RAINBOW DRIVE,GADSDEN,ETOWAH,24,20,22,1,149,16,54,0
FLORALA HEALTH AND REHABILITATION,015451,23621 GOLDENROD AVENUE,FLORALA,COVINGTON,6,0,9,1,72,7,1,0
HENDRIX HEALTH AND REHABILITATION,015138,1000 HIGHWAY 33,DOUBLE SPRINGS,WINSTON,41,8,22,2,88,20,12,0
OAKS ON PARKWOOD SKILLED NURSING FACILITY,015369,2625 LAUREL OAK DRIVE,BESSEMER,JEFFERSON,6,0,39,1,124,9,6,0
PRATTVILLE HEALTH AND REHABILITATION,015065,601 JASMINE TRAIL,PRATTVILLE,AUTAUGA,21,11,26,2,122,30,15,0
MONROE MANOR HEALTH AND REHABILITATION CENTER,015398,236 WEST CLAIBORNE STREET,MONROEVILLE,MONROE,51,11,6,4,61,49,23,0
WESLEY PLACE ON HONEYSUCKLE,015175,718 HONEYSUCKLE ROAD,DOTHAN,HOUSTON,31,4,17,9,142,36,20,0
BIRMINGHAM NURSING AND REHABILITATION CENTER EAST,015134,733 MARY VANN LANE,BIRMINGHAM,JEFFERSON,4,0,5,0,120,6,0,0
ARBOR WOODS HEALTH AND REHABILITATION,015141,515 2ND AVENUE NORTHWEST,REFORM,PICKENS,0,0,2,0,51,2,2,0
MAGNOLIA HAVEN HEALTH AND REHABILITATION CENTER,015112,603 WRIGHT STREET,TUSKEGEE,MACON,,,,,,,,
GENERATIONS OF VERNON,015227,1050 CONVALESCENT ROAD,VERNON,LAMAR,8,8,3,0,107,21,29,0
WOODLAND VILLAGE REHABILITATION AND HEALTHCARE CENTER,015383,1900 OLIVE STREET,CULLMAN,CULLMAN,3,13,38,1,114,4,30,0
RIDGEWOOD HEALTH SERVICES,015315,201 OAKHILL ROAD,JASPER,WALKER,13,1,20,1,80,22,0,0
SPRINGHILL SENIOR RESIDENCE,015435,3717 DAUPHIN STREET,MOBILE,MOBILE,0,28,13,0,66,4,62,0
SENIOR REHABILITATION AND RECOVERY AT LIMESTONE HEALTH FACILI,015024,1600 WEST HOBBS STREET,ATHENS,LIMESTONE,78,61,54,11,110,31,47,0
NORTHWAY HEALTH AND REHABILITATION,015047,1424 NORTH 25TH STREET,BIRMINGHAM,JEFFERSON,8,5,7,0,102,9,3,0
ARLINGTON REHABILITATION AND HEALTHCARE CENTER,015153,"1020 TUSCALOOSA AVENUE, SW",BIRMINGHAM,JEFFERSON,72,0,15,10,87,42,3,0
CROWNE HEALTH CARE OF EUFAULA,015199,430 RIVERS AVENUE,EUFAULA,BARBOUR,56,24,18,3,135,19,25,0
ELBA NURSING AND REHABILITATION CENTER,015083,987 DRAYTON STREET,ELBA,COFFEE,19,8,16,2,101,8,10,0
CULLMAN HEALTH CARE CENTER,015048,1607 MAIN AVE NE,CULLMAN,CULLMAN,0,0,6,0,76,1,35,0
DIVERSICARE OF RIVERCHASE,015145,2500 RIVERHAVEN DRIVE,BIRMINGHAM,JEFFERSON,61,26,16,13,96,34,11,0
CYPRESS COVE CARE CENTER,015392,200 ALABAMA AVENUE,MUSCLE SHOALS,COLBERT,26,6,10,0,65,20,5,0
LITTLE SISTERS OF THE POOR SACRED HEART RESIDENCE,015168,1655 MCGILL AVENUE,MOBILE,MOBILE,23,1,7,1,64,48,1,0
CROWNE HEALTH CARE OF CITRONELLE,015121,19225 NORTH 4TH STREET,CITRONELLE,MOBILE,46,2,12,5,58,42,1,1
FOREST MANOR HEALTH AND REHABILITATION,015143,2215 32ND STREET,NORTHPORT,TUSCALOOSA,52,26,27,12,133,36,36,1
BARFIELD HEALTH CARE,015225,22444 HIGHWAY 431,GUNTERSVILLE,MARSHALL,0,9,32,0,105,2,41,0
GLEN HAVEN HEALTH AND REHABILITATION,015186,2201 32ND STREET,NORTHPORT,TUSCALOOSA,31,14,25,6,150,38,6,1
CLOVERDALE REHABILITATION AND NURSING CENTER,015184,412 CLOVERDALE ROAD,SCOTTSBORO,JACKSON,34,14,21,0,120,17,59,0
LYNWOOD NURSING HOME,015434,4164 HALLS MILL ROAD,MOBILE,MOBILE,55,0,20,18,81,38,10,0
EAMC LANIER NURSING HOME,015045,4800 48TH STREET,VALLEY,CHAMBERS,0,39,16,0,90,10,75,0
FLORENCE NURSING AND REHABILITATION CENTER,015169,2107 CLOYD BLVD,FLORENCE,LAUDERDALE,59,30,42,15,127,50,27,0
CHEROKEE COUNTY HEALTH AND REHABILITATION CENTER,015200,877 CEDAR BLUFF ROAD,CENTRE,CHEROKEE,49,3,34,10,133,39,2,0
SELMA HEALTH AND REHABILITATION,015119,11 BELL ROAD,SELMA,DALLAS,52,11,3,0,104,25,5,0
TERRACE OAKS CARE AND REHABILITATION CENTER,015060,4201 BESSEMER SUPER HIGHWAY,BESSEMER,JEFFERSON,6,0,0,0,57,18,0,0
BROOKDALE UNIVERSITY PARK SNF (AL),015423,501 UNIVERSITY PARK DRIVE,BIRMINGHAM,JEFFERSON,5,2,20,0,40,10,15,0
TERRACE MANOR NURSING AND REHABILITATION CENTER,015066,390 UNDERWOOD ROAD,RUSSELLVILLE,FRANKLIN,0,3,4,0,47,2,24,0
DIVERSICARE OF BIG SPRINGS,015111,500 ST. CLAIR AVENUE SOUTHWEST,HUNTSVILLE,MADISON,66,4,7,6,104,28,7,1
SUMMERFORD NURSING HOME,015075,4087 HIGHWAY 31 SOUTHWEST,FALKVILLE,MORGAN,7,27,38,0,191,20,110,0
MARSHALL MANOR NURSING HOME,015378,3120 NORTH STREET,GUNTERSVILLE,MARSHALL,1,2,15,0,76,11,9,0
ORCHARD REHABILITATION AND HEALTHCARE CENTER,015442,629 STATE HIGHWAY 21 SOUTH,HAYNEVILLE,LOWNDES,9,0,3,3,54,20,0,0
"NHC HEALTHCARE, MOULTON",015128,300 HOSPITAL STREET,MOULTON,LAWRENCE,54,1,6,5,99,31,1,0
HIGHLANDS HEALTH AND REHABILITATION,015012,380 WOODS COVE ROAD,SCOTTSBORO,JACKSON,2,32,10,0,42,3,35,0
EASTERN SHORE REHABILITATION AND HEALTH CENTER,015049,"101 VILLA DRIVE, P O BOX 1090",DAPHNE,BALDWIN,12,34,29,0,78,10,12,0
GREENBRIAR AT THE ALTAMONT SKILLED NURSING FACILIT,015446,2831 HIGHLAND AVENUE SOUTH,BIRMINGHAM,JEFFERSON,26,0,9,5,71,32,0,0
OZARK HEALTH AND REHABILITATION,015208,312 BRYAN DRIVE,OZARK,DALE,76,7,34,16,104,65,3,0
MADISON MANOR NURSING HOME,015214,3891 SULLIVAN ST,MADISON,MADISON,0,7,9,0,68,5,14,0
CROSSVILLE HEALTH AND REHABILITATION,015176,8922 HIGHWAY 227,CROSSVILLE,DEKALB,77,4,28,5,126,56,10,0
CROWNE HEALTH CARE OF MONTGOMERY,015393,1837 UPPER WETUMPKA ROAD,MONTGOMERY,MONTGOMERY,42,2,36,6,136,22,6,0
BARON HOUSE OF HUEYTOWN,015404,190 BROOKLANE DRIVE,HUEYTOWN,JEFFERSON,3,0,18,11,28,23,23,0
GALLERIA WOODS SKILLED NURSING FACILITY,015459,3850 GALLERIA WOODS DRIVE,BIRMINGHAM,JEFFERSON,0,1,2,0,27,5,0,0
ALLEN HEALTH AND REHABILITATION,015098,735 SOUTH WASHINGTON AVENUE,MOBILE,MOBILE,40,26,9,5,66,37,6,0
DIVERSICARE OF BOAZ,015063,600 CORLEY AVENUE,BOAZ,MARSHALL,8,0,6,0,95,14,0,0
ARBOR SPRINGS HEALTH AND REHABILITATION CENTER,015192,1910 PEPPERELL PKWY,OPELIKA,LEE,69,0,60,19,102,61,2,0
ST MARTIN'S IN THE PINES,015433,4941 MONTEVALLO ROAD,BIRMINGHAM,JEFFERSON,10,0,15,0,98,22,0,0
"NHC HEALTHCARE, ANNISTON",015120,2300 COLEMAN RD,ANNISTON,CALHOUN,11,20,52,0,136,25,73,0
ROANOKE REHABILITATION AND HEALTHCARE CENTER,015424,680 SEYMOUR DRIVE,ROANOKE,RANDOLPH,39,13,6,6,45,34,8,0
MOUNT ROYAL TOWERS,015455,300 ROYAL TOWER DRIVE,BIRMINGHAM,JEFFERSON,1,1,9,0,112,8,7,0
SPRINGHILL MANOR NURSING HOME,015415,3900 OLD SHELL ROAD,MOBILE,MOBILE,4,2,2,0,26,7,2,0
BROWN NURSING HOME,015191,2334 WASHINGTON STREET,ALEXANDER CITY,TALLAPOOSA,2,7,5,0,63,1,15,0
CLEBURNE COUNTY NURSING HOME,015053,122 BROCKFORD ROAD,HEFLIN,CLEBURNE,,,,,,,,
MOUNDVILLE HEALTH AND REHABILITATION,015187,THIRD AVENUE    P O BOX 607,MOUNDVILLE,HALE,0,7,17,0,57,9,13,0
SIGNATURE HEALTHCARE OF WHITESBURG GARDENS,015116,105 TEAKWOOD DRIVE SW,HUNTSVILLE,MADISON,71,2,16,7,96,55,0,0
SYLACAUGA HEALTH AND REHABILITATION SERVICES,015160,1007 W FORT WILLIAMS ST,SYLACAUGA,TALLADEGA,45,57,34,8,126,44,17,0
COLLINSVILLE HEALTHCARE AND REHABILITATION,015207,685 NORTH VALLEY AVE,COLLINSVILLE,DEKALB,1,12,13,0,157,14,29,1
TROY HEALTH AND REHABILITATION CENTER,015213,515 ELBA HIGHWAY,TROY,PIKE,24,45,14,3,135,14,35,0
CHERRY HILL REHABILITATION AND HEALTHCARE CENTER,015445,1250 JEFF GERMANY PARKWAY,BIRMINGHAM,JEFFERSON,,,,,,,,
GRAND BAY CONVALESCENT HOME,015406,13750 HIGHWAY 90 WEST P.O. BOX 328,GRAND BAY,MOBILE,1,2,8,0,62,12,0,0
LINEVILLE HEALTH AND REHABILITATION,015142,88073 HIGHWAY 9,LINEVILLE,CLAY,3,14,10,0,95,8,18,0
NORTH HILL NURSING AND REHABILITATION CENTER,015091,200 NORTH PINE HILL ROAD,BIRMINGHAM,JEFFERSON,16,17,19,6,166,7,4,0
CIVIC CENTER HEALTH AND REHABILITATION,015109,1201 22ND STREET NORTH,BIRMINGHAM,JEFFERSON,0,4,11,0,85,2,2,0
WALKER REHABILITATION CENTER,015408,350 NORTHEAST 4TH STREET     P O BOX 30,CARBON HILL,WALKER,18,8,4,4,43,29,4,0
NORTH MOBILE NURSING AND REHABILITATION CENTER,015183,4525 ST STEPHENS ROAD,EIGHT MILE,MOBILE,45,36,23,13,129,39,26,0
FAIR HAVEN,015076,1424 MONTCLAIR ROAD,BIRMINGHAM,JEFFERSON,36,1,39,4,205,20,1,0
WETUMPKA HEALTH AND REHABILITATION,015027,1825 HOLTVILLE ROAD,WETUMPKA,ELMORE,45,3,29,4,98,32,6,0
COOSA VALLEY HEALTH AND REHABILITATION,015174,513 PINEVIEW AVENUE,GLENCOE,ETOWAH,53,59,14,9,85,35,35,0
CROWNE HEALTH CARE OF FT PAYNE,015156,403 13TH STREET NORTHWEST,FORT PAYNE,DEKALB,27,0,6,2,93,25,5,0
CANTERBURY HEALTH CARE FACILITY,015382,1720 KNOWLES ROAD,PHENIX CITY,RUSSELL,21,0,13,3,97,23,0,0
LONGLEAF HEALTH AND REHABILITATION,015469,1300 E SOUTH BLVD,MONTGOMERY,MONTGOMERY,0,0,0,0,0,0,0,0
HENRY COUNTY HEALTH AND REHABILITATION FACILITY,015373,212 DOTHAN ROAD,ABBEVILLE,HENRY,28,70,29,5,83,28,65,0
LAFAYETTE NURSING HOME,015414,555 B STREET SW,LAFAYETTE,CHAMBERS,4,0,5,0,49,2,1,0
CUMBERLAND HEALTH AND REHABILITATION,015420,47065 AL HIGHWAY 277,BRIDGEPORT,JACKSON,1,0,5,0,74,6,12,0
DIVERSICARE OF WINFIELD,015376,144 COUNTY HWY 14,WINFIELD,MARION,72,17,23,15,95,39,19,1
LAFAYETTE EXTENDED CARE,015197,805 HOSPITAL STREET SOUTHWEST,LAFAYETTE,CHAMBERS,0,1,3,1,53,1,1,0
OAKVIEW MANOR HEALTH CARE CENTER,015216,929 MIXON SCHOOL ROAD,OZARK,DALE,75,21,32,18,93,35,47,0
ROBERTSDALE REHABILITATION AND HEALTHCARE CENTER,015443,18700 U S HIGHWAY 90,ROBERTSDALE,BALDWIN,45,0,0,0,115,40,1,0
HEALTH CARE,015407,P O BOX 130,ASHVILLE,ST. CLAIR,0,0,2,0,49,2,5,0
CAPITOL HILL HEALTHCARE CENTER,015390,520 SOUTH HULL STREET,MONTGOMERY,MONTGOMERY,63,32,32,16,195,31,28,1
DIVERSICARE OF LANETT,015196,702 SOUTH 13TH STREET,LANETT,CHAMBERS,6,1,33,0,75,16,6,0
VALLEY VIEW HEALTH AND REHABILITATION,015431,5968 WALL TRIANA HIGHWAY,MADISON,MADISON,13,3,15,1,135,11,15,0
MOBILE NURSING AND REHABILITATION CENTER,015379,7020 BRUNS DRIVE,MOBILE,MOBILE,39,17,3,1,84,25,11,0
SOUTHERN SPRINGS HEALTHCARE FACILITY,015171,745 SOUTHERN SPRINGS ROAD,UNION SPRINGS,BULLOCK,57,42,13,10,90,42,6,0
COTTAGE OF THE SHOALS,015067,500 JOHN ALDRIDGE DRIVE,TUSCUMBIA,COLBERT,17,7,9,1,67,23,18,0
DECATUR HEALTH AND REHABILITATION CENTER,015206,2326 MORGAN AVENUE SOUTHWEST,DECATUR,MORGAN,58,82,18,9,68,32,19,0
PHENIX CITY HEALTH CARE,015331,3900 LAKEWOOD DRIVE,PHENIX CITY,RUSSELL,0,0,8,0,73,16,1,0
MONTGOMERY CHILDREN'S SPECIALTY CENTER,01A208,2853 FORBES DRIVE,MONTGOMERY,MONTGOMERY,7,0,0,0,45,14,1,0
FATHER PURCELL MEMORIAL EXCEPTIONAL CHILDREN'S CENTER,01A193,2048 W FAIRVIEW AVE,MONTGOMERY,MONTGOMERY,10,0,0,0,48,5,0,0
BROOKSHIRE HEALTHCARE CENTER,015127,4320 JUDITH LANE,HUNTSVILLE,MADISON,32,0,7,3,108,8,1,0
DIVERSICARE OF FOLEY,015032,1701 NORTH ALSTON STREET,FOLEY,BALDWIN,54,1,11,8,85,76,8,1
WEST GATE VILLAGE,015035,100 PINEVIEW AND THIRD P.O. BOX 49,BREWTON,ESCAMBIA,68,11,10,8,101,41,15,0
TALLADEGA HEALTHCARE CENTER,015162,616 CHAFFEE STREET,TALLADEGA,TALLADEGA,107,204,9,4,176,46,59,0
JACKSON HEALTH CARE FACILITY,015188,2616 NORTH COLLEGE AVENUE,JACKSON,CLARKE,0,9,19,0,71,9,25,0
DIVERSICARE OF ONEONTA,015159,215 VALLEY ROAD,ONEONTA,BLOUNT,27,1,10,0,102,48,7,1
JOHN KNOX MANOR INC I I,015135,4401 NARROW LANE ROAD,MONTGOMERY,MONTGOMERY,0,1,5,0,49,2,8,0
PALM GARDENS HEALTH AND REHABILITATION,015403,3104 DAUPHIN SQUARE CONNECTOR,MOBILE,MOBILE,41,5,22,7,65,33,6,0
DIVERSICARE OF OXFORD,015132,1130 SOUTH HALE STREET,OXFORD,CALHOUN,67,0,11,8,104,27,0,0
EAST ALABAMA MEDICAL CENTER SKILLED NURSING FACILI,015410,2000 PEPPERELL PARKWAY,OPELIKA,LEE,3,1,4,0,17,2,7,0
OAKWOOD-NORTH BALDWIN'S CENTER FOR LIVING,015417,2010 MEDICAL CENTER DRIVE,BAY MINETTE,BALDWIN,22,12,5,3,65,11,34,0
BIBB MED CENTER NURSING HOME,015215,208 PIERSON AVE,CENTREVILLE,BIBB,97,8,22,15,91,34,0,0
CRIMSON HEALTH AND REHABILITATION,015037,3312 WOODLEY ROAD,MONTGOMERY,MONTGOMERY,3,0,2,0,49,11,0,0
EASTVIEW REHABILITATION AND HEALTHCARE CENTER,015014,7755 FOURTH AVENUE SOUTH,BIRMINGHAM,JEFFERSON,29,4,6,0,72,27,1,0
DIVERSICARE OF PELL CITY,015189,"510 WOLF CREEK ROAD, NORTH",PELL CITY,ST. CLAIR,79,2,20,15,54,40,3,0
OAK PARK,015452,1365 GATEWOOD DRIVE,AUBURN,LEE,3,12,6,0,76,3,19,0
SHELBY RIDGE NURSING HOME,015411,881 3RD STREET NORTHEAST,ALABASTER,SHELBY,46,64,36,12,112,26,58,0
ALTOONA HEALTH AND REHABILITATION,015101,6532 WALNUT GROVE ROAD,ALTOONA,ETOWAH,16,3,1,1,45,16,1,0
ALICEVILLE MANOR NURSING HOME,015137,703 17TH STREET NORTHWEST,ALICEVILLE,PICKENS,4,15,4,0,74,10,25,0
EVERGREEN NURSING HOME,015089,100 SANDERS DRIVE,EVERGREEN,CONECUH,41,0,7,6,50,22,0,0
CROWNE HEALTH CARE OF GREENVILLE,015193,408 COUNTRY CLUB DRIVE,GREENVILLE,BUTLER,58,12,23,19,66,36,16,0
PARKWOOD HEALTH CARE FACILITY,015179,3301 STADIUM DRIVE,PHENIX CITY,RUSSELL,2,3,23,0,67,12,11,0
DIVERSICARE OF MONTGOMERY,015040,2020 NORTH COUNTRY CLUB DRIVE,MONTGOMERY,MONTGOMERY,66,1,14,11,86,30,15,0
WILLOWBROOKE CT SKILLED CARE CENTER AT MAGNOLIA TRACE,015450,ONE CROWN CIRCLE,HUNTSVILLE,MADISON,4,0,7,1,44,7,0,0
GLENWOOD CENTER,015147,211 ANA DRIVE,FLORENCE,LAUDERDALE,10,5,17,0,98,7,22,0
PIEDMONT HEALTH CARE CENTER,015194,30 ROUNDTREE DRIVE,PIEDMONT,CALHOUN,2,3,12,0,73,2,4,0
ATMORE NURSING CENTER,015129,715 EAST LAUREL STREET,ATMORE,ESCAMBIA,35,3,12,7,70,23,9,0
MARENGO NURSING HOME,015330,608 NORTH MAIN STREET,LINDEN,MARENGO,0,3,7,0,62,7,7,0
OAK TRACE CARE AND REHABILITATION CENTER,015050,325 SELMA ROAD,BESSEMER,JEFFERSON,11,0,10,1,64,17,0,0
ALBERTVILLE NURSING HOME,015163,750 ALABAMA HIGHWAY 75 NORTH,ALBERTVILLE,MARSHALL,65,37,33,13,149,54,30,0
SUMTER HEALTH AND REHABILITATION,015042,1505 EAST 4TH AVENUE,YORK,SUMTER,84,1,13,3,68,76,10,0
JACKSONVILLE HEALTH AND REHABILITATION,015391,410 WILSON DRIVE SOUTHWEST,JACKSONVILLE,CALHOUN,74,8,29,15,126,46,6,0
EL REPOSO NURSING FACILITY,015402,260 MILNER CHAPEL ROAD,FLORENCE,LAUDERDALE,0,3,9,0,57,1,14,0
VILLAGE AT COOK SPRINGS SKILLED NURSING FACILITY,015195,415 COOK SPRINGS,PELL CITY,ST. CLAIR,64,11,26,18,89,26,36,0
CROWNE HEALTH CARE OF MOBILE,015100,954 NAVCO ROAD,MOBILE,MOBILE,7,0,8,5,109,14,2,1
ASPIRE PHYSICAL RECOVERY CENTER AT HOOVER,015464,575 SOUTHLAND DRIVE,HOOVER,JEFFERSON,2,17,19,0,98,11,25,0
KENSINGTON HEALTH AND REHABILITATION,015429,550 CONGRESS STREET,MOBILE,MOBILE,70,2,12,5,95,39,8,0
HARTFORD HEALTH CARE,015419,217 TORO ROAD,HARTFORD,GENEVA,9,1,1,0,79,7,1,0
LEGACY HEALTH AND REHABILITATION OF PLEASANT GROVE,015461,30 7TH STREET,PLEASANT GROVE,JEFFERSON,1,32,10,0,117,7,12,1
WILLOWBROOKE CT SKILLED CARE CENTER WESTMINSTER VLG,015381,500 SPANISH FORT BLVD,SPANISH FORT,BALDWIN,8,0,10,1,35,12,2,0
CROWNE HEALTH CARE OF SPRINGHILL,015426,3712 DAUPHIN ST,MOBILE,MOBILE,2,0,1,0,18,4,0,0
MERRY WOOD LODGE,015019,P O BOX 130,ELMORE,ELMORE,55,40,18,5,77,49,13,0
KNOLLWOOD HEALTHCARE,015463,3151-A KNOLLWOOD DRIVE,MOBILE,MOBILE,26,18,16,14,58,50,35,0
SOUTHLAND NURSING HOME,015104,500 SHIVERS TERRACE,MARION,PERRY,,,,,,,,
SHADESCREST HEALTH CARE CENTER,015114,331 WEST 25TH STREET,JASPER,WALKER,23,9,11,3,87,24,50,0
WINDSOR HOUSE,015397,4411 MCALLISTER DRIVE,HUNTSVILLE,MADISON,25,0,7,0,99,35,1,0
ATHENS HEALTH AND REHABILITATION,015016,611 WEST MARKET STREET,ATHENS,LIMESTONE,0,8,30,0,126,5,20,0
ENTERPRISE HEALTH AND REHABILITATION CENTER,015320,300 PLAZA DRIVE P O BOX 311227,ENTERPRISE,COFFEE,20,0,42,0,172,38,30,0
EAST GLEN,015388,53 MEDICAL PARK DRIVE EAST,BIRMINGHAM,JEFFERSON,0,0,0,0,93,7,5,0
AHAVA HEALTHCARE OF ALABASTER,015144,"850 9TH STREET, NORTHWEST",ALABASTER,SHELBY,25,4,0,0,146,15,17,0
ASPIRE PHYSICAL RECOVERY CENTER AT CAHABA RIVER,015468,3070 HEALTHY WAY,VESTAVIA,JEFFERSON,8,1,19,0,84,12,2,0
TALLASSEE HEALTH AND REHABILITATION,015139,2639 GILMER AVENUE  P O BOX 780277,TALLASSEE,ELMORE,3,0,20,0,87,11,8,0
ADAMS NURSING HOME,015386,1555 HILLABEE STREET,ALEXANDER CITY,TALLAPOOSA,0,5,3,0,61,2,6,0
GADSDEN HEALTH AND REHABILITATION CENTER,015180,1945 DAVIS DRIVE,GADSDEN,ETOWAH,69,108,19,10,118,35,16,1
FALKVILLE HEALTH CARE CENTER,015136,10 WEST 3RD STREET  PO BOX 409,FALKVILLE,MORGAN,70,21,13,10,76,32,22,0
RIDGEVIEW HEALTH SERVICES,015155,"907 11TH STREET, NE",JASPER,WALKER,106,48,44,20,84,90,67,0
ENGLEWOOD HEALTH CARE CENTER,015322,2046 SOUTH ALABAMA AVE,MONROEVILLE,MONROE,25,5,10,3,67,21,9,0
GENERATIONS OF RED BAY,015201,106 TENTH AVENUE NORTHWEST,RED BAY,FRANKLIN,1,12,9,0,62,4,53,0
EXTENDICARE HEALTH CENTER,015152,950 SOUTH ST. ANDREWS STREET,DOTHAN,HOUSTON,58,71,46,13,114,44,81,0
ASPIRE PHYSICAL RECOVERY CENTER OF WEST ALABAMA,015465,2400 HOSPITAL DRIVE,NORTHPORT,TUSCALOOSA,2,0,5,0,54,6,12,0
COLUMBIANA HEALTH AND REHABILITATION,015453,22969 HIGHWAY 25,COLUMBIANA,SHELBY,50,18,24,10,48,42,12,0
PERRY COUNTY NURSING HOME,015158,505 EAST LAFAYETTE STREET,MARION,PERRY,37,1,5,2,55,34,12,0
WOODHAVEN MANOR NURSING HOME,015177,105 WEST WINDSOR ST,DEMOPOLIS,MARENGO,10,15,5,1,60,7,16,0
HUNTER CREEK HEALTH AND REHABILITATION,015034,600 34TH ST,NORTHPORT,TUSCALOOSA,43,6,11,4,64,14,8,0
LUVERNE HEALTH AND REHABILITATION,015336,142 WEST THIRD STREET,LUVERNE,CRENSHAW,79,15,39,16,107,51,27,0
GOODWATER HEALTHCARE CENTER,015204,16 JONES HILL ROAD,GOODWATER,COOSA,0,0,1,0,63,1,0,0
CHARLTON PLACE REHABILITATION AND HEALTHCARE CENTER,015460,65 CHARLTON PLACE,DEATSVILLE,ELMORE,6,1,0,0,52,13,1,0
COLONIAL HAVEN CARE AND REHABILITATION CENTER,015396,616 ARMORY STREET,GREENSBORO,HALE,43,0,13,11,68,39,0,1
TWIN OAKS REHABILITATION AND HEALTHCARE CENTER,015211,857 CRAWFORD LANE,MOBILE,MOBILE,64,2,5,5,93,61,7,0
AZALEA GARDENS OF MOBILE,015151,1758 SPRINGHILL AVE,MOBILE,MOBILE,28,3,9,1,85,20,5,0
AHC MILLENIUM,015458,5275 MILLENNIUM DRIVE,HUNTSVILLE,MADISON,0,9,9,0,82,3,5,0
SOUTH HAVEN HEALTH AND REHABILITATION,015321,3141 OLD COLUMBIANA ROAD,BIRMINGHAM,JEFFERSON,60,18,26,18,67,43,2,0
OAK KNOLL HEALTH AND REHABILITATION,015117,824 SIXTH AVENUE WEST,BIRMINGHAM,JEFFERSON,2,10,5,0,95,7,0,0
ANDALUSIA MANOR,015416,670 MOORE RD,ANDALUSIA,COVINGTON,54,21,14,9,94,47,26,0
SUNSET MANOR,015149,251 SUNSET PLACE,GUIN,MARION,0,6,6,0,61,2,6,0
CHOCTAW HEALTH AND REHABILITATION,015164,1406 EAST PUSHMATAHA STREET,BUTLER,CHOCTAW,49,50,14,9,51,24,24,0
RUSSELLVILLE HEALTH CARE,015071,705 NORTHEAST GANDY STREET,RUSSELLVILLE,FRANKLIN,34,17,6,3,42,35,39,0
CHAPMAN HEALTHCARE CENTER,015221,3701 DADEVILLE ROAD,ALEXANDER CITY,TALLAPOOSA,6,0,10,1,148,4,0,0
HATLEY HEALTH CARE,015023,300 MEDICAL CENTER DRIVE,CLANTON,CHILTON,23,19,6,0,123,21,40,0
KELLER LANDING,015028,813 KELLER LANE,TUSCUMBIA,COLBERT,10,2,8,0,64,24,5,0
PLANTATION MANOR NURSING HOME,015015,6450 OLD TUSCALOOSA HIGHWAY   P O BOX 97,MC CALLA,JEFFERSON,0,0,7,0,87,0,0,0
FAIRHOPE HEALTH AND REHABILITATION,015222,108 SOUTH CHURCH STREET,FAIRHOPE,BALDWIN,3,4,0,0,65,15,0,0
HALEYVILLE HEALTH CARE CENTER,015157,2201 11TH AVENUE,HALEYVILLE,WINSTON,3,5,17,1,50,11,20,0
TRUSSVILLE HEALTH AND REHABILITATION CENTER,015467,119 WATTERSON PARKWAY,TRUSSVILLE,JEFFERSON,21,3,15,4,93,5,12,0
HILLVIEW TERRACE,015436,100 PERRY HILL RD,MONTGOMERY,MONTGOMERY,52,7,38,12,119,39,0,0
HUNTSVILLE HEALTH AND REHABILITATION,015440,4010 CHRIS DRIVE,HUNTSVILLE,MADISON,5,5,12,1,85,7,5,0
TRAYLOR RETIREMENT COMMUNITY,015126,1235 YANCEY STREET  P O BOX 467,ROANOKE,RANDOLPH,35,0,15,7,84,22,7,0
LIGHTHOUSE REHABILITATION AND HEALTHCARE CENTER,015413,2911 EARL GOODWIN PARKWAY,SELMA,DALLAS,19,12,8,3,59,11,5,0
LAUDERDALE CHRISTIAN NURSING HOME,015361,2019 COUNTY ROAD 394,KILLEN,LAUDERDALE,10,7,7,0,52,6,10,0
SANCTUARY AT THE WOODLANDS,015471,1910 CHEROKEE  AVENUE SW,CULLMAN,CULLMAN,,,,,,,,
GEORGIANA HEALTH AND REHABILITATION,015182,206 PALMER AVENUE,GEORGIANA,BUTLER,29,1,11,2,77,9,4,0
CAMDEN NURSING FACILITY,015374,210 PONDEROSA DRIVE,CAMDEN,WILCOX,29,4,10,6,50,35,9,0
OPP HEALTH AND REHABILITATION,015210,115 PAULK AVENUE  P O BOX 730,OPP,COVINGTON,86,4,38,18,130,46,5,0
CLAY COUNTY NURSING HOME,015124,83825 HIGHWAY 9   P O BOX 1270,ASHLAND,CLAY,57,18,13,12,59,23,30,0
ANNISTON HEALTH AND REHABILITATION SERVICES,015375,600 E 8TH STREET,ANNISTON,CALHOUN,1,0,7,0,62,9,0,0
MITCHELL-HOLLINGSWORTH NURSING AND REHABILITATION,015031,805 FLAGG CIRCLE,FLORENCE,LAUDERDALE,12,49,23,0,167,23,78,0
SELF HEALTH CARE AND REHABILITATION CENTER,015212,131 EAST CREST ROAD,HUEYTOWN,JEFFERSON,2,1,10,0,61,4,6,0
WIREGRASS REHABILITATION CENTER AND NURSING HOME,015150,1200 MAPLE AVENUE WEST,GENEVA,GENEVA,0,2,8,0,90,4,18,0
MEADOWVIEW NURSING CENTER,015400,7300 OLD HIGHWAY 78 EAST,PELL CITY,ST. CLAIR,25,34,2,1,43,12,52,0
HANCEVILLE NURSING AND REHABILITATION CENTER,015073,420 MAIN STREET NE,HANCEVILLE,CULLMAN,27,25,15,3,174,16,16,0
HERITAGE HEALTH CARE AND REHABILITATION,015371,1101 SNOWS MILL AVENUE,TUSCALOOSA,TUSCALOOSA,2,31,25,3,144,13,24,0
AZALEA GARDENS OF MOBILE,015151,1758 SPRINGHILL AVE,MOBILE,MOBILE,28,3,9,1,87,20,5,0
AHAVA HEALTHCARE OF ALABASTER,015144,"850 9TH STREET, NORTHWEST",ALABASTER,SHELBY,36,5,2,2,133,18,17,0
ASPIRE PHYSICAL RECOVERY CENTER OF WEST ALABAMA,015465,2400 HOSPITAL DRIVE,NORTHPORT,TUSCALOOSA,2,0,6,0,55,7,12,0
WOODHAVEN MANOR NURSING HOME,015177,105 WEST WINDSOR ST,DEMOPOLIS,MARENGO,10,15,5,1,60,8,17,0
AHC MILLENIUM,015458,5275 MILLENNIUM DRIVE,HUNTSVILLE,MADISON,0,9,10,0,82,3,5,0
SOUTH HAVEN HEALTH AND REHABILITATION,015321,3141 OLD COLUMBIANA ROAD,BIRMINGHAM,JEFFERSON,60,18,26,18,71,43,2,0
PERRY COUNTY NURSING HOME,015158,505 EAST LAFAYETTE STREET,MARION,PERRY,37,1,5,2,55,34,12,0
OAK KNOLL HEALTH AND REHABILITATION,015117,824 SIXTH AVENUE WEST,BIRMINGHAM,JEFFERSON,2,10,5,0,94,8,0,0
HUNTER CREEK HEALTH AND REHABILITATION,015034,600 34TH ST,NORTHPORT,TUSCALOOSA,43,6,11,4,69,14,8,0
LUVERNE HEALTH AND REHABILITATION,015336,142 WEST THIRD STREET,LUVERNE,CRENSHAW,80,15,41,17,109,51,27,0
CROWNE HEALTH CARE OF MONTGOMERY,015393,1837 UPPER WETUMPKA ROAD,MONTGOMERY,MONTGOMERY,42,2,39,7,135,24,6,0
GREENBRIAR AT THE ALTAMONT SKILLED NURSING FACILIT,015446,2831 HIGHLAND AVENUE SOUTH,BIRMINGHAM,JEFFERSON,26,0,9,5,75,32,0,0
TERRACE OAKS CARE AND REHABILITATION CENTER,015060,4201 BESSEMER SUPER HIGHWAY,BESSEMER,JEFFERSON,6,0,0,0,56,18,0,0
DIVERSICARE OF BIG SPRINGS,015111,500 ST. CLAIR AVENUE SOUTHWEST,HUNTSVILLE,MADISON,68,4,8,7,101,29,7,1
TALLASSEE HEALTH AND REHABILITATION,015139,2639 GILMER AVENUE  P O BOX 780277,TALLASSEE,ELMORE,3,1,21,0,83,12,8,0
ENTERPRISE HEALTH AND REHABILITATION CENTER,015320,300 PLAZA DRIVE P O BOX 311227,ENTERPRISE,COFFEE,20,0,42,0,170,39,30,0
FALKVILLE HEALTH CARE CENTER,015136,10 WEST 3RD STREET  PO BOX 409,FALKVILLE,MORGAN,70,21,14,10,74,32,22,0
EXTENDICARE HEALTH CENTER,015152,950 SOUTH ST. ANDREWS STREET,DOTHAN,HOUSTON,58,71,46,13,113,44,81,0
ANDALUSIA MANOR,015416,670 MOORE RD,ANDALUSIA,COVINGTON,54,21,15,9,95,48,26,0
WINDSOR HOUSE,015397,4411 MCALLISTER DRIVE,HUNTSVILLE,MADISON,25,0,7,0,96,35,1,0
SHADESCREST HEALTH CARE CENTER,015114,331 WEST 25TH STREET,JASPER,WALKER,38,9,11,3,80,26,50,0
ADAMS NURSING HOME,015386,1555 HILLABEE STREET,ALEXANDER CITY,TALLAPOOSA,0,5,3,0,60,2,6,0
MARSHALL MANOR NURSING HOME,015378,3120 NORTH STREET,GUNTERSVILLE,MARSHALL,1,2,15,0,75,11,9,0
COLONIAL HAVEN CARE AND REHABILITATION CENTER,015396,616 ARMORY STREET,GREENSBORO,HALE,43,0,13,11,69,39,0,1
LAFAYETTE EXTENDED CARE,015197,805 HOSPITAL STREET SOUTHWEST,LAFAYETTE,CHAMBERS,0,1,4,1,53,1,1,0
DIVERSICARE OF WINFIELD,015376,144 COUNTY HWY 14,WINFIELD,MARION,72,17,24,15,94,39,19,1
CROWNE HEALTH CARE OF FT PAYNE,015156,403 13TH STREET NORTHWEST,FORT PAYNE,DEKALB,27,0,6,2,93,26,5,1
ASHLAND PLACE HEALTH AND REHABILITATION,015103,148 TUSCALOOSA ST,MOBILE,MOBILE,82,19,38,21,102,27,5,0
CUMBERLAND HEALTH AND REHABILITATION,015420,47065 AL HIGHWAY 277,BRIDGEPORT,JACKSON,1,0,5,0,77,6,13,0
LAUDERDALE CHRISTIAN NURSING HOME,015361,2019 COUNTY ROAD 394,KILLEN,LAUDERDALE,10,7,7,0,52,6,10,0
COOSA VALLEY HEALTH AND REHABILITATION,015174,513 PINEVIEW AVENUE,GLENCOE,ETOWAH,55,60,14,9,86,35,35,0
CIVIC CENTER HEALTH AND REHABILITATION,015109,1201 22ND STREET NORTH,BIRMINGHAM,JEFFERSON,0,4,12,0,82,2,2,0
CANTERBURY HEALTH CARE FACILITY,015382,1720 KNOWLES ROAD,PHENIX CITY,RUSSELL,21,0,15,5,94,23,0,0
CHERRY HILL REHABILITATION AND HEALTHCARE CENTER,015445,1250 JEFF GERMANY PARKWAY,BIRMINGHAM,JEFFERSON,,,,,,,,
CAMDEN NURSING FACILITY,015374,210 PONDEROSA DRIVE,CAMDEN,WILCOX,29,4,10,6,49,35,9,0
ANNISTON HEALTH AND REHABILITATION SERVICES,015375,600 E 8TH STREET,ANNISTON,CALHOUN,1,0,7,0,57,9,0,0
TRUSSVILLE HEALTH AND REHABILITATION CENTER,015467,119 WATTERSON PARKWAY,TRUSSVILLE,JEFFERSON,22,3,17,4,89,6,12,0
SIGNATURE HEALTHCARE OF WHITESBURG GARDENS,015116,105 TEAKWOOD DRIVE SW,HUNTSVILLE,MADISON,75,2,26,8,91,56,0,0
GOODWATER HEALTHCARE CENTER,015204,16 JONES HILL ROAD,GOODWATER,COOSA,0,0,2,0,62,1,0,0
WALKER REHABILITATION CENTER,015408,350 NORTHEAST 4TH STREET     P O BOX 30,CARBON HILL,WALKER,18,8,4,4,43,29,4,0
SYLACAUGA HEALTH AND REHABILITATION SERVICES,015160,1007 W FORT WILLIAMS ST,SYLACAUGA,TALLADEGA,45,58,40,11,120,46,17,0
HATLEY HEALTH CARE,015023,300 MEDICAL CENTER DRIVE,CLANTON,CHILTON,55,19,9,2,120,57,42,0
NORTH HILL NURSING AND REHABILITATION CENTER,015091,200 NORTH PINE HILL ROAD,BIRMINGHAM,JEFFERSON,16,17,20,6,168,7,4,0
FAIRHOPE HEALTH AND REHABILITATION,015222,108 SOUTH CHURCH STREET,FAIRHOPE,BALDWIN,3,4,0,0,63,15,0,0
CLEBURNE COUNTY NURSING HOME,015053,122 BROCKFORD ROAD,HEFLIN,CLEBURNE,,,,,,,,
HALEYVILLE HEALTH CARE CENTER,015157,2201 11TH AVENUE,HALEYVILLE,WINSTON,5,5,17,1,51,12,20,0
OAKVIEW MANOR HEALTH CARE CENTER,015216,929 MIXON SCHOOL ROAD,OZARK,DALE,75,21,33,18,91,35,48,0
HUNTSVILLE HEALTH AND REHABILITATION,015440,4010 CHRIS DRIVE,HUNTSVILLE,MADISON,5,5,12,1,86,7,5,0
LINEVILLE HEALTH AND REHABILITATION,015142,88073 HIGHWAY 9,LINEVILLE,CLAY,16,29,10,0,89,11,20,0
ALICEVILLE MANOR NURSING HOME,015137,703 17TH STREET NORTHWEST,ALICEVILLE,PICKENS,6,15,4,0,76,11,26,0
CROWNE HEALTH CARE OF GREENVILLE,015193,408 COUNTRY CLUB DRIVE,GREENVILLE,BUTLER,58,13,23,19,69,36,19,0
MOUNDVILLE HEALTH AND REHABILITATION,015187,THIRD AVENUE    P O BOX 607,MOUNDVILLE,HALE,0,7,17,0,61,9,14,0
DECATUR HEALTH AND REHABILITATION CENTER,015206,2326 MORGAN AVENUE SOUTHWEST,DECATUR,MORGAN,58,82,19,9,68,32,19,0
MONTROSE BAY HEALTH AND REHABILITATION,015447,22670 MAIN STREET,FAIRHOPE,BALDWIN,12,0,0,0,58,11,0,0
WILLOWBROOKE CT SKILLED CARE CENTER AT MAGNOLIA TRACE,015450,ONE CROWN CIRCLE,HUNTSVILLE,MADISON,4,0,7,1,43,7,0,0
SPRINGHILL MANOR NURSING HOME,015415,3900 OLD SHELL ROAD,MOBILE,MOBILE,4,2,2,0,27,7,2,0
BIRMINGHAM NURSING AND REHABILITATION CENTER,015217,1000 DUGAN AVENUE,BIRMINGHAM,JEFFERSON,3,13,12,0,127,6,14,0
HEALTH CARE,015407,P O BOX 130,ASHVILLE,ST. CLAIR,0,0,2,0,49,3,5,0
CROWNE HEALTH CARE OF THOMASVILLE,015220,1425 MOSLEY DRIVE,THOMASVILLE,CLARKE,4,1,6,0,70,14,0,0
ALTOONA HEALTH AND REHABILITATION,015101,6532 WALNUT GROVE ROAD,ALTOONA,ETOWAH,23,3,4,4,38,25,1,0
PALM GARDENS HEALTH AND REHABILITATION,015403,3104 DAUPHIN SQUARE CONNECTOR,MOBILE,MOBILE,41,5,23,7,65,33,6,0
CORDOVA HEALTH AND REHABILITATION,015115,70 HIGHLAND STREET WEST,CORDOVA,WALKER,14,5,20,3,105,10,22,0
DIVERSICARE OF OXFORD,015132,1130 SOUTH HALE STREET,OXFORD,CALHOUN,72,0,12,9,100,28,0,0
BIBB MED CENTER NURSING HOME,015215,208 PIERSON AVE,CENTREVILLE,BIBB,98,8,22,15,96,35,0,0
MAGNOLIA RIDGE,015133,420 DEAN DRIVE,GARDENDALE,JEFFERSON,26,1,9,0,125,17,0,0
WEST GATE VILLAGE,015035,100 PINEVIEW AND THIRD P.O. BOX 49,BREWTON,ESCAMBIA,68,11,10,8,101,42,15,0
VILLAGE AT COOK SPRINGS SKILLED NURSING FACILITY,015195,415 COOK SPRINGS,PELL CITY,ST. CLAIR,71,11,28,20,93,27,36,0
WESTSIDE TERRACE HEALTH AND REHABILITATION CENTER,015425,501 NORTH WOODBURN DRIVE,DOTHAN,HOUSTON,6,12,12,0,139,14,21,0
ATTALLA HEALTH AND REHABILITATION,015203,915 STEWART AVENUE SOUTHEAST,ATTALLA,ETOWAH,41,0,17,7,80,65,13,0
WASHINGTON COUNTY NURSING HOME,015123,14600 ST STEPHENS AVENUE,CHATOM,WASHINGTON,24,21,9,4,77,23,15,1
CRIMSON HEALTH AND REHABILITATION,015037,3312 WOODLEY ROAD,MONTGOMERY,MONTGOMERY,3,0,2,0,49,11,0,0
REGENCY HEALTH CARE AND REHABILITATION CENTER,015372,"2061 POOLE DRIVE, NW",HUNTSVILLE,MADISON,1,4,0,0,74,1,2,0
PHENIX CITY HEALTH CARE,015331,3900 LAKEWOOD DRIVE,PHENIX CITY,RUSSELL,0,0,9,0,72,16,1,0
SOUTH HEALTH AND REHABILITATION,015097,1220 SOUTH 17TH STREET,BIRMINGHAM,JEFFERSON,45,1,5,2,61,42,3,1
CAREGIVERS OF PLEASANT GROVE,015044,700 FIRST AVENUE,PLEASANT GROVE,JEFFERSON,34,21,15,11,48,8,3,0
DIVERSICARE OF ARAB,015148,235 THIRD STREET SE,ARAB,MARSHALL,1,0,8,0,76,1,10,0
SOUTHLAND NURSING HOME,015104,500 SHIVERS TERRACE,MARION,PERRY,,,,,,,,
"FOLSOM CENTER FOR REHABILITATION AND HEALTHCARE, T",015437,401 ARNOLD STREET N.E.,CULLMAN,CULLMAN,7,31,24,0,76,12,68,1
MONTGOMERY HEALTH AND REHABILITATION,015228,4490 VIRGINIA LOOP ROAD,MONTGOMERY,MONTGOMERY,17,3,6,1,81,19,14,0
SOUTH HAMPTON NURSING AND REHABILITATION CENTER,015448,213 WILSON MANN ROAD,OWENS CROSS ROADS,MADISON,0,1,3,0,57,1,5,0
VALLEY VIEW HEALTH AND REHABILITATION,015431,5968 WALL TRIANA HIGHWAY,MADISON,MADISON,13,3,16,1,133,11,15,0
FAIRVIEW AT REDSTONE VILLAGE,015454,12000 TURNMEYER DRIVE,HUNTSVILLE,MADISON,6,2,7,0,48,4,14,0
KNOLLWOOD HEALTHCARE,015463,3151-A KNOLLWOOD DRIVE,MOBILE,MOBILE,26,18,16,14,62,50,35,0
PIEDMONT HEALTH CARE CENTER,015194,30 ROUNDTREE DRIVE,PIEDMONT,CALHOUN,30,3,13,1,70,8,9,0
EAMC LANIER NURSING HOME,015045,4800 48TH STREET,VALLEY,CHAMBERS,0,39,16,0,90,10,78,0
GENERATIONS OF VERNON,015227,1050 CONVALESCENT ROAD,VERNON,LAMAR,8,9,3,0,107,21,32,0
SUMMERFORD NURSING HOME,015075,4087 HIGHWAY 31 SOUTHWEST,FALKVILLE,MORGAN,7,27,40,0,193,20,112,0
ARBOR WOODS HEALTH AND REHABILITATION,015141,515 2ND AVENUE NORTHWEST,REFORM,PICKENS,0,0,2,0,52,2,2,0
BIRMINGHAM NURSING AND REHABILITATION CENTER EAST,015134,733 MARY VANN LANE,BIRMINGHAM,JEFFERSON,4,0,5,0,124,15,0,0
ATMORE NURSING CENTER,015129,715 EAST LAUREL STREET,ATMORE,ESCAMBIA,36,3,14,7,73,23,9,0
KENSINGTON HEALTH AND REHABILITATION,015429,550 CONGRESS STREET,MOBILE,MOBILE,70,2,12,5,101,39,8,0
CROWNE HEALTH CARE OF SPRINGHILL,015426,3712 DAUPHIN ST,MOBILE,MOBILE,2,0,3,0,18,4,0,0
DIVERSICARE OF ONEONTA,015159,215 VALLEY ROAD,ONEONTA,BLOUNT,28,1,10,0,102,49,7,1
CROWNE HEALTH CARE OF MOBILE,015100,954 NAVCO ROAD,MOBILE,MOBILE,7,0,8,5,106,14,2,1
PARK MANOR HEALTH AND REHABILITATION,015326,2201 MCFARLAND BOULEVARD,NORTHPORT,TUSCALOOSA,68,12,18,1,111,31,20,0
ASPIRE PHYSICAL RECOVERY CENTER AT HOOVER,015464,575 SOUTHLAND DRIVE,HOOVER,JEFFERSON,3,17,19,0,97,12,25,0
MCGUFFEY HEALTH AND REHABILITATION CENTER,015202,2301 RAINBOW DRIVE,GADSDEN,ETOWAH,25,23,24,1,148,21,56,0
MOUNT ROYAL TOWERS,015455,300 ROYAL TOWER DRIVE,BIRMINGHAM,JEFFERSON,1,1,9,0,115,8,7,0
BARON HOUSE OF HUEYTOWN,015404,190 BROOKLANE DRIVE,HUEYTOWN,JEFFERSON,3,0,18,11,28,25,23,0
CHEROKEE COUNTY HEALTH AND REHABILITATION CENTER,015200,877 CEDAR BLUFF ROAD,CENTRE,CHEROKEE,51,3,36,11,139,53,2,0
MARENGO NURSING HOME,015330,608 NORTH MAIN STREET,LINDEN,MARENGO,0,3,7,0,61,7,7,0
COLUMBIANA HEALTH AND REHABILITATION,015453,22969 HIGHWAY 25,COLUMBIANA,SHELBY,50,18,24,10,46,43,13,0
DIVERSICARE OF BOAZ,015063,600 CORLEY AVENUE,BOAZ,MARSHALL,8,0,6,0,88,18,0,0
ST MARTIN'S IN THE PINES,015433,4941 MONTEVALLO ROAD,BIRMINGHAM,JEFFERSON,10,0,15,0,95,22,0,0
TWIN OAKS REHABILITATION AND HEALTHCARE CENTER,015211,857 CRAWFORD LANE,MOBILE,MOBILE,66,2,9,9,89,64,7,0
HIGHLANDS HEALTH AND REHABILITATION,015012,380 WOODS COVE ROAD,SCOTTSBORO,JACKSON,2,32,10,0,42,3,35,0
ROANOKE REHABILITATION AND HEALTHCARE CENTER,015424,680 SEYMOUR DRIVE,ROANOKE,RANDOLPH,39,17,6,6,45,34,9,0
GALLERIA WOODS SKILLED NURSING FACILITY,015459,3850 GALLERIA WOODS DRIVE,BIRMINGHAM,JEFFERSON,0,1,2,0,30,5,0,0
ALLEN HEALTH AND REHABILITATION,015098,735 SOUTH WASHINGTON AVENUE,MOBILE,MOBILE,41,26,14,8,57,41,6,0
ARBOR SPRINGS HEALTH AND REHABILITATION CENTER,015192,1910 PEPPERELL PKWY,OPELIKA,LEE,69,0,60,19,102,61,2,0
CROSSVILLE HEALTH AND REHABILITATION,015176,8922 HIGHWAY 227,CROSSVILLE,DEKALB,77,4,28,5,130,56,10,0
COLLINSVILLE HEALTHCARE AND REHABILITATION,015207,685 NORTH VALLEY AVE,COLLINSVILLE,DEKALB,1,16,14,0,153,16,34,1
EL REPOSO NURSING FACILITY,015402,260 MILNER CHAPEL ROAD,FLORENCE,LAUDERDALE,0,3,10,0,58,2,14,0
RIDGEVIEW HEALTH SERVICES,015155,"907 11TH STREET, NE",JASPER,WALKER,106,48,45,20,87,90,67,0
ORCHARD REHABILITATION AND HEALTHCARE CENTER,015442,629 STATE HIGHWAY 21 SOUTH,HAYNEVILLE,LOWNDES,9,0,4,4,54,20,0,0
LEGACY HEALTH AND REHABILITATION OF PLEASANT GROVE,015461,30 7TH STREET,PLEASANT GROVE,JEFFERSON,1,32,10,0,121,7,12,1
MADISON MANOR NURSING HOME,015214,3891 SULLIVAN ST,MADISON,MADISON,0,7,9,0,67,5,14,0
OZARK HEALTH AND REHABILITATION,015208,312 BRYAN DRIVE,OZARK,DALE,78,7,36,18,106,65,3,0
CLOVERDALE REHABILITATION AND NURSING CENTER,015184,412 CLOVERDALE ROAD,SCOTTSBORO,JACKSON,36,15,23,2,115,20,59,0
LYNWOOD NURSING HOME,015434,4164 HALLS MILL ROAD,MOBILE,MOBILE,55,0,20,18,82,39,10,0
GADSDEN HEALTH AND REHABILITATION CENTER,015180,1945 DAVIS DRIVE,GADSDEN,ETOWAH,69,108,22,11,120,36,16,1
"NHC HEALTHCARE, MOULTON",015128,300 HOSPITAL STREET,MOULTON,LAWRENCE,65,1,8,7,91,34,1,0
EAST GLEN,015388,53 MEDICAL PARK DRIVE EAST,BIRMINGHAM,JEFFERSON,0,0,0,0,93,9,5,0
SELMA HEALTH AND REHABILITATION,015119,11 BELL ROAD,SELMA,DALLAS,53,11,4,0,106,26,5,0
EASTERN SHORE REHABILITATION AND HEALTH CENTER,015049,"101 VILLA DRIVE, P O BOX 1090",DAPHNE,BALDWIN,13,34,29,0,70,11,13,0
ENGLEWOOD HEALTH CARE CENTER,015322,2046 SOUTH ALABAMA AVE,MONROEVILLE,MONROE,25,5,11,3,67,21,9,0
MITCHELL-HOLLINGSWORTH NURSING AND REHABILITATION,015031,805 FLAGG CIRCLE,FLORENCE,LAUDERDALE,12,51,25,0,165,24,80,0
BROOKDALE UNIVERSITY PARK SNF (AL),015423,501 UNIVERSITY PARK DRIVE,BIRMINGHAM,JEFFERSON,5,2,20,0,44,10,15,0
TERRACE MANOR NURSING AND REHABILITATION CENTER,015066,390 UNDERWOOD ROAD,RUSSELLVILLE,FRANKLIN,0,3,4,0,46,5,24,0
FLORENCE NURSING AND REHABILITATION CENTER,015169,2107 CLOYD BLVD,FLORENCE,LAUDERDALE,64,30,45,16,123,51,28,0
ATHENS HEALTH AND REHABILITATION,015016,611 WEST MARKET STREET,ATHENS,LIMESTONE,0,8,31,0,126,5,20,0
SELF HEALTH CARE AND REHABILITATION CENTER,015212,131 EAST CREST ROAD,HUEYTOWN,JEFFERSON,2,1,13,0,61,4,6,0
WIREGRASS REHABILITATION CENTER AND NURSING HOME,015150,1200 MAPLE AVENUE WEST,GENEVA,GENEVA,0,3,9,0,90,4,18,0
COTTAGE OF THE SHOALS,015067,500 JOHN ALDRIDGE DRIVE,TUSCUMBIA,COLBERT,17,7,9,1,70,23,18,0
HANCEVILLE NURSING AND REHABILITATION CENTER,015073,420 MAIN STREET NE,HANCEVILLE,CULLMAN,27,25,15,3,181,16,18,0
CHOCTAW HEALTH AND REHABILITATION,015164,1406 EAST PUSHMATAHA STREET,BUTLER,CHOCTAW,49,50,14,9,50,24,24,0
WETUMPKA HEALTH AND REHABILITATION,015027,1825 HOLTVILLE ROAD,WETUMPKA,ELMORE,45,3,30,4,97,32,6,0
LAFAYETTE NURSING HOME,015414,555 B STREET SW,LAFAYETTE,CHAMBERS,4,0,5,0,50,2,1,0
HILLVIEW TERRACE,015436,100 PERRY HILL RD,MONTGOMERY,MONTGOMERY,52,7,39,12,121,42,0,0
CLAY COUNTY NURSING HOME,015124,83825 HIGHWAY 9   P O BOX 1270,ASHLAND,CLAY,57,18,13,12,59,23,31,0
NORTH MOBILE NURSING AND REHABILITATION CENTER,015183,4525 ST STEPHENS ROAD,EIGHT MILE,MOBILE,45,36,23,13,128,39,26,0
MEADOWVIEW NURSING CENTER,015400,7300 OLD HIGHWAY 78 EAST,PELL CITY,ST. CLAIR,28,34,5,4,42,12,52,0
FAIR HAVEN,015076,1424 MONTCLAIR ROAD,BIRMINGHAM,JEFFERSON,36,1,40,4,208,20,2,0
HENRY COUNTY HEALTH AND REHABILITATION FACILITY,015373,212 DOTHAN ROAD,ABBEVILLE,HENRY,29,72,30,5,80,28,66,0
GEORGIANA HEALTH AND REHABILITATION,015182,206 PALMER AVENUE,GEORGIANA,BUTLER,29,1,12,2,77,9,4,0
OPP HEALTH AND REHABILITATION,015210,115 PAULK AVENUE  P O BOX 730,OPP,COVINGTON,86,11,40,19,135,47,13,0
RUSSELLVILLE HEALTH CARE,015071,705 NORTHEAST GANDY STREET,RUSSELLVILLE,FRANKLIN,34,17,6,3,41,35,40,0
KELLER LANDING,015028,813 KELLER LANE,TUSCUMBIA,COLBERT,10,2,9,0,63,25,5,0
TRAYLOR RETIREMENT COMMUNITY,015126,1235 YANCEY STREET  P O BOX 467,ROANOKE,RANDOLPH,41,0,15,7,83,23,8,0
LIGHTHOUSE REHABILITATION AND HEALTHCARE CENTER,015413,2911 EARL GOODWIN PARKWAY,SELMA,DALLAS,21,12,8,3,58,17,5,0
SUNSET MANOR,015149,251 SUNSET PLACE,GUIN,MARION,0,6,6,0,61,3,6,0
GRAND BAY CONVALESCENT HOME,015406,13750 HIGHWAY 90 WEST P.O. BOX 328,GRAND BAY,MOBILE,1,2,8,0,64,12,0,0
"NHC HEALTHCARE, ANNISTON",015120,2300 COLEMAN RD,ANNISTON,CALHOUN,13,20,54,0,129,29,80,0
TROY HEALTH AND REHABILITATION CENTER,015213,515 ELBA HIGHWAY,TROY,PIKE,24,45,14,3,135,14,35,0
DIVERSICARE OF MONTGOMERY,015040,2020 NORTH COUNTRY CLUB DRIVE,MONTGOMERY,MONTGOMERY,66,1,14,11,85,30,15,0
CHAPMAN HEALTHCARE CENTER,015221,3701 DADEVILLE ROAD,ALEXANDER CITY,TALLAPOOSA,6,0,11,1,145,5,0,0
PLANTATION MANOR NURSING HOME,015015,6450 OLD TUSCALOOSA HIGHWAY   P O BOX 97,MC CALLA,JEFFERSON,0,0,7,0,86,1,0,0
SANCTUARY AT THE WOODLANDS,015471,1910 CHEROKEE  AVENUE SW,CULLMAN,CULLMAN,,,,,,,,
BROWN NURSING HOME,015191,2334 WASHINGTON STREET,ALEXANDER CITY,TALLAPOOSA,2,7,5,0,65,1,15,0
SOUTHERN SPRINGS HEALTHCARE FACILITY,015171,745 SOUTHERN SPRINGS ROAD,UNION SPRINGS,BULLOCK,57,42,13,10,92,42,6,0
OAKWOOD-NORTH BALDWIN'S CENTER FOR LIVING,015417,2010 MEDICAL CENTER DRIVE,BAY MINETTE,BALDWIN,22,12,7,3,66,16,34,0
EVERGREEN NURSING HOME,015089,100 SANDERS DRIVE,EVERGREEN,CONECUH,41,0,7,6,51,23,0,0
PARKWOOD HEALTH CARE FACILITY,015179,3301 STADIUM DRIVE,PHENIX CITY,RUSSELL,2,3,23,0,66,12,14,0
SHELBY RIDGE NURSING HOME,015411,881 3RD STREET NORTHEAST,ALABASTER,SHELBY,46,65,37,12,115,28,59,0
FATHER PURCELL MEMORIAL EXCEPTIONAL CHILDREN'S CENTER,01A193,2048 W FAIRVIEW AVE,MONTGOMERY,MONTGOMERY,10,0,0,0,46,6,0,0
COOSA VALLEY HEALTHCARE CENTER,015010,260 WEST WALNUT STREET,SYLACAUGA,TALLADEGA,0,32,0,0,73,5,37,0
OAK PARK,015452,1365 GATEWOOD DRIVE,AUBURN,LEE,3,12,7,0,76,4,19,0
TALLADEGA HEALTHCARE CENTER,015162,616 CHAFFEE STREET,TALLADEGA,TALLADEGA,107,205,10,4,176,46,59,0
EASTVIEW REHABILITATION AND HEALTHCARE CENTER,015014,7755 FOURTH AVENUE SOUTH,BIRMINGHAM,JEFFERSON,29,4,6,0,69,27,1,0
DIVERSICARE OF PELL CITY,015189,"510 WOLF CREEK ROAD, NORTH",PELL CITY,ST. CLAIR,79,2,21,16,56,40,3,0
JOHN KNOX MANOR INC I I,015135,4401 NARROW LANE ROAD,MONTGOMERY,MONTGOMERY,0,1,6,0,48,2,8,0
PRATTVILLE HEALTH AND REHABILITATION,015065,601 JASMINE TRAIL,PRATTVILLE,AUTAUGA,21,11,26,2,131,30,15,0
JACKSON HEALTH CARE FACILITY,015188,2616 NORTH COLLEGE AVENUE,JACKSON,CLARKE,0,9,20,0,71,9,25,0
MARION REGIONAL NURSING HOME,015167,184 SASSER DRIVE,HAMILTON,MARION,34,37,20,7,56,28,59,1
EAST ALABAMA MEDICAL CENTER SKILLED NURSING FACILI,015410,2000 PEPPERELL PARKWAY,OPELIKA,LEE,3,1,4,0,17,2,9,0
FAYETTE MEDICAL CENTER LONG TERM CARE UNIT,015154,1653 TEMPLE AVENUE NORTH,FAYETTE,FAYETTE,13,27,9,3,97,23,27,0
BROOKSHIRE HEALTHCARE CENTER,015127,4320 JUDITH LANE,HUNTSVILLE,MADISON,35,1,7,3,99,15,7,0
DIVERSICARE OF FOLEY,015032,1701 NORTH ALSTON STREET,FOLEY,BALDWIN,54,1,11,8,85,76,8,1
WEST HILL HEALTH AND REHABILITATION,015303,1028 BESSEMER RD,BIRMINGHAM,JEFFERSON,61,1,12,1,58,23,0,0
DIVERSICARE OF LANETT,015196,702 SOUTH 13TH STREET,LANETT,CHAMBERS,9,1,34,0,75,17,6,0
MOBILE NURSING AND REHABILITATION CENTER,015379,7020 BRUNS DRIVE,MOBILE,MOBILE,39,17,4,2,86,25,11,0
PARK PLACE,015084,100 PARK PLACE,SELMA,DALLAS,46,0,12,12,81,49,1,0
NORTHSIDE HEALTH CARE,015223,700 HUTCHINS AVENUE,GADSDEN,ETOWAH,34,4,4,1,85,40,8,0
HERITAGE HEALTH CARE AND REHABILITATION,015371,1101 SNOWS MILL AVENUE,TUSCALOOSA,TUSCALOOSA,2,31,26,3,143,13,24,0
ROBERTSDALE REHABILITATION AND HEALTHCARE CENTER,015443,18700 U S HIGHWAY 90,ROBERTSDALE,BALDWIN,46,1,0,0,115,40,3,0
MONTGOMERY CHILDREN'S SPECIALTY CENTER,01A208,2853 FORBES DRIVE,MONTGOMERY,MONTGOMERY,7,0,0,0,45,14,1,0
FOREST MANOR HEALTH AND REHABILITATION,015143,2215 32ND STREET,NORTHPORT,TUSCALOOSA,65,27,28,13,131,36,36,1
ARLINGTON REHABILITATION AND HEALTHCARE CENTER,015153,"1020 TUSCALOOSA AVENUE, SW",BIRMINGHAM,JEFFERSON,73,0,18,12,88,42,3,0
GULF COAST HEALTH AND REHABILITATION,015456,8002 GRELOT ROAD,MOBILE,MOBILE,21,12,8,1,80,22,3,0
CROWNE HEALTH CARE OF EUFAULA,015199,430 RIVERS AVENUE,EUFAULA,BARBOUR,56,24,19,4,134,20,25,0
BARFIELD HEALTH CARE,015225,22444 HIGHWAY 431,GUNTERSVILLE,MARSHALL,1,9,32,0,104,3,41,0
ELBA NURSING AND REHABILITATION CENTER,015083,987 DRAYTON STREET,ELBA,COFFEE,21,8,16,2,100,9,11,0
GLEN HAVEN HEALTH AND REHABILITATION,015186,2201 32ND STREET,NORTHPORT,TUSCALOOSA,31,16,25,6,152,38,6,1
CYPRESS COVE CARE CENTER,015392,200 ALABAMA AVENUE,MUSCLE SHOALS,COLBERT,27,7,11,0,66,20,5,0
WILLOWBROOKE CT SKILLED CARE CENTER WESTMINSTER VLG,015381,500 SPANISH FORT BLVD,SPANISH FORT,BALDWIN,8,0,10,1,36,12,2,0
GREENE COUNTY NURSING HOME,015178,509 WILSON AVE,EUTAW,GREENE,22,0,12,12,37,4,0,0
MAGNOLIA HAVEN HEALTH AND REHABILITATION CENTER,015112,603 WRIGHT STREET,TUSKEGEE,MACON,,,,,,,,
CROWNE HEALTH CARE OF CITRONELLE,015121,19225 NORTH 4TH STREET,CITRONELLE,MOBILE,46,2,12,5,62,42,1,1
MERRY WOOD LODGE,015019,P O BOX 130,ELMORE,ELMORE,55,40,18,5,78,50,13,0
CAPITOL HILL HEALTHCARE CENTER,015390,520 SOUTH HULL STREET,MONTGOMERY,MONTGOMERY,63,32,32,16,194,31,28,1
WOODLAND VILLAGE REHABILITATION AND HEALTHCARE CENTER,015383,1900 OLIVE STREET,CULLMAN,CULLMAN,3,13,39,1,113,4,30,0
CULLMAN HEALTH CARE CENTER,015048,1607 MAIN AVE NE,CULLMAN,CULLMAN,0,0,7,0,76,1,40,0
SPRINGHILL SENIOR RESIDENCE,015435,3717 DAUPHIN STREET,MOBILE,MOBILE,0,29,15,0,67,4,63,0
SENIOR REHABILITATION AND RECOVERY AT LIMESTONE HEALTH FACILI,015024,1600 WEST HOBBS STREET,ATHENS,LIMESTONE,80,61,55,11,110,32,47,0
GENERATIONS OF RED BAY,015201,106 TENTH AVENUE NORTHWEST,RED BAY,FRANKLIN,1,12,9,0,62,4,56,0
ASPIRE PHYSICAL RECOVERY CENTER AT CAHABA RIVER,015468,3070 HEALTHY WAY,VESTAVIA,JEFFERSON,8,1,20,0,92,12,2,0
FLORALA HEALTH AND REHABILITATION,015451,23621 GOLDENROD AVENUE,FLORALA,COVINGTON,6,0,11,1,72,8,1,0
HARTFORD HEALTH CARE,015419,217 TORO ROAD,HARTFORD,GENEVA,9,1,1,0,79,7,1,0
HENDRIX HEALTH AND REHABILITATION,015138,1000 HIGHWAY 33,DOUBLE SPRINGS,WINSTON,45,8,23,2,89,20,15,0
LITTLE SISTERS OF THE POOR SACRED HEART RESIDENCE,015168,1655 MCGILL AVENUE,MOBILE,MOBILE,25,1,8,2,62,50,1,0
WESLEY PLACE ON HONEYSUCKLE,015175,718 HONEYSUCKLE ROAD,DOTHAN,HOUSTON,51,4,18,9,142,42,20,0
DIVERSICARE OF BESSEMER,015209,820 GOLF COURSE ROAD,BESSEMER,JEFFERSON,71,2,39,26,123,48,3,1
NORTHWAY HEALTH AND REHABILITATION,015047,1424 NORTH 25TH STREET,BIRMINGHAM,JEFFERSON,8,5,7,0,102,9,3,0
MONROE MANOR HEALTH AND REHABILITATION CENTER,015398,236 WEST CLAIBORNE STREET,MONROEVILLE,MONROE,53,11,6,4,62,52,24,0
ALBERTVILLE NURSING HOME,015163,750 ALABAMA HIGHWAY 75 NORTH,ALBERTVILLE,MARSHALL,65,37,33,13,146,54,30,0
BURNS NURSING HOME,015009,701 MONROE STREET NW,RUSSELLVILLE,FRANKLIN,47,1,6,5,55,39,14,0
RIDGEWOOD HEALTH SERVICES,015315,201 OAKHILL ROAD,JASPER,WALKER,13,1,20,1,80,22,0,0
JACKSONVILLE HEALTH AND REHABILITATION,015391,410 WILSON DRIVE SOUTHWEST,JACKSONVILLE,CALHOUN,75,9,29,15,133,50,8,0
OAKS ON PARKWOOD SKILLED NURSING FACILITY,015369,2625 LAUREL OAK DRIVE,BESSEMER,JEFFERSON,6,0,41,1,120,9,6,0
RIVER CITY CENTER,015113,1350 FOURTEENTH AVENUE SOUTHEAST,DECATUR,MORGAN,50,10,20,0,125,28,1,0
DADEVILLE HEALTHCARE CENTER,015166,351 NORTH EAST STREET,DADEVILLE,TALLAPOOSA,54,2,17,8,82,20,1,0
TLC NURSING CENTER,015422,212 ELLEN STREET,ONEONTA,BLOUNT,52,7,25,10,68,26,0,0
OAK TRACE CARE AND REHABILITATION CENTER,015050,325 SELMA ROAD,BESSEMER,JEFFERSON,11,0,10,1,65,17,0,0
DIVERSICARE OF RIVERCHASE,015145,2500 RIVERHAVEN DRIVE,BIRMINGHAM,JEFFERSON,62,26,16,13,98,39,11,0
CHARLTON PLACE REHABILITATION AND HEALTHCARE CENTER,015460,65 CHARLTON PLACE,DEATSVILLE,ELMORE,6,1,0,0,53,13,1,0
SUMTER HEALTH AND REHABILITATION,015042,1505 EAST 4TH AVENUE,YORK,SUMTER,84,1,14,3,69,76,10,0
KIRKWOOD BY THE RIVER,015457,3605 RATLIFF ROAD,BIRMINGHAM,JEFFERSON,20,0,7,7,39,11,0,0
GLENWOOD CENTER,015147,211 ANA DRIVE,FLORENCE,LAUDERDALE,10,7,18,0,98,7,24,0
