Week Ending,Federal Provider Number,Provider Name,Provider Address,Provider City,Provider State,Provider Zip Code,Submitted Data,Passed Quality Assurance Check,Residents Weekly Admissions COVID-19,Residents Total Admissions COVID-19,Residents Weekly Confirmed COVID-19,Residents Total Confirmed COVID-19,Residents Weekly Suspected COVID-19,Residents Total Suspected COVID-19,Residents Weekly All Deaths,Residents Total All Deaths,Residents Weekly COVID-19 Deaths,Residents Total COVID-19 Deaths,Number of All Beds,Total Number of Occupied Beds,Resident Access to Testing in Facility,Laboratory Type Is State Health Dept,Laboratory Type Is Private Lab,Laboratory Type Is Other,Able to Test or Obtain Resources to Test All Current Residents Within Next 7 Days,Reason for Not Testing Residents - Lack of PPE for Personnel ,Reason for Not Testing Residents - Lack of Supplies,Reason for Not Testing Residents  - Lack of Access to Laboratory,Reason for Not Testing Residents - Lack of Access to Trained Personnel ,Reason for Not Testing Residents  - Uncertainty About Reimbursement,Reason for Not Testing Residents  - Other,During Past Two Weeks Average Time to Receive Resident Test Results,Has Facility Performed Resident Tests Since Last Report,Tested Residents with New Signs or Symptoms,Tested Asymptomatic Residents in a Unit or Section After a New Case,Tested Asymptomatic Residents Facility-Wide After a New Case,Tested Asymptomatic Residents Without Known Exposure as Surveillance,Tested Another Subgroup of Residents,Able to Test or Obtain Resources to Test All Staff and/or Personnel Within Next 7 Days,Reason for Not Testing Staff and/or Personnel - Lack of PPE for Personnel ,Reason for Not Testing Staff and/or Personnel - Lack of Supplies,Reason for Not Testing Staff and/or Personnel - Lack of Access to Laboratory,Reason for Not Testing Staff and/or Personnel  - Lack of Access to Trained Personnel ,Reason for Not Testing Staff and/or Personnel - Uncertainty About Reimbursement,Reason for Not Testing Staff and/or Personnel - Other,During Past Two Weeks Average Time to Receive Staff and/or Personnel Test Results,Has Facility Performed Staff and/or Personnel Tests Since Last Report,Tested Staff and/or Personnel with New Signs or Symptoms,Tested Asymptomatic Staff and/or Personnel in a Unit or Section After a New Case,Tested Asymptomatic Staff and/or Personnel Facility-Wide After a New Case,Tested Asymptomatic Staff and/or Personnel Without Known Exposure as Surveillance,Tested Another Subgroup of Staff and/or Personnel,In-House Point-of-Care Test Machine,COVID-19 Point-of-Care Tests Performed on Residents Since Last Report,COVID-19 Point-of-Care Tests Performed on Staff and/or Personnel Since Last Report,Enough Supplies to Test All Staff and/or Personnel Using Point-of-Care Test Machine,Staff Weekly Confirmed COVID-19,Staff Total Confirmed COVID-19,Staff Weekly Suspected COVID-19,Staff Total Suspected COVID-19,Staff Weekly COVID-19 Deaths,Staff Total COVID-19 Deaths,Shortage of Nursing Staff,Shortage of Clinical Staff,Shortage of Aides,Shortage of Other Staff,Any Current Supply of N95 Masks,One-Week Supply of N95 Masks,Any Current Supply of Surgical Masks,One-Week Supply of Surgical Masks,Any Current Supply of Eye Protection,One-Week Supply of Eye Protection,Any Current Supply of Gowns,One-Week Supply of Gowns,Any Current Supply of Gloves,One-Week Supply of Gloves,Any Current Supply of Hand Sanitizer,One-Week Supply of Hand Sanitizer,Ventilator Dependent Unit,Number of Ventilators in Facility,Number of Ventilators in Use for COVID-19,Any Current Supply of Ventilator Supplies,One-Week Supply of Ventilator Supplies,"Weekly Resident Confirmed COVID-19 Cases Per 1,000 Residents","Weekly Resident COVID-19 Deaths Per 1,000 Residents","Total Resident Confirmed COVID-19 Cases Per 1,000 Residents","Total Resident COVID-19 Deaths Per 1,000 Residents",Total Residents COVID-19 Deaths as a Percentage of Confirmed COVID-19 Cases,County,Three or More Confirmed COVID-19 Cases This Week,Initial Confirmed COVID-19 Case This Week,Geolocation
10/25/2020,505409,SUMMITVIEW HEALTHCARE CENTER,3801 SUMMITVIEW AVENUE,YAKIMA,WA,98902,Y,Y,0,0,0,7,0,0,0,2,0,1,78,50,,,,,Y,N,N,N,N,N,N,<1 DAY,Y,N,N,N,N,Y,Y,N,N,N,N,N,N,<1 DAY,Y,N,N,N,Y,N,Y,0,92,Y,0,24,0,10,0,0,N,N,N,N,Y,Y,Y,Y,Y,Y,Y,Y,Y,Y,Y,Y,N,,,,,0,0,140.0,20.0,14.3,Yakima,N,N,POINT (-120.56045 46.599906)
10/25/2020,505096,TOPPENISH NURSING & REHAB CENTER,802 WEST THIRD AVENUE,TOPPENISH,WA,98948,Y,Y,0,12,0,6,0,0,0,13,0,10,75,57,,,,,Y,N,N,N,N,N,N,1-2 DAYS,Y,N,N,N,Y,N,Y,N,N,N,N,N,N,<1 DAY,Y,N,N,N,Y,N,Y,5,62,Y,0,1,0,0,0,0,N,N,N,N,Y,Y,Y,Y,Y,Y,Y,Y,Y,Y,Y,Y,N,,,,,0,0,105.3,175.4,166.7,Yakima,N,N,POINT (-120.323314 46.373235)
10/25/2020,505255,AVALON CARE CENTER - OTHELLO LLC,495 NORTH THIRTEENTH STREET,OTHELLO,WA,99344,Y,Y,0,0,0,5,0,0,0,1,0,0,39,22,,,,,Y,N,N,N,N,N,N,N/A,N,N,N,N,N,N,Y,N,N,N,N,N,N,<1 DAY,Y,N,N,N,Y,N,Y,0,32,Y,0,3,0,0,0,0,N,N,N,N,Y,Y,Y,Y,Y,Y,Y,Y,Y,Y,Y,Y,N,,,,,0,0,227.3,0.0,0.0,Adams,N,N,POINT (-119.15617000000002 46.831117)
10/25/2020,505339,REGENCY NORTH BEND REHAB & NURSING CENTER,219 CEDAR AVENUE SOUTH,NORTH BEND,WA,98045,Y,Y,0,0,0,0,0,0,0,5,0,0,64,44,,,,,Y,N,N,N,N,N,N,1-2 DAYS,N,N,N,N,N,N,Y,N,N,N,N,N,N,1-2 DAYS,Y,N,N,N,Y,N,Y,0,0,Y,0,3,0,3,0,0,N,N,N,N,Y,Y,Y,Y,Y,Y,Y,Y,Y,Y,Y,Y,N,,,,,0,0,0.0,0.0,,King,N,N,POINT (-121.78589700000002 47.493352)
10/25/2020,505223,AVAMERE BELLINGHAM HEALTH CARE & REHAB SERVICES,1200 BIRCHWOOD AVENUE,BELLINGHAM,WA,98225,Y,Y,0,0,0,0,0,0,0,0,0,0,84,60,,,,,Y,N,N,N,N,N,N,1-2 DAYS,Y,N,N,N,Y,N,Y,N,N,N,N,N,N,1-2 DAYS,Y,N,N,N,Y,N,Y,0,1,Y,0,2,0,1,0,0,N,N,N,N,Y,Y,Y,Y,Y,Y,Y,Y,Y,Y,Y,Y,N,,,,,0,0,0.0,0.0,,Whatcom,N,N,POINT (-122.488424 48.776174)
10/25/2020,505230,FIR LANE HEALTH AND REHAB CTR,2430 NORTH 13TH STREET,SHELTON,WA,98584,Y,Y,0,5,0,29,0,6,1,21,0,8,96,67,,,,,Y,N,N,N,N,N,N,1-2 DAYS,Y,N,N,N,Y,N,Y,N,N,N,N,N,N,<1 DAY,Y,N,N,N,Y,N,N,,,,0,27,0,14,0,0,N,N,Y,N,Y,Y,Y,Y,Y,Y,Y,Y,Y,Y,Y,Y,N,,,,,0,0,432.8,119.4,27.6,Mason,N,N,POINT (-123.11264099999998 47.22765)
10/25/2020,505240,FOREST RIDGE HEALTH & REHAB,140 SOUTH MARION AVENUE,BREMERTON,WA,98312,Y,Y,0,0,0,0,0,0,0,13,0,0,98,81,,,,,Y,N,N,N,N,N,N,3-7 DAYS,Y,N,N,N,N,Y,Y,N,N,N,N,N,N,1-2 DAYS,N,N,N,N,N,N,Y,0,0,Y,0,0,0,0,0,0,Y,N,Y,N,Y,N,Y,N,Y,Y,Y,Y,Y,N,Y,Y,N,,,,,0,0,0.0,0.0,,Kitsap,N,N,POINT (-122.662461 47.562264)
10/25/2020,505270,PARK WEST CARE CENTER,1703 CALIFORNIA AVENUE SOUTHWEST,SEATTLE,WA,98116,Y,Y,3,10,0,1,3,7,0,1,0,0,137,96,,,,,Y,N,N,N,N,N,N,1-2 DAYS,Y,N,N,Y,N,N,Y,N,N,N,N,N,N,1-2 DAYS,Y,N,N,N,Y,N,Y,0,0,Y,0,5,0,5,0,0,N,N,Y,N,Y,Y,Y,Y,Y,Y,Y,Y,Y,Y,Y,Y,N,,,,,0,0,10.4,0.0,0.0,King,N,N,POINT (-122.38624000000002 47.588021)
10/25/2020,505331,BROOKFIELD HEALTH AND REHAB OF CASCADIA,510 NORTH PARKWAY,BATTLE GROUND,WA,98604,Y,Y,0,0,0,2,0,0,1,7,0,0,82,46,,,,,Y,N,N,N,N,N,N,N/A,N,N,N,N,N,N,Y,N,N,N,N,N,N,3-7 DAYS,Y,N,N,N,Y,N,N,,,,0,2,0,2,0,0,N,N,N,N,Y,Y,Y,Y,Y,Y,Y,Y,Y,Y,Y,Y,N,,,,,0,0,43.5,0.0,0.0,Clark,N,N,POINT (-122.537292 45.784786)
10/25/2020,505017,WASHINGTON CARE CENTER,2821 SOUTH WALDEN STREET,SEATTLE,WA,98144,Y,Y,0,9,0,23,1,43,0,28,0,14,165,148,,,,,Y,N,N,N,N,N,N,<1 DAY,Y,Y,N,N,Y,N,Y,N,N,N,N,N,N,<1 DAY,Y,Y,N,N,Y,N,Y,18,19,Y,0,33,0,16,0,0,Y,N,N,Y,Y,Y,Y,Y,Y,Y,Y,Y,Y,Y,Y,Y,N,,,,,0,0,155.4,94.6,60.9,King,N,N,POINT (-122.295991 47.572233)
10/25/2020,505437,BOOKER REST HOME,1012 SOUTH 3RD STREET,DAYTON,WA,99328,Y,Y,0,0,0,0,0,0,0,11,0,0,23,19,,,,,Y,N,N,N,N,N,N,1-2 DAYS,Y,N,N,N,Y,N,Y,N,N,N,N,N,N,1-2 DAYS,Y,N,N,N,Y,N,N,,,,0,0,0,5,0,0,N,N,N,N,Y,Y,Y,Y,Y,Y,Y,Y,Y,Y,Y,Y,N,,,,,0,0,0.0,0.0,,Columbia,N,N,POINT (-117.968872 46.31256400000001)
10/25/2020,505296,ST FRANCIS OF BELLINGHAM,3121 SQUALICUM PARKWAY,BELLINGHAM,WA,98225,Y,Y,0,0,0,0,0,2,0,4,0,0,105,67,,,,,Y,N,N,N,N,N,N,1-2 DAYS,Y,N,N,N,Y,N,Y,N,N,N,N,N,N,1-2 DAYS,Y,N,N,N,Y,N,Y,2,1,Y,0,2,0,3,0,0,N,N,Y,Y,Y,Y,Y,Y,Y,Y,Y,Y,Y,Y,Y,Y,N,,,,,0,0,0.0,0.0,,Whatcom,N,N,POINT (-122.469341 48.772147)
10/25/2020,505325,BAINBRIDGE ISLAND HEALTH & REHAB CENTER,835 MADISON AVENUE NORTH,BAINBRIDGE ISLAND,WA,98110,Y,Y,0,0,0,0,0,0,0,4,0,0,69,41,,,,,Y,N,N,N,N,N,N,1-2 DAYS,Y,N,N,Y,Y,N,Y,N,N,N,N,N,N,1-2 DAYS,Y,N,N,Y,Y,N,Y,0,0,Y,0,3,0,2,0,0,N,N,N,Y,Y,Y,Y,Y,Y,Y,Y,Y,Y,Y,Y,Y,N,,,,,0,0,0.0,0.0,,Kitsap,N,N,POINT (-122.521009 47.631679)
10/25/2020,505406,CHRISTIAN HEALTH CARE CENTER,855 AARON DRIVE,LYNDEN,WA,98264,Y,Y,0,0,0,0,1,1,2,49,0,0,142,101,,,,,Y,N,N,N,N,N,N,1-2 DAYS,Y,Y,N,N,N,N,Y,N,N,N,N,N,N,<1 DAY,Y,N,N,N,Y,N,Y,0,220,Y,0,2,0,3,0,0,Y,N,Y,N,Y,Y,Y,Y,Y,Y,Y,Y,Y,Y,Y,Y,N,,,,,0,0,0.0,0.0,,Whatcom,N,N,POINT (-122.43755499999999 48.962451)
10/25/2020,505431,BOTHELL HEALTH CARE,707 -  228TH SOUTHWEST,BOTHELL,WA,98021,Y,Y,0,18,0,8,1,15,0,25,0,0,99,78,,,,,Y,N,N,N,N,N,N,<1 DAY,Y,Y,N,N,Y,N,Y,N,N,N,N,N,N,<1 DAY,Y,N,N,N,Y,N,Y,4,1,Y,0,4,0,10,0,0,N,N,N,N,Y,Y,Y,Y,Y,Y,Y,Y,Y,Y,Y,Y,N,,,,,0,0,102.6,0.0,0.0,Snohomish,N,N,
10/25/2020,505465,JOSEPHINE CARING COMMUNITY,9901 272ND PLACE NORTHWEST,STANWOOD,WA,98292,Y,Y,0,6,0,20,0,46,4,49,0,15,160,132,,,,,Y,N,N,N,N,N,N,1-2 DAYS,N,N,N,N,N,N,Y,N,N,N,N,N,N,1-2 DAYS,Y,Y,N,N,Y,N,Y,0,153,N,0,13,4,128,0,0,N,N,N,N,Y,Y,Y,Y,Y,Y,Y,Y,Y,Y,Y,Y,N,,,,,0,0,151.5,113.6,75.0,Snohomish,N,N,POINT (-122.36725600000001 48.243606)
10/25/2020,505320,COLUMBIA CREST CENTER,1100 EAST NELSON ROAD,MOSES LAKE,WA,98837,Y,Y,0,3,0,22,1,43,1,7,0,1,111,81,,,,,Y,N,N,N,N,N,N,3-7 DAYS,Y,N,N,N,Y,N,Y,N,N,N,N,N,N,3-7 DAYS,Y,N,N,N,Y,N,Y,0,11,Y,0,19,4,51,0,0,Y,N,Y,Y,Y,Y,Y,Y,Y,N,Y,Y,Y,N,Y,Y,N,,,,,0,0,271.6,12.3,4.5,Grant,N,N,POINT (-119.260087 47.116478)
10/25/2020,505303,REGENCY OMAK,901 SHUMWAY RD,OMAK,WA,98841,Y,Y,0,0,0,0,0,0,0,1,0,0,56,43,,,,,Y,N,N,N,N,N,N,N/A,N,N,N,N,N,N,Y,N,N,N,N,N,N,1-2 DAYS,N,N,N,N,N,N,Y,0,0,Y,0,1,0,0,0,0,N,N,N,N,Y,Y,Y,Y,Y,Y,Y,Y,Y,Y,Y,Y,N,,,,,0,0,0.0,0.0,,Okanogan,N,N,POINT (-119.507955 48.424024)
10/25/2020,505383,SULLIVAN PARK CARE CENTER,14820 EAST FOURTH,SPOKANE,WA,99216,Y,Y,0,2,0,70,0,23,0,45,0,20,125,80,,,,,Y,N,N,N,N,N,N,1-2 DAYS,Y,N,N,N,Y,N,Y,N,N,N,N,N,N,1-2 DAYS,Y,N,N,N,Y,N,Y,15,2,Y,0,33,2,51,0,0,Y,N,Y,N,Y,Y,Y,Y,Y,Y,Y,Y,Y,Y,Y,Y,N,,,,,0,0,875.0,250.0,28.6,Spokane,N,N,POINT (-117.205272 47.653403)
10/25/2020,505140,HIGHLAND HEALTH AND REHABILITATION,2400 SAMISH WAY,BELLINGHAM,WA,98225,Y,Y,0,0,0,31,0,9,0,10,0,10,44,29,,,,,Y,N,N,N,N,N,N,1-2 DAYS,Y,N,N,Y,Y,N,Y,N,N,N,N,N,N,1-2 DAYS,Y,N,N,Y,Y,N,N,,,,0,19,0,10,0,0,N,N,N,N,Y,Y,Y,Y,Y,Y,Y,Y,Y,N,Y,N,N,,,,,0,0,1069.0,344.8,32.3,Whatcom,N,N,POINT (-122.464023 48.709579)
10/25/2020,505473,UNIVERSITY PLACE REHABILITATION CENTER,5520 BRIDGEPORT WAY WEST,UNIVERSITY PLACE,WA,98467,Y,Y,0,8,0,44,3,33,0,17,0,13,120,83,,,,,Y,N,N,N,N,N,N,1-2 DAYS,Y,Y,N,N,N,N,Y,N,N,N,N,N,N,1-2 DAYS,Y,N,N,N,Y,N,Y,1,1,Y,1,15,2,19,0,0,N,N,N,N,Y,Y,Y,Y,Y,Y,Y,Y,Y,Y,Y,Y,N,,,,,0,0,530.1,156.6,29.5,Pierce,N,N,POINT (-122.53454599999999 47.206489)
10/25/2020,505311,SEATTLE MEDICAL POST ACUTE CARE,555 16TH AVENUE,SEATTLE,WA,98122,Y,Y,0,1,0,0,0,0,0,3,0,0,103,77,,,,,Y,N,N,N,N,N,N,1-2 DAYS,Y,N,Y,N,N,N,Y,N,N,N,N,N,N,1-2 DAYS,Y,N,Y,N,N,N,Y,0,0,Y,1,2,0,2,0,0,Y,N,Y,N,Y,Y,Y,Y,Y,Y,Y,Y,Y,Y,Y,Y,Y,19,0,Y,Y,0,0,0.0,0.0,,King,N,N,POINT (-122.311546 47.607477)
10/25/2020,505024,FRANKLIN HILLS HEALTH & REHAB CENTER,6021 NORTH LIDGERWOOD,SPOKANE,WA,99207,Y,Y,0,0,0,49,0,4,0,13,0,10,100,47,,,,,Y,N,N,N,N,N,N,1-2 DAYS,Y,N,N,N,Y,N,Y,N,N,N,N,N,N,1-2 DAYS,Y,N,N,N,Y,N,N,,,,1,24,0,2,0,0,N,Y,N,N,Y,Y,Y,Y,Y,Y,Y,Y,Y,Y,Y,Y,N,,,,,0,0,1042.6,212.8,20.4,Spokane,N,N,
10/25/2020,505378,PRESTIGE CARE & REHABILITATION - BURLINGTON,1036 EAST VICTORIA AVENUE,BURLINGTON,WA,98233,Y,Y,0,0,0,0,0,3,0,0,0,0,49,27,,,,,Y,N,N,N,N,N,N,1-2 DAYS,Y,N,N,N,N,Y,Y,N,N,N,N,N,N,1-2 DAYS,N,N,N,N,N,N,Y,0,0,Y,0,1,0,0,0,0,N,N,Y,N,Y,Y,Y,Y,Y,Y,Y,Y,Y,Y,Y,Y,N,,,,,0,0,0.0,0.0,,Skagit,N,N,POINT (-122.32016 48.476244)
10/25/2020,505251,WHITMAN HEALTH & REHAB CENTER,1150 WEST FAIRVIEW ROAD,COLFAX,WA,99111,Y,Y,0,0,2,38,0,5,1,4,0,0,55,39,,,,,Y,N,N,N,N,N,N,3-7 DAYS,Y,N,N,Y,Y,N,Y,N,N,N,N,N,N,3-7 DAYS,Y,N,N,Y,Y,N,N,,,,6,19,2,27,0,0,Y,Y,Y,Y,Y,Y,Y,Y,Y,Y,Y,Y,Y,Y,Y,Y,N,,,,,51.3,0,974.4,0.0,0.0,Whitman,N,N,POINT (-117.37417900000001 46.869634)
10/25/2020,505263,PRESTIGE POST-ACUTE & REHAB CTR - KITTITAS VALLLEY,1050 E MOUNTAIN VIEW,ELLENSBURG,WA,98926,Y,Y,0,27,0,36,0,24,0,52,0,28,74,43,,,,,Y,N,N,N,N,N,N,<1 DAY,Y,N,N,N,N,Y,Y,N,N,N,N,N,N,1-2 DAYS,Y,N,N,N,Y,N,Y,1,5,Y,0,42,0,36,0,0,N,N,N,N,Y,Y,Y,Y,Y,Y,Y,Y,Y,Y,Y,Y,N,,,,,0,0,837.2,651.2,77.8,Kittitas,N,N,POINT (-120.531086 46.984636)
10/25/2020,505469,THE TERRACES AT SKYLINE,715 9TH AVENUE,SEATTLE,WA,98104,Y,Y,2,2,0,0,0,1,0,8,0,0,34,30,,,,,Y,N,N,N,N,N,N,1-2 DAYS,Y,N,N,N,Y,N,Y,N,N,N,N,N,N,1-2 DAYS,Y,N,N,N,Y,N,N,,,,0,0,0,0,0,0,N,N,N,N,Y,Y,Y,Y,Y,Y,Y,Y,Y,Y,Y,Y,N,,,,,0,0,0.0,0.0,,King,N,N,POINT (-122.325577 47.606493)
10/25/2020,505372,REGENCY CANYON LAKES REHAB AND NURSING CENTER,2702 SOUTH ELY,KENNEWICK,WA,99337,Y,Y,0,9,0,31,1,37,0,18,0,13,53,29,,,,,Y,N,N,N,N,N,N,1-2 DAYS,Y,Y,N,N,N,N,Y,N,N,N,N,N,N,<1 DAY,Y,N,N,N,Y,N,Y,1,60,Y,0,21,0,38,0,0,N,N,N,N,Y,Y,Y,Y,Y,Y,Y,Y,Y,Y,Y,Y,N,,,,,0,0,1069.0,448.3,41.9,Benton,N,N,POINT (-119.15902699999998 46.182937)
10/25/2020,505098,SHUKSAN HEALTHCARE CENTER,1530 JAMES STREET,BELLINGHAM,WA,98225,Y,Y,0,19,0,5,0,0,0,13,0,12,52,34,,,,,Y,N,N,N,N,N,N,<1 DAY,Y,N,N,N,Y,N,Y,N,N,N,N,N,N,<1 DAY,Y,N,N,N,Y,N,Y,3,2,Y,0,0,0,0,0,0,N,N,N,N,Y,Y,Y,Y,Y,Y,Y,Y,Y,Y,Y,Y,N,,,,,0,0,147.1,352.9,240.0,Whatcom,N,N,POINT (-122.465034 48.750199)
10/25/2020,505441,NORTH CENTRAL CARE CENTER,N 1812 WALL STREET,SPOKANE,WA,99205,Y,Y,0,0,0,0,0,0,0,2,0,0,99,80,,,,,Y,N,N,N,N,N,N,<1 DAY,Y,N,N,N,Y,N,Y,N,N,N,N,N,N,<1 DAY,Y,N,N,N,Y,N,Y,81,103,Y,0,4,0,0,0,0,N,N,N,N,Y,Y,Y,Y,Y,Y,Y,Y,Y,Y,Y,Y,N,,,,,0,0,0.0,0.0,,Spokane,N,N,
10/25/2020,505430,REGENCY HARMONY HOUSE REHAB & NURSING,100 RIVER PLAZA,BREWSTER,WA,98812,Y,Y,0,5,0,48,1,20,0,8,0,3,54,38,,,,,Y,N,N,N,N,N,N,1-2 DAYS,Y,Y,N,N,N,N,Y,N,N,N,N,N,N,>7 DAYS,Y,Y,N,N,N,N,Y,1,2,Y,0,19,0,20,0,0,Y,N,Y,N,Y,Y,Y,Y,Y,Y,Y,Y,Y,Y,Y,Y,N,,,,,0,0,1263.2,78.9,6.3,Okanogan,N,N,POINT (-119.775439 48.10852)
10/25/2020,505226,PRESTIGE CARE & REHABILITATION - SUNNYSIDE,721 OTIS AVENUE,SUNNYSIDE,WA,98944,Y,Y,0,7,0,27,0,5,0,9,0,7,80,51,,,,,Y,N,N,N,N,N,N,<1 DAY,Y,N,N,N,Y,N,Y,N,N,N,N,N,N,1-2 DAYS,Y,N,N,N,Y,N,Y,5,14,Y,0,27,0,5,0,0,N,N,N,N,Y,Y,Y,Y,Y,Y,Y,Y,Y,Y,Y,Y,N,,,,,0,0,529.4,137.3,25.9,Yakima,N,N,POINT (-120.010885 46.312883)
10/25/2020,505202,TALBOT CENTER FOR REHAB & HEALTHCARE,4430 TALBOT ROAD SOUTH,RENTON,WA,98055,Y,Y,0,0,0,1,0,0,0,9,0,0,105,80,,,,,Y,N,N,N,N,N,N,1-2 DAYS,N,N,N,N,N,N,Y,N,N,N,N,N,N,1-2 DAYS,Y,N,N,N,Y,N,N,,,,0,5,0,0,0,0,N,N,Y,N,Y,Y,Y,Y,Y,Y,Y,Y,Y,Y,Y,Y,N,,,,,0,0,12.5,0.0,0.0,King,N,N,POINT (-122.213064 47.439676)
10/25/2020,505042,BALLARD  CENTER,820 NORTHWEST 95TH STREET,SEATTLE,WA,98117,Y,Y,1,89,0,42,0,44,0,47,0,28,142,114,,,,,N,N,Y,N,N,N,N,1-2 DAYS,N,N,N,N,N,N,N,N,Y,N,N,N,N,1-2 DAYS,Y,N,N,N,Y,N,Y,0,8,N,0,11,3,45,0,0,N,N,N,N,Y,Y,Y,Y,Y,Y,Y,Y,Y,N,Y,Y,N,,,,,0,0,368.4,245.6,66.7,King,N,N,POINT (-122.367086 47.697847)
10/25/2020,505217,STAFFORD HEALTHCARE AT RIDGEMONT,2051 POTTERY AVENUE,PORT ORCHARD,WA,98366,Y,Y,2,10,0,0,0,3,0,13,0,0,96,66,,,,,Y,N,N,N,N,N,N,1-2 DAYS,Y,N,N,N,Y,N,Y,N,N,N,N,N,N,<1 DAY,Y,N,N,N,Y,N,Y,1,3,Y,0,1,0,1,0,0,N,N,N,N,Y,Y,Y,Y,Y,Y,Y,Y,Y,Y,Y,Y,N,,,,,0,0,0.0,0.0,,Kitsap,N,N,POINT (-122.65245200000001 47.515673)
10/25/2020,505261,LAKE RIDGE CENTER,817 EAST PLUM STREET,MOSES LAKE,WA,98837,Y,Y,0,3,0,2,1,13,0,8,0,0,74,72,,,,,Y,N,N,N,N,N,N,1-2 DAYS,Y,Y,N,N,N,N,Y,N,N,N,N,N,N,1-2 DAYS,Y,N,N,N,Y,N,Y,9,48,Y,0,7,0,71,0,0,Y,Y,Y,N,Y,N,Y,N,Y,Y,Y,N,Y,Y,Y,Y,N,,,,,0,0,27.8,0.0,0.0,Grant,N,N,POINT (-119.263543 47.128392)
10/25/2020,505283,PRESTIGE CARE & REHABILITATION - CLARKSTON,1242 ELEVENTH STREET,CLARKSTON,WA,99403,Y,Y,0,0,0,24,0,15,0,5,0,2,90,53,,,,,Y,N,N,N,N,N,N,1-2 DAYS,Y,N,N,Y,N,N,Y,N,N,N,N,N,N,1-2 DAYS,Y,N,N,Y,N,N,Y,0,0,Y,0,9,0,0,0,0,Y,Y,Y,N,Y,Y,Y,Y,Y,Y,Y,Y,Y,Y,Y,Y,N,,,,,0,0,452.8,37.7,8.3,Asotin,N,N,POINT (-117.05208200000001 46.405598)
10/25/2020,505260,FORT VANCOUVER POST ACUTE,8507 NORTHEAST 8TH WAY,VANCOUVER,WA,98664,Y,Y,0,2,0,1,0,10,0,5,0,0,86,44,,,,,Y,N,N,N,N,N,N,3-7 DAYS,Y,N,N,Y,Y,N,Y,N,N,N,N,N,N,3-7 DAYS,Y,N,N,N,Y,N,Y,0,0,N,1,4,0,20,0,0,N,N,N,N,Y,Y,Y,Y,Y,Y,Y,Y,Y,Y,Y,Y,N,,,,,0,0,22.7,0.0,0.0,Clark,N,N,POINT (-122.58544699999999 45.626842)
10/25/2020,505355,ADVANCED POST ACUTE,414 - 17TH SOUTHEAST,AUBURN,WA,98002,Y,Y,0,1,0,0,0,9,1,8,0,0,96,64,,,,,Y,N,N,N,N,N,N,1-2 DAYS,Y,N,N,N,Y,N,Y,N,N,N,N,N,N,1-2 DAYS,Y,N,N,N,Y,N,N,,,,0,7,0,27,0,0,N,N,Y,N,Y,N,Y,Y,Y,Y,Y,Y,Y,Y,Y,Y,N,,,,,0,0,0.0,0.0,,King,N,N,
10/25/2020,505128,SEQUIM HEALTH & REHABILITATION,650 WEST HEMLOCK ST,SEQUIM,WA,98382,Y,Y,0,0,0,0,0,0,0,13,0,0,100,87,,,,,Y,N,N,N,N,N,N,1-2 DAYS,Y,N,N,N,Y,N,Y,N,N,N,N,N,N,1-2 DAYS,Y,N,N,N,Y,N,Y,0,0,Y,0,1,0,1,0,0,Y,N,Y,Y,Y,N,Y,N,Y,N,Y,N,Y,N,Y,Y,N,,,,,0,0,0.0,0.0,,Clallam,N,N,POINT (-123.115536 48.07511)
10/25/2020,505318,LIFE CARE CENTER OF SKAGIT VALLEY,1462 WEST STATE ROUTE 20,SEDRO WOOLLEY,WA,98284,Y,Y,0,0,0,0,0,31,0,14,0,0,150,75,,,,,Y,N,N,N,N,N,N,1-2 DAYS,N,N,N,N,N,N,Y,N,N,N,N,N,N,1-2 DAYS,Y,N,N,N,N,Y,Y,0,0,Y,0,1,0,19,0,0,Y,N,Y,N,Y,Y,Y,Y,Y,Y,Y,Y,Y,Y,Y,Y,N,,,,,0,0,0.0,0.0,,Skagit,N,N,POINT (-122.265559 48.498108)
10/25/2020,505290,STAFFORD HEALTHCARE AT BELMONT,560 LEBO BOULEVARD,BREMERTON,WA,98310,Y,Y,0,0,0,0,1,6,0,8,0,0,102,88,,,,,Y,N,N,N,N,N,N,3-7 DAYS,Y,Y,N,N,N,N,Y,N,N,N,N,N,N,3-7 DAYS,N,N,N,N,N,N,Y,0,0,Y,0,1,0,9,0,0,N,N,N,N,Y,Y,Y,Y,Y,Y,Y,Y,Y,Y,Y,Y,N,,,,,0,0,0.0,0.0,,Kitsap,N,N,POINT (-122.633506 47.582721)
10/25/2020,505239,PARK ROSE CARE CENTER,3919 SOUTH 19TH STREET,TACOMA,WA,98405,Y,Y,0,0,0,2,0,0,1,15,0,0,139,76,,,,,Y,N,N,N,N,N,N,N/A,N,N,N,N,N,N,Y,N,N,N,N,N,N,<1 DAY,Y,N,N,N,Y,N,Y,0,400,Y,0,7,0,0,0,0,N,N,N,N,Y,Y,Y,Y,Y,Y,Y,Y,Y,Y,Y,Y,Y,31,0,Y,Y,0,0,26.3,0.0,0.0,Pierce,N,N,POINT (-122.49014899999999 47.242815)
10/25/2020,505346,CHENEY CARE CENTER,2219 NORTH 6TH STREET,CHENEY,WA,99004,Y,Y,0,0,0,0,0,4,0,1,0,1,54,43,,,,,Y,N,N,N,N,N,N,3-7 DAYS,N,N,N,N,N,N,Y,N,N,N,N,N,N,3-7 DAYS,Y,N,N,N,Y,N,Y,2,6,Y,2,5,0,2,0,0,N,N,N,N,Y,Y,Y,Y,Y,Y,Y,Y,Y,Y,Y,Y,N,,,,,0,0,0.0,23.3,,Spokane,N,N,POINT (-117.575525 47.500879)
10/25/2020,505470,COLUMBIA LUTHERAN HOME,4700 PHINNEY AVENUE NORTH,SEATTLE,WA,98103,Y,Y,0,5,0,39,0,2,1,32,0,21,108,81,,,,,Y,N,N,N,N,N,N,3-7 DAYS,Y,N,N,N,Y,N,N,N,Y,N,N,N,N,1-2 DAYS,Y,N,N,N,Y,N,Y,0,8,N,0,1,0,1,0,0,Y,Y,Y,Y,Y,Y,Y,Y,Y,Y,Y,Y,Y,Y,Y,Y,N,,,,,0,0,481.5,259.3,53.8,King,N,N,POINT (-122.35398 47.663225)
10/25/2020,505387,PROVIDENCE MOTHER JOSEPH CARE,3333 ENSIGN ROAD NORTHEAST,OLYMPIA,WA,98506,Y,Y,0,0,0,1,0,27,0,20,0,0,148,107,,,,,Y,N,N,N,N,N,N,1-2 DAYS,Y,N,N,N,Y,N,Y,N,N,N,N,N,N,1-2 DAYS,Y,N,N,N,Y,N,Y,0,0,Y,0,4,1,14,0,0,N,N,N,N,Y,Y,Y,Y,Y,Y,Y,Y,Y,Y,Y,Y,N,,,,,0,0,9.3,0.0,0.0,Thurston,N,N,POINT (-122.85083600000002 47.050533)
10/25/2020,505099,GOOD SAMARITAN SOCIETY - SPOKANE VALLEY,EAST 17121 EIGHTH AVENUE,SPOKANE VALLEY,WA,99016,Y,Y,0,0,0,1,0,0,0,10,0,0,97,81,,,,,Y,N,N,N,N,N,N,3-7 DAYS,Y,N,Y,N,N,N,Y,N,N,N,N,N,N,3-7 DAYS,Y,N,Y,N,Y,N,Y,0,1,Y,1,1,0,8,0,0,Y,N,Y,N,Y,Y,Y,Y,Y,Y,Y,Y,Y,Y,Y,Y,N,,,,,0,0,12.3,0.0,0.0,Spokane,N,N,
10/25/2020,505322,MANOR CARE HEALTH SERVICES-SPO,NORTH 6025 ASSEMBLY,SPOKANE,WA,99205,Y,Y,3,3,0,35,0,44,0,22,0,10,125,55,,,,,Y,N,N,N,N,N,N,3-7 DAYS,Y,Y,N,Y,N,N,Y,N,N,N,N,N,N,3-7 DAYS,Y,Y,N,Y,N,N,Y,2,6,Y,0,16,0,29,0,0,N,N,N,N,Y,Y,Y,Y,Y,Y,Y,Y,Y,Y,Y,Y,N,,,,,0,0,636.4,181.8,28.6,Spokane,N,N,
10/25/2020,505070,LIFE CARE CENTER OF RICHLAND,44 GOETHALS DRIVE,RICHLAND,WA,99352,Y,Y,0,8,0,0,0,1,0,5,0,0,69,38,,,,,Y,N,N,N,N,N,N,1-2 DAYS,N,N,N,N,N,N,Y,N,N,N,N,N,N,1-2 DAYS,Y,N,N,N,Y,N,Y,0,0,Y,0,2,0,1,0,0,N,N,N,N,Y,Y,Y,Y,Y,Y,Y,Y,Y,Y,Y,Y,N,,,,,0,0,0.0,0.0,,Benton,N,N,POINT (-119.28166700000001 46.261454)
10/25/2020,505358,RIVERSIDE NURSING & REHAB CTR,1305 ALEXANDER STREET,CENTRALIA,WA,98531,Y,Y,0,0,0,1,0,1,0,7,0,0,91,74,,,,,Y,N,N,N,N,N,N,1-2 DAYS,N,N,N,N,N,N,Y,N,N,N,N,N,N,1-2 DAYS,Y,N,N,N,Y,N,Y,0,0,Y,0,0,0,0,0,0,N,N,N,N,Y,Y,Y,Y,Y,Y,Y,Y,Y,Y,Y,Y,N,,,,,0,0,13.5,0.0,0.0,Lewis,N,N,POINT (-122.972004 46.719615)
10/25/2020,505390,MCKAY HEALTHCARE & REHAB CTR,127 SECOND AVENUE SOUTHWEST,SOAP LAKE,WA,98851,Y,Y,0,0,0,0,0,1,1,16,0,0,42,32,,,,,Y,N,N,N,N,N,N,1-2 DAYS,Y,N,N,Y,Y,N,Y,N,N,N,N,N,N,1-2 DAYS,Y,N,N,Y,Y,N,Y,0,0,Y,0,2,1,4,0,0,N,N,N,N,Y,N,Y,Y,Y,Y,Y,Y,Y,Y,Y,Y,N,,,,,0,0,0.0,0.0,,Grant,N,N,POINT (-119.49284100000001 47.387265)
10/25/2020,505273,PRESTIGE CARE & REHABILITATION - CAMAS,740 NE DALLAS STREET,CAMAS,WA,98607,Y,Y,0,4,0,4,0,14,0,8,0,0,83,45,,,,,Y,N,N,N,N,N,N,1-2 DAYS,Y,N,N,Y,Y,N,Y,N,N,N,N,N,N,1-2 DAYS,Y,N,N,Y,Y,N,Y,0,2,Y,0,8,0,19,0,0,N,N,N,N,Y,Y,Y,Y,Y,Y,Y,Y,Y,Y,Y,Y,N,,,,,0,0,88.9,0.0,0.0,Clark,N,N,POINT (-122.40541600000002 45.588305)
10/25/2020,505439,BAYVIEW MANOR,11 WEST ALOHA STREET,SEATTLE,WA,98119,Y,Y,0,0,0,0,0,0,0,0,0,0,50,42,,,,,Y,N,N,N,N,N,N,1-2 DAYS,Y,N,N,N,Y,N,Y,N,N,N,N,N,N,1-2 DAYS,Y,N,N,N,Y,N,Y,0,0,N,0,1,0,0,0,0,N,N,N,N,Y,Y,Y,Y,Y,Y,Y,Y,Y,Y,Y,Y,N,,,,,0,0,0.0,0.0,,King,N,N,POINT (-122.357336 47.627174)
10/25/2020,505265,EMERALD CARE,209 NORTH AHTANUM AVENUE,WAPATO,WA,98951,Y,Y,0,19,0,46,0,7,0,10,0,4,82,69,,,,,Y,N,N,N,N,N,N,1-2 DAYS,Y,N,N,N,Y,N,Y,N,N,N,N,N,N,1-2 DAYS,Y,Y,N,N,Y,N,Y,0,4,Y,0,32,0,1,0,0,N,N,N,N,Y,Y,Y,Y,Y,Y,Y,Y,Y,Y,Y,Y,N,,,,,0,0,666.7,58.0,8.7,Yakima,N,N,POINT (-120.427679 46.449118)
10/25/2020,505475,WESLEY HOMES HEALTH CENTER,1122 SOUTH 216TH STREET,DES MOINES,WA,98198,Y,Y,0,2,0,1,1,7,0,23,0,0,148,110,,,,,Y,N,N,N,N,N,N,3-7 DAYS,Y,Y,N,N,N,N,Y,N,N,N,N,N,N,3-7 DAYS,Y,N,N,N,Y,N,Y,1,0,Y,0,6,0,7,0,0,N,N,N,N,Y,Y,Y,Y,Y,Y,Y,Y,Y,Y,Y,Y,N,,,,,0,0,9.1,0.0,0.0,King,N,N,POINT (-122.31898200000002 47.408407)
10/25/2020,505080,LIFE CARE CENTER OF KENNEWICK,1508 WEST SEVENTH AVENUE,KENNEWICK,WA,99336,Y,Y,0,13,0,26,0,17,0,8,0,6,69,45,,,,,Y,N,N,N,N,N,N,3-7 DAYS,N,N,N,N,N,N,Y,N,N,N,N,N,N,1-2 DAYS,Y,N,N,N,Y,N,N,,,,0,13,0,5,0,0,N,N,N,N,Y,Y,Y,Y,Y,Y,Y,Y,Y,Y,Y,Y,N,,,,,0,0,577.8,133.3,23.1,Benton,N,N,POINT (-119.139428 46.202192)
10/25/2020,505405,WARM BEACH HEALTH CARE CENTER,20420 MARINE DRIVE NORTHWEST,STANWOOD,WA,98292,Y,Y,0,0,0,0,0,0,0,10,0,0,59,41,,,,,Y,N,N,N,N,N,N,1-2 DAYS,N,N,N,N,N,N,Y,N,N,N,N,N,N,1-2 DAYS,Y,N,N,N,Y,N,Y,0,0,Y,0,0,0,0,0,0,N,N,N,N,Y,Y,Y,Y,Y,Y,Y,Y,Y,Y,Y,Y,N,,,,,0,0,0.0,0.0,,Snohomish,N,N,
10/25/2020,505484,NORTHWOODS LODGE,2321 SCHOLD PLACE NORTHWEST,SILVERDALE,WA,98383,Y,Y,0,0,0,2,0,0,0,15,0,0,57,45,,,,,Y,N,N,N,N,N,N,3-7 DAYS,N,N,N,N,N,N,Y,N,N,N,N,N,N,3-7 DAYS,N,N,N,N,N,N,Y,0,1,Y,0,2,0,8,0,0,Y,N,Y,N,N,N,Y,N,Y,N,Y,N,Y,N,Y,N,N,,,,,0,0,44.4,0.0,0.0,Kitsap,N,N,POINT (-122.679052 47.674109)
10/25/2020,505412,COLVILLE TRIBAL CONVALESCENT C,PO BOX 150,NESPELEM,WA,99155,Y,Y,0,0,0,0,0,0,0,3,0,0,44,30,,,,,Y,N,N,N,N,N,N,N/A,N,N,N,N,N,N,Y,N,N,N,N,N,N,1-2 DAYS,Y,N,N,N,Y,N,Y,0,0,Y,0,0,0,0,0,0,N,N,N,N,Y,Y,Y,Y,Y,Y,Y,Y,Y,Y,Y,Y,N,,,,,0,0,0.0,0.0,,Okanogan,N,N,
10/25/2020,505181,REDMOND CARE AND REHABILITATION CENTER,7900 WILLOWS ROAD NORTHEAST,REDMOND,WA,98052,Y,Y,0,18,0,1,0,4,0,11,0,1,139,67,,,,,Y,N,N,N,N,N,N,<1 DAY,N,N,N,N,N,N,Y,N,N,N,N,N,N,1-2 DAYS,Y,N,N,N,Y,N,Y,0,52,Y,0,2,0,0,0,0,N,N,N,N,Y,Y,Y,Y,Y,Y,Y,Y,Y,Y,Y,Y,N,,,,,0,0,14.9,14.9,100.0,King,N,N,POINT (-122.136631 47.67519800000001)
10/25/2020,505350,REGENCY CARE CENTER AT MONROE,1355 WEST MAIN STREET,MONROE,WA,98272,Y,N,0,0,18,38,0,1,4,13,4,4,92,62,,,,,Y,N,N,N,N,N,N,1-2 DAYS,Y,N,N,Y,N,N,Y,N,N,N,N,N,N,1-2 DAYS,Y,N,N,Y,N,N,Y,15,11,Y,9,17,0,3,0,0,Y,N,Y,Y,Y,Y,Y,Y,Y,Y,Y,Y,Y,Y,Y,Y,N,,,,,290.3,64.5,612.9,64.5,10.5,Snohomish,Y,N,POINT (-121.988283 47.850869)
10/25/2020,505257,ALDERWOOD MANOR,3600 EAST HARTSON AVENUE,SPOKANE,WA,99202,Y,Y,0,0,33,39,0,1,1,17,1,2,85,60,,,,,Y,N,N,N,N,N,N,1-2 DAYS,Y,N,N,Y,Y,N,Y,N,N,N,N,N,N,1-2 DAYS,Y,N,N,Y,N,N,Y,33,22,Y,24,31,0,0,0,0,Y,N,Y,N,Y,Y,Y,N,Y,Y,Y,Y,Y,Y,Y,Y,N,,,,,550,16.7,650.0,33.3,5.1,Spokane,Y,N,POINT (-117.35693800000001 47.650002)
10/25/2020,505185,CRESTWOOD HEALTH AND REHABILITATION CENTER,1116 E LAURIDSEN BOULEVARD,PORT ANGELES,WA,98362,Y,Y,0,0,0,0,0,0,0,10,0,0,92,85,,,,,Y,N,N,N,N,N,N,N/A,N,N,N,N,N,N,Y,N,N,N,N,N,N,1-2 DAYS,N,N,N,N,N,N,Y,0,0,Y,0,0,0,0,0,0,Y,N,Y,N,Y,Y,Y,Y,Y,Y,Y,Y,Y,Y,Y,Y,N,,,,,0,0,0.0,0.0,,Clallam,N,N,POINT (-123.41949999999999 48.103507)
10/25/2020,505414,PROVIDENCE ST JOSEPH CARE CENTER,17 EAST 8TH AVENUE,SPOKANE,WA,99202,Y,Y,0,1,0,1,0,33,1,11,0,0,112,67,,,,,Y,N,N,N,N,N,N,1-2 DAYS,Y,N,N,N,Y,N,Y,N,N,N,N,N,N,1-2 DAYS,Y,Y,N,N,Y,N,Y,0,0,Y,0,9,1,49,0,0,N,N,N,N,Y,Y,Y,Y,Y,Y,Y,Y,Y,Y,Y,Y,N,,,,,0,0,14.9,0.0,0.0,Spokane,N,N,POINT (-117.409068 47.648118)
10/25/2020,505123,BREMERTON CONVALESCENT & REHABILITATION CENTER,2701 CLARE AVENUE,BREMERTON,WA,98310,Y,Y,0,0,0,0,0,5,0,20,0,0,120,93,,,,,Y,N,N,N,N,N,N,3-7 DAYS,N,N,N,N,N,N,Y,N,N,N,N,N,N,3-7 DAYS,Y,N,N,N,Y,N,Y,0,0,Y,0,0,0,14,0,0,Y,N,Y,N,N,N,Y,Y,Y,Y,Y,Y,Y,Y,Y,Y,N,,,,,0,0,0.0,0.0,,Kitsap,N,N,POINT (-122.629257 47.584378)
10/25/2020,505401,PRESTIGE CARE & REHABILITATION - PARKSIDE,308 WEST EMMA,UNION GAP,WA,98903,Y,Y,0,31,0,32,0,0,0,11,0,10,88,53,,,,,Y,N,N,N,N,N,N,<1 DAY,Y,N,N,N,Y,Y,Y,N,N,N,N,N,N,<1 DAY,Y,N,N,N,Y,Y,Y,13,48,Y,0,41,0,0,0,0,N,N,N,N,Y,Y,Y,Y,Y,Y,Y,Y,Y,Y,Y,Y,N,,,,,0,0,603.8,188.7,31.3,Yakima,N,N,POINT (-120.47985700000001 46.552948)
10/25/2020,505411,SUNSHINE HEALTH & REHAB,10410 EAST NINTH AVENUE,SPOKANE,WA,99206,Y,Y,0,0,0,2,0,2,1,9,0,0,84,66,,,,,Y,N,N,N,N,N,N,1-2 DAYS,N,N,N,N,N,N,Y,N,N,N,N,N,N,1-2 DAYS,Y,N,N,N,Y,N,Y,9,165,Y,1,1,0,5,0,0,N,N,N,N,Y,Y,Y,Y,Y,Y,Y,Y,Y,Y,Y,Y,N,,,,,0,0,30.3,0.0,0.0,Spokane,N,N,POINT (-117.265206 47.648731000000005)
10/25/2020,505349,WILLAPA HARBOR HEALTH AND REHAB,1100 JACKSON STREET,RAYMOND,WA,98577,Y,Y,0,0,0,1,0,0,0,0,0,0,45,40,,,,,Y,N,N,N,N,N,N,1-2 DAYS,Y,Y,N,N,N,N,Y,N,N,N,N,N,N,1-2 DAYS,Y,N,N,N,Y,N,Y,0,0,Y,0,0,0,0,0,0,N,N,N,N,Y,Y,Y,Y,Y,Y,Y,Y,Y,Y,Y,Y,N,,,,,0,0,25.0,0.0,0.0,Pacific,N,N,POINT (-123.74659800000002 46.675487)
10/25/2020,505453,KIN ON HEALTH CARE CENTER,4416 SOUTH BRANDON STREET,SEATTLE,WA,98118,Y,Y,0,0,0,0,0,0,0,0,0,0,100,84,,,,,Y,N,N,N,N,N,N,1-2 DAYS,Y,N,N,N,Y,N,Y,N,N,N,N,N,N,1-2 DAYS,Y,N,N,N,Y,N,Y,0,0,Y,0,0,0,1,0,0,N,N,N,N,Y,Y,Y,Y,Y,Y,Y,Y,Y,Y,Y,Y,N,,,,,0,0,0.0,0.0,,King,N,N,POINT (-122.278727 47.553396)
10/25/2020,505326,HEARTWOOD EXTENDED HEALTHCARE,1649 EAST 72ND,TACOMA,WA,98404,Y,Y,0,2,0,36,0,1,0,24,0,9,120,86,,,,,Y,N,N,N,N,N,N,<1 DAY,Y,N,N,Y,N,N,Y,N,N,N,N,N,N,<1 DAY,Y,N,N,Y,N,N,Y,2,2,Y,3,11,0,0,0,0,Y,N,Y,N,Y,Y,Y,Y,Y,Y,Y,Y,Y,Y,Y,Y,N,,,,,0,0,418.6,104.7,25.0,Pierce,N,N,POINT (-122.40571799999998 47.19176)
10/25/2020,505027,"HEARTHSTONE, THE",6720 EAST GREEN LAKE WAY NORTH,SEATTLE,WA,98103,Y,Y,0,1,0,2,0,4,0,0,0,1,40,26,,,,,Y,N,N,N,N,N,N,1-2 DAYS,Y,N,N,N,Y,N,Y,N,N,N,N,N,N,1-2 DAYS,Y,N,N,N,Y,N,Y,0,0,Y,0,6,0,7,0,0,N,N,N,N,Y,Y,Y,Y,Y,Y,Y,Y,Y,Y,Y,Y,N,,,,,0,0,76.9,38.5,50.0,King,N,N,POINT (-122.329151 47.678349)
10/25/2020,505009,PARK RIDGE CARE CENTER,1250 NORTHEAST 145TH STREET,SEATTLE,WA,98155,Y,Y,0,1,0,0,0,3,0,1,0,0,115,75,,,,,Y,N,N,N,N,N,N,1-2 DAYS,Y,N,N,N,Y,N,Y,N,N,N,N,N,N,1-2 DAYS,Y,N,N,N,Y,N,Y,0,4,Y,0,7,0,1,0,0,N,N,N,N,Y,Y,Y,Y,Y,Y,Y,Y,Y,Y,Y,Y,N,,,,,0,0,0.0,0.0,,King,N,N,POINT (-122.31431400000001 47.733969)
10/25/2020,505232,WOODLAND CONVALESCENT CENTER,310 FOURTH STREET,WOODLAND,WA,98674,Y,Y,0,0,0,0,0,2,0,20,0,0,62,50,,,,,Y,N,N,N,N,N,N,1-2 DAYS,N,N,N,N,N,N,Y,N,N,N,N,N,N,1-2 DAYS,Y,N,N,N,Y,N,Y,0,107,N,0,2,0,5,0,0,N,N,N,N,Y,Y,Y,Y,Y,Y,Y,Y,Y,Y,Y,Y,N,,,,,0,0,0.0,0.0,,Cowlitz,N,N,POINT (-122.751108 45.899602)
10/25/2020,505379,ROYAL PARK HEALTH AND REHABILITATION,7411 NORTH NEVADA,SPOKANE,WA,99208,Y,Y,0,7,0,72,0,33,0,18,0,16,164,121,,,,,Y,N,N,N,N,N,N,1-2 DAYS,Y,N,N,N,Y,N,Y,N,N,N,N,N,N,1-2 DAYS,Y,N,N,N,Y,N,Y,0,0,N,0,32,2,17,0,0,N,N,N,N,Y,Y,Y,Y,Y,Y,Y,Y,Y,Y,Y,Y,N,,,,,0,0,595.0,132.2,22.2,Spokane,N,N,POINT (-117.395342 47.724775)
10/25/2020,505183,AVAMERE HERITAGE REHABILITATION OF TACOMA,7411 PACIFIC AVENUE,TACOMA,WA,98408,Y,Y,0,0,0,1,0,0,0,0,0,0,81,63,,,,,Y,N,N,N,N,N,N,1-2 DAYS,Y,N,N,N,Y,N,Y,N,N,N,N,N,N,1-2 DAYS,Y,N,N,N,Y,N,N,,,,0,3,0,3,0,0,Y,N,Y,N,Y,Y,Y,Y,Y,Y,Y,Y,Y,Y,Y,Y,N,,,,,0,0,15.9,0.0,0.0,Pierce,N,N,POINT (-122.434019 47.189479)
10/25/2020,505403,BETHANY AT SILVER LAKE,2235 LAKE HEIGHTS DRIVE,EVERETT,WA,98208,Y,Y,0,0,0,0,0,2,0,20,0,0,120,89,,,,,Y,N,N,N,N,N,N,1-2 DAYS,Y,N,N,N,N,Y,Y,N,N,N,N,N,N,1-2 DAYS,Y,N,N,N,Y,N,Y,1,128,Y,0,1,1,2,0,0,Y,N,Y,N,Y,Y,Y,Y,Y,Y,Y,Y,Y,Y,Y,Y,N,,,,,0,0,0.0,0.0,,Snohomish,N,N,POINT (-122.20188700000001 47.89004)
10/25/2020,505489,SEA MAR COMMUNITY CARE CENTER,1040 SOUTH HENDERSON STREET,SEATTLE,WA,98108,Y,Y,0,0,0,0,0,1,0,0,0,0,48,18,,,,,Y,N,N,N,N,N,N,N/A,N,N,N,N,N,N,Y,N,N,N,N,N,N,3-7 DAYS,N,N,N,N,N,N,N,,,,0,0,0,0,0,0,N,N,N,N,Y,N,Y,Y,Y,Y,Y,Y,Y,Y,Y,Y,N,,,,,0,0,0.0,0.0,,King,N,N,POINT (-122.31865 47.523048)
10/25/2020,505254,ROO LAN HEALTH & REHAB,1505 CARPENTER ROAD SE,LACEY,WA,98503,Y,Y,0,0,0,0,0,0,0,16,0,0,96,85,,,,,Y,N,N,N,N,N,N,<1 DAY,Y,N,N,N,Y,N,Y,N,N,N,N,N,N,<1 DAY,Y,N,N,N,Y,N,Y,1,32,Y,0,1,0,0,0,0,Y,N,Y,Y,Y,Y,Y,Y,Y,Y,Y,N,Y,Y,Y,Y,N,,,,,0,0,0.0,0.0,,Thurston,N,N,POINT (-122.79146599999999 47.032835)
10/25/2020,505275,PRESTIGE CARE & REHABILITATION - PINEWOOD TERRACE,1000 EAST ELEP STREET,COLVILLE,WA,99114,Y,Y,0,0,0,0,0,8,0,13,0,0,92,55,,,,,Y,N,N,N,N,N,N,1-2 DAYS,Y,N,N,Y,N,N,Y,N,N,N,N,N,N,1-2 DAYS,Y,N,N,N,Y,N,Y,0,0,Y,0,3,0,21,0,0,Y,N,Y,N,Y,Y,Y,Y,Y,Y,Y,Y,Y,Y,Y,Y,N,,,,,0,0,0.0,0.0,,Stevens,N,N,POINT (-117.89244900000001 48.539714)
10/25/2020,505319,MANOR CARE HEALTH SERVICES (LYNNWOOD),3701 188TH STREET SOUTHWEST,LYNNWOOD,WA,98037,Y,Y,0,0,0,0,0,8,0,17,0,0,113,84,,,,,Y,N,N,N,N,N,N,1-2 DAYS,Y,N,N,N,Y,N,Y,N,N,N,N,N,N,1-2 DAYS,Y,N,N,N,Y,N,Y,0,0,Y,0,0,0,9,0,0,N,N,N,N,N,Y,Y,Y,Y,Y,Y,Y,Y,Y,Y,Y,N,,,,,0,0,0.0,0.0,,Snohomish,N,N,POINT (-122.28347800000002 47.828221000000006)
10/25/2020,505418,PROVIDENCE MARIANWOOD,3725 PROVIDENCE POINT DRIVE SOUTHEAST,ISSAQUAH,WA,98029,Y,Y,0,6,0,0,2,9,0,6,0,0,117,80,,,,,Y,N,N,N,N,N,N,3-7 DAYS,Y,N,N,N,Y,N,Y,N,N,N,N,N,N,3-7 DAYS,Y,N,N,N,Y,N,Y,0,0,Y,1,9,2,14,0,0,Y,N,Y,N,Y,Y,Y,Y,Y,Y,Y,Y,Y,Y,Y,Y,N,,,,,0,0,0.0,0.0,,King,N,N,POINT (-122.03802899999998 47.57507600000001)
10/25/2020,505329,BUENA VISTA HEALTHCARE,151 BUENA VISTA DRIVE,COLVILLE,WA,99114,Y,Y,0,2,0,0,0,0,0,5,0,0,40,30,,,,,Y,N,N,N,N,N,N,1-2 DAYS,N,N,N,N,N,N,Y,N,N,N,N,N,N,1-2 DAYS,Y,N,N,N,Y,N,Y,0,0,Y,0,4,0,6,0,0,N,N,N,N,Y,Y,Y,Y,Y,Y,Y,Y,Y,Y,Y,Y,N,,,,,0,0,0.0,0.0,,Stevens,N,N,POINT (-117.919848 48.56135100000001)
10/25/2020,505315,MIRA VISTA CARE CENTER,300 SOUTH 18TH STREET,MOUNT VERNON,WA,98274,Y,Y,0,0,0,48,0,0,3,15,0,2,94,79,,,,,Y,N,N,N,N,N,N,1-2 DAYS,Y,Y,N,N,N,N,Y,N,N,N,N,N,N,1-2 DAYS,Y,Y,N,N,N,N,Y,6,14,Y,0,24,0,0,0,0,Y,Y,Y,Y,Y,Y,Y,Y,Y,Y,Y,Y,Y,Y,Y,Y,N,,,,,0,0,607.6,25.3,4.2,Skagit,N,N,POINT (-122.318825 48.419115)
10/25/2020,505376,MT BAKER CARE CENTER,2905 CONNELLY AVENUE,BELLINGHAM,WA,98225,Y,Y,0,0,0,0,0,4,1,13,0,0,70,56,,,,,Y,N,N,N,N,N,N,1-2 DAYS,N,N,N,N,N,N,Y,N,N,N,N,N,N,<1 DAY,Y,N,N,N,Y,N,Y,0,19,Y,0,0,0,5,0,0,N,N,N,N,Y,Y,Y,Y,Y,Y,Y,Y,Y,N,Y,Y,N,,,,,0,0,0.0,0.0,,Whatcom,N,N,POINT (-122.47978 48.712827)
10/25/2020,505081,PACIFIC CARE AND REHABILITATION,3035 CHERRY STREET,HOQUIAM,WA,98550,Y,Y,0,0,0,0,0,17,0,0,0,0,109,63,,,,,Y,N,N,N,N,N,N,1-2 DAYS,Y,N,N,N,Y,N,Y,N,N,N,N,N,N,<1 DAY,Y,N,N,N,Y,N,Y,2,188,Y,0,3,0,3,0,0,N,N,N,N,Y,Y,Y,Y,Y,Y,Y,Y,Y,Y,Y,Y,N,,,,,0,0,0.0,0.0,,Grays Harbor,N,N,POINT (-123.85469800000001 46.976952)
10/25/2020,505206,THE OAKS AT TIMBERLINE,400 EAST 33RD STREET,VANCOUVER,WA,98663,Y,Y,0,0,0,0,0,0,0,9,0,0,98,86,,,,,Y,N,N,N,N,N,N,<1 DAY,Y,N,N,N,Y,N,Y,N,N,N,N,N,N,<1 DAY,Y,N,N,N,Y,N,Y,3,94,Y,0,3,0,0,0,0,N,N,Y,N,Y,Y,Y,Y,Y,Y,Y,Y,Y,Y,Y,Y,N,,,,,0,0,0.0,0.0,,Clark,N,N,POINT (-122.667592 45.64523)
10/25/2020,505092,ALDERWOOD PARK HEALTH AND REHABILITATION,2726 ALDERWOOD AVENUE,BELLINGHAM,WA,98225,Y,Y,0,0,0,0,1,5,0,1,0,0,102,71,,,,,Y,N,N,N,N,N,N,1-2 DAYS,N,N,N,N,N,N,Y,N,N,N,N,N,N,1-2 DAYS,Y,N,N,N,Y,N,Y,0,0,Y,0,5,0,23,0,0,N,N,N,N,Y,Y,Y,Y,Y,Y,Y,Y,Y,Y,Y,Y,N,,,,,0,0,0.0,0.0,,Whatcom,N,N,POINT (-122.50250300000002 48.779864)
10/25/2020,505478,CORWIN CENTER AT EMERALD HEIGHTS,10901 - 176TH CIRCLE NORTHEAST,REDMOND,WA,98052,Y,Y,0,1,0,0,1,18,1,12,0,0,61,47,,,,,Y,N,N,N,N,N,N,1-2 DAYS,Y,Y,N,N,Y,N,Y,N,N,N,N,N,N,1-2 DAYS,Y,N,N,N,Y,N,N,,,,0,1,1,34,0,1,Y,N,N,N,Y,Y,Y,Y,Y,Y,Y,Y,Y,Y,Y,Y,N,,,,,0,0,0.0,0.0,,King,N,N,POINT (-122.109002 47.697897)
10/25/2020,505334,LIFE CARE CENTER OF KIRKLAND,10101 NORTHEAST 120TH STREET,KIRKLAND,WA,98034,Y,Y,0,0,0,0,0,0,0,2,0,0,124,66,,,,,Y,N,N,N,N,N,N,1-2 DAYS,Y,N,N,N,N,Y,Y,N,N,N,N,N,N,1-2 DAYS,Y,N,N,N,N,Y,Y,0,1,Y,0,0,0,2,0,0,N,N,N,N,Y,Y,Y,Y,Y,Y,Y,Y,Y,Y,Y,Y,N,,,,,0,0,0.0,0.0,,King,N,N,POINT (-122.20594299999999 47.707629)
10/25/2020,505313,HALLMARK MANOR,32300 FIRST AVENUE SOUTH,FEDERAL WAY,WA,98003,Y,Y,0,0,0,11,0,28,0,8,0,0,139,102,,,,,Y,N,N,N,N,N,N,<1 DAY,Y,N,N,Y,N,N,Y,N,N,N,N,N,N,<1 DAY,Y,N,N,Y,N,N,Y,0,9,Y,1,13,0,22,0,0,N,N,N,N,Y,Y,Y,Y,Y,Y,Y,Y,Y,Y,Y,Y,N,,,,,0,0,107.8,0.0,0.0,King,N,N,POINT (-122.334635 47.31306)
10/25/2020,505483,ALASKA GARDENS HEALTH AND REHABILITATION,6220 SOUTH ALASKA STREET,TACOMA,WA,98408,Y,Y,0,1,0,0,1,14,1,6,0,0,123,91,,,,,Y,N,N,N,N,N,N,3-7 DAYS,Y,Y,N,N,N,N,Y,N,N,N,N,N,N,3-7 DAYS,N,N,N,N,N,N,N,,,,0,1,1,24,0,0,N,N,N,N,Y,N,Y,Y,Y,Y,Y,Y,Y,Y,Y,Y,N,,,,,0,0,0.0,0.0,,Pierce,N,N,POINT (-122.45955499999998 47.19914)
10/25/2020,505126,AVALON HEALTH & REHABILITATION CENTER - PASCO,2004 N 22ND AVENUE,PASCO,WA,99301,Y,Y,1,95,0,37,0,5,0,18,0,9,108,52,,,,,Y,N,N,N,N,N,N,<1 DAY,N,N,N,N,N,N,Y,N,N,N,N,N,N,<1 DAY,Y,N,N,N,Y,N,Y,0,72,Y,0,23,0,12,0,0,N,N,N,N,Y,Y,Y,Y,Y,Y,Y,Y,Y,Y,Y,Y,N,,,,,0,0,711.5,173.1,24.3,Franklin,N,N,POINT (-119.119718 46.247101)
10/25/2020,505269,VANCOUVER SPECIALTY AND REHAB CARE,1015 NORTH GARRISON ROAD,VANCOUVER,WA,98664,Y,Y,0,3,0,9,0,6,0,0,0,0,104,76,,,,,Y,N,N,N,N,N,N,1-2 DAYS,Y,N,N,N,Y,N,Y,N,N,N,N,N,N,1-2 DAYS,Y,Y,N,Y,Y,N,Y,0,0,Y,1,19,4,53,0,0,Y,N,Y,N,Y,Y,Y,Y,Y,Y,Y,Y,Y,Y,Y,Y,Y,25,0,Y,Y,0,0,118.4,0.0,0.0,Clark,N,N,POINT (-122.591546 45.628966)
10/25/2020,505407,MOUNTAIN VIEW REHABILITATION AND CARE CENTER,5925 47TH AVENUE NE,MARYSVILLE,WA,98270,Y,Y,6,44,0,33,0,16,0,5,0,4,82,56,,,,,Y,N,N,N,N,N,N,<1 DAY,N,N,N,N,N,N,Y,N,N,N,N,N,N,<1 DAY,N,N,N,N,N,N,Y,0,0,Y,0,18,0,4,0,0,N,N,N,N,Y,Y,Y,Y,Y,Y,Y,Y,Y,Y,Y,Y,N,,,,,0,0,589.3,71.4,12.1,Snohomish,N,N,POINT (-122.167628 48.050207)
10/25/2020,505154,TACOMA NURSING AND REHABILITATION CENTER,2102 SOUTH 96TH STREET,TACOMA,WA,98444,Y,Y,0,0,0,0,0,0,0,0,0,0,150,96,,,,,Y,N,N,N,N,N,N,1-2 DAYS,Y,N,N,N,N,Y,Y,N,N,N,N,N,N,1-2 DAYS,Y,N,N,N,N,Y,Y,4,3,Y,0,0,0,1,0,0,N,N,N,N,Y,Y,Y,Y,Y,Y,Y,Y,Y,N,Y,Y,N,,,,,0,0,0.0,0.0,,Pierce,N,N,POINT (-122.464882 47.170176)
10/25/2020,505004,ISSAQUAH NURSING AND REHABILITATION CENTER,805 FRONT STREET,ISSAQUAH,WA,98027,Y,Y,0,26,0,71,2,28,1,47,0,20,140,93,,,,,Y,N,N,N,N,N,N,1-2 DAYS,Y,Y,N,N,Y,N,Y,N,N,N,N,N,N,<1 DAY,Y,N,N,N,Y,N,Y,1,73,Y,0,65,1,60,0,0,N,N,N,N,Y,Y,Y,Y,Y,Y,Y,Y,Y,Y,Y,Y,N,,,,,0,0,763.4,215.1,28.2,King,N,N,POINT (-122.03631399999999 47.538533)
10/25/2020,505074,PARK MANOR REHABILITATION CTR,1710 PLAZA WAY,WALLA WALLA,WA,99362,Y,Y,0,0,0,5,0,3,0,23,0,0,99,75,,,,,Y,N,N,N,N,N,N,1-2 DAYS,N,N,N,N,N,N,Y,N,N,N,N,N,N,1-2 DAYS,Y,N,N,N,Y,N,Y,0,30,Y,0,14,2,23,0,0,N,N,N,N,Y,Y,Y,Y,Y,Y,Y,Y,Y,Y,Y,Y,N,,,,,0,0,66.7,0.0,0.0,Walla Walla,N,N,POINT (-118.34608600000001 46.04746)
10/25/2020,505306,LIFE CARE CENTER OF PORT TOWNSEND,751 KEARNEY STREET,PORT TOWNSEND,WA,98368,Y,Y,0,0,0,0,0,0,0,1,0,0,75,43,,,,,Y,N,N,N,N,N,N,1-2 DAYS,N,N,N,N,N,N,Y,N,N,N,N,N,N,1-2 DAYS,Y,N,N,N,Y,N,Y,0,0,Y,0,0,0,0,0,0,N,N,N,N,Y,Y,Y,Y,Y,Y,Y,Y,Y,Y,Y,Y,N,,,,,0,0,0.0,0.0,,Jefferson,N,N,POINT (-122.77350400000002 48.112988)
10/25/2020,505421,WASHINGTON ODD FELLOWS HOME,534 BOYER AVENUE,WALLA WALLA,WA,99362,Y,Y,0,1,0,5,0,0,0,9,0,0,117,100,,,,,Y,N,N,N,N,N,N,3-7 DAYS,Y,N,Y,N,N,N,Y,N,N,N,N,N,N,3-7 DAYS,Y,N,Y,N,N,N,Y,42,90,Y,0,10,0,11,0,2,Y,N,Y,N,Y,Y,Y,Y,Y,Y,Y,Y,Y,Y,Y,Y,N,,,,,0,0,50.0,0.0,0.0,Walla Walla,N,N,POINT (-118.32509900000001 46.07064400000001)
10/25/2020,505442,CAROLINE KLINE GALLAND HOME,7500 SEWARD PARK AVENUE SOUTH,SEATTLE,WA,98118,Y,Y,0,0,2,10,0,4,2,47,0,0,205,168,,,,,Y,N,N,N,N,N,N,3-7 DAYS,Y,N,Y,Y,Y,N,Y,N,N,N,N,N,N,1-2 DAYS,Y,Y,Y,Y,Y,N,Y,86,425,Y,0,8,1,4,0,0,Y,Y,Y,Y,Y,Y,Y,Y,Y,Y,Y,Y,Y,Y,Y,Y,N,,,,,11.9,0,59.5,0.0,0.0,King,N,N,POINT (-122.26715999999999 47.534632)
10/25/2020,505362,VIEW RIDGE CARE CENTER,5129 HILLTOP ROAD,EVERETT,WA,98203,Y,Y,0,0,0,0,0,3,0,0,0,0,70,50,,,,,Y,N,N,N,N,N,N,1-2 DAYS,N,N,N,N,N,N,Y,N,N,N,N,N,N,1-2 DAYS,N,N,N,N,N,N,N,,,,0,2,0,2,0,0,Y,N,Y,N,Y,N,Y,Y,Y,Y,Y,N,Y,Y,Y,Y,N,,,,,0,0,0.0,0.0,,Snohomish,N,N,POINT (-122.22823100000001 47.94996100000001)
10/25/2020,505434,LYNNWOOD POST ACUTE REHABILITATION CENTER,5821 188TH STREET SOUTHWEST,LYNNWOOD,WA,98037,Y,Y,0,0,0,0,0,0,0,0,0,0,67,40,,,,,Y,N,N,N,N,N,N,1-2 DAYS,N,N,N,N,N,N,Y,N,N,N,N,N,N,1-2 DAYS,N,N,N,N,N,N,Y,0,0,Y,0,0,0,0,0,0,N,N,N,N,Y,Y,Y,Y,Y,Y,Y,Y,Y,Y,Y,Y,N,,,,,0,0,0.0,0.0,,Snohomish,N,N,POINT (-122.31222900000002 47.828383)
10/25/2020,505195,NORTH AUBURN REHAB & HEALTH CENTER,2830  I  STREET NORTHEAST,AUBURN,WA,98002,Y,Y,0,0,0,0,0,0,0,5,0,0,89,78,,,,,Y,N,N,N,N,N,N,1-2 DAYS,N,N,N,N,N,N,Y,N,N,N,N,N,N,1-2 DAYS,Y,N,N,N,Y,N,Y,0,0,Y,0,2,0,3,0,0,N,N,N,N,Y,Y,Y,Y,Y,Y,Y,Y,Y,Y,Y,Y,N,,,,,0,0,0.0,0.0,,King,N,N,POINT (-122.21932700000002 47.332452)
10/25/2020,505485,LINDEN GROVE HEALTH CARE CENTER,400 - 29TH STREET NORTHEAST,PUYALLUP,WA,98373,Y,Y,0,5,0,26,1,27,2,32,1,8,130,100,,,,,Y,N,N,N,N,N,N,1-2 DAYS,Y,Y,Y,N,N,N,Y,N,N,N,N,N,N,1-2 DAYS,Y,Y,N,N,Y,N,Y,1,1,Y,0,38,1,31,0,0,Y,N,Y,Y,Y,Y,Y,Y,Y,Y,Y,Y,Y,Y,Y,Y,N,,,,,0,10,260.0,80.0,30.8,Pierce,N,N,POINT (-122.25548000000002 47.193928)
10/25/2020,505348,GOOD SAMARITAN HEALTH CARE CTR,702 NORTH 16TH AVENUE,YAKIMA,WA,98902,Y,Y,0,23,0,64,0,38,1,41,0,13,105,75,,,,,Y,N,N,N,N,N,N,3-7 DAYS,Y,N,N,Y,Y,N,Y,N,N,N,N,N,N,3-7 DAYS,Y,Y,N,Y,N,N,Y,4,4,Y,1,39,0,32,0,0,N,N,N,N,Y,Y,Y,Y,Y,Y,Y,Y,Y,Y,Y,Y,N,,,,,0,0,853.3,173.3,20.3,Yakima,N,N,POINT (-120.53046900000001 46.609367)
10/25/2020,505211,PUYALLUP NURSING AND REHABILITATION CENTER,516 23RD AVE SE,PUYALLUP,WA,98372,Y,Y,0,0,0,0,0,6,1,23,0,0,96,67,,,,,Y,N,N,N,N,N,N,3-7 DAYS,N,N,N,N,N,N,Y,N,N,N,N,N,N,1-2 DAYS,Y,N,N,N,Y,N,Y,0,1,Y,0,5,3,21,0,0,N,N,N,N,Y,Y,Y,Y,Y,Y,Y,Y,Y,Y,Y,Y,N,,,,,0,0,0.0,0.0,,Pierce,N,N,POINT (-122.286873 47.169758)
10/25/2020,505347,THE OAKS AT LAKEWOOD,11411 BRIDGEPORT WAY,TACOMA,WA,98499,Y,Y,0,4,0,0,0,1,0,8,0,0,80,62,,,,,Y,N,N,N,N,N,N,<1 DAY,N,N,N,N,N,N,Y,N,N,N,N,N,N,<1 DAY,Y,N,N,N,Y,N,Y,0,3,Y,0,2,0,0,0,0,Y,N,Y,N,Y,Y,Y,Y,Y,Y,Y,Y,Y,Y,Y,Y,Y,7,0,Y,Y,0,0,0.0,0.0,,Pierce,N,N,POINT (-122.504488 47.153756)
10/25/2020,505324,LIFE CARE CENTER OF PUYALLUP,511 10TH AVENUE SOUTHEAST,PUYALLUP,WA,98372,Y,Y,0,0,6,29,0,12,0,9,0,1,102,60,,,,,Y,N,N,N,N,N,N,1-2 DAYS,Y,N,Y,N,Y,N,Y,N,N,N,N,N,N,1-2 DAYS,Y,N,Y,N,Y,N,Y,0,0,N,4,18,1,12,0,0,Y,N,Y,N,Y,N,Y,N,Y,N,Y,N,Y,Y,Y,Y,N,,,,,100,0,483.3,16.7,3.4,Pierce,Y,N,POINT (-122.286223 47.182655)
10/25/2020,505327,AVAMERE OLYMPIC REHABILITATION OF SEQUIM,1000 5TH AVENUE SOUTH,SEQUIM,WA,98382,Y,Y,0,0,0,0,1,11,0,13,0,0,84,82,,,,,Y,N,N,N,N,N,N,1-2 DAYS,Y,Y,N,N,N,N,Y,N,N,N,N,N,N,1-2 DAYS,Y,N,N,N,Y,N,Y,1,25,Y,0,1,0,12,0,0,N,N,N,N,Y,Y,Y,Y,Y,Y,Y,Y,Y,Y,Y,Y,N,,,,,0,0,0.0,0.0,,Clallam,N,N,POINT (-123.11272499999998 48.070712)
10/25/2020,505463,SUNRISE VIEW CONVALESCENT CTR,2520 MADISON,EVERETT,WA,98203,Y,Y,0,3,0,5,0,0,0,0,0,0,59,42,,,,,Y,N,N,N,N,N,N,1-2 DAYS,N,N,N,N,N,N,Y,N,N,N,N,N,N,1-2 DAYS,Y,N,N,N,N,Y,Y,0,5,Y,0,8,0,0,0,0,N,N,N,N,Y,N,Y,Y,Y,N,Y,N,Y,Y,Y,Y,N,,,,,0,0,119.0,0.0,0.0,Snohomish,N,N,POINT (-122.198027 47.93609800000001)
10/25/2020,505182,PROVIDENCE MOUNT ST VINCENT,4831 35TH AVENUE SOUTHWEST,SEATTLE,WA,98126,Y,Y,0,2,0,19,1,45,1,49,0,6,215,135,,,,,Y,N,N,N,N,N,N,1-2 DAYS,Y,Y,N,N,N,N,Y,N,N,N,N,N,N,1-2 DAYS,Y,N,N,Y,Y,N,Y,0,0,Y,1,26,0,37,0,0,N,N,N,Y,N,N,N,N,Y,Y,N,N,Y,Y,Y,Y,N,,,,,0,0,140.7,44.4,31.6,King,N,N,POINT (-122.37626000000002 47.558332)
10/25/2020,505393,NORTH CASCADES HEALTH AND REHABILITATION CENTER,4680 CORDATA PARKWAY,BELLINGHAM,WA,98226,Y,Y,0,0,0,0,0,29,0,28,0,0,121,88,,,,,Y,N,N,N,N,N,N,1-2 DAYS,N,N,N,N,N,N,Y,N,N,N,N,N,N,1-2 DAYS,Y,Y,N,N,N,N,N,,,,0,0,1,21,0,0,N,N,N,N,Y,Y,Y,Y,Y,Y,Y,Y,Y,Y,Y,Y,N,,,,,0,0,0.0,0.0,,Whatcom,N,N,POINT (-122.497692 48.81163600000001)
10/25/2020,505236,ALDERCREST HEALTH & REHAB CENTER,21400 72ND AVENUE WEST,EDMONDS,WA,98026,Y,Y,0,0,0,0,0,1,1,3,0,0,98,89,,,,,Y,N,N,N,N,N,N,1-2 DAYS,N,N,N,N,N,N,Y,N,N,N,N,N,N,1-2 DAYS,Y,Y,N,N,Y,N,Y,0,0,Y,0,0,1,3,0,0,Y,Y,Y,Y,Y,N,Y,N,Y,N,Y,N,Y,N,Y,N,N,,,,,0,0,0.0,0.0,,Snohomish,N,N,POINT (-122.330144 47.804558)
10/25/2020,505059,PANORAMA CITY CONV & REHAB CTR,1600 SLEATER KINNEY ROAD SE,LACEY,WA,98503,Y,Y,0,0,0,0,0,3,0,13,0,0,155,118,,,,,Y,N,N,N,N,N,N,3-7 DAYS,N,N,N,N,N,N,Y,N,N,N,N,N,N,3-7 DAYS,Y,N,N,N,Y,N,Y,0,0,Y,0,0,0,0,0,0,N,N,N,N,Y,Y,Y,Y,Y,Y,Y,Y,Y,Y,Y,Y,N,,,,,0,0,0.0,0.0,,Thurston,N,N,POINT (-122.83375700000002 47.031672)
10/25/2020,505371,"SPRINGS AT PACIFIC REGENT, THE",919-109TH AVENUE NORTHEAST,BELLEVUE,WA,98004,Y,Y,1,1,0,0,0,0,0,9,0,0,46,28,,,,,Y,N,N,N,N,N,N,<1 DAY,Y,N,N,N,N,Y,Y,N,N,N,N,N,N,<1 DAY,Y,N,N,N,Y,N,Y,4,60,Y,0,1,0,5,0,0,N,N,N,N,Y,Y,Y,Y,Y,Y,Y,Y,Y,Y,Y,Y,N,,,,,0,0,0.0,0.0,,King,N,N,
10/25/2020,505246,AVALON CARE CENTER - PULLMAN,NORTHWEST 1310 DEANE,PULLMAN,WA,99163,Y,Y,0,0,0,0,0,1,0,6,0,0,32,18,,,,,Y,N,N,N,N,N,N,<1 DAY,Y,N,N,Y,N,N,Y,N,N,N,N,N,N,1-2 DAYS,Y,N,N,Y,N,N,Y,17,0,Y,0,2,0,6,0,0,N,N,N,N,Y,Y,Y,Y,Y,Y,Y,Y,Y,Y,Y,Y,N,,,,,0,0,0.0,0.0,,Whitman,N,N,
10/25/2020,505417,SAINT ANNE NURSING AND REHABILITATION CENTER,3540 NORTHEAST 110TH STREET,SEATTLE,WA,98125,Y,Y,0,0,0,0,0,0,0,0,0,0,47,35,,,,,Y,N,N,N,N,N,N,1-2 DAYS,Y,N,N,N,Y,N,Y,N,N,N,N,N,N,1-2 DAYS,Y,N,N,N,Y,N,Y,0,0,Y,0,0,0,0,0,0,N,N,N,N,Y,N,Y,N,Y,N,Y,N,Y,N,Y,N,N,,,,,0,0,0.0,0.0,,King,N,N,POINT (-122.28903299999999 47.708337)
10/25/2020,505416,FOSS HOME & VILLAGE,13023 GREENWOOD AVENUE NORTH,SEATTLE,WA,98133,Y,Y,0,6,0,10,2,38,1,43,0,3,211,119,,,,,Y,N,N,N,N,N,N,1-2 DAYS,Y,Y,N,N,N,N,Y,N,N,N,N,N,N,1-2 DAYS,Y,N,N,N,Y,N,Y,0,120,Y,0,17,0,12,0,0,N,N,N,N,Y,Y,Y,Y,Y,Y,Y,Y,Y,Y,Y,Y,N,,,,,0,0,84.0,25.2,30.0,King,N,N,POINT (-122.35555800000002 47.724095)
10/25/2020,505294,BEACON HILL REHABILITATION,128 BEACON HILL DRIVE,LONGVIEW,WA,98632,Y,Y,0,0,0,0,0,0,1,6,0,0,61,49,,,,,Y,N,N,N,N,N,N,N/A,N,N,N,N,N,N,Y,N,N,N,N,N,N,3-7 DAYS,Y,N,N,N,Y,N,Y,0,68,Y,0,2,0,0,0,0,N,N,N,N,Y,Y,Y,Y,Y,Y,Y,Y,Y,Y,Y,Y,N,,,,,0,0,0.0,0.0,,Cowlitz,N,N,POINT (-122.916672 46.173347)
10/25/2020,505373,PRESTIGE POST-ACUTE AND REHAB CENTER - CENTRALIA,917 SOUTH SCHEUBER ROAD,CENTRALIA,WA,98531,Y,Y,0,3,0,62,0,31,0,17,0,9,128,63,,,,,Y,N,N,N,N,N,N,1-2 DAYS,Y,N,N,N,Y,N,Y,N,N,N,N,N,N,1-2 DAYS,Y,Y,N,N,Y,N,Y,0,0,Y,1,30,0,21,0,0,N,N,N,N,Y,Y,Y,Y,Y,Y,Y,Y,Y,Y,Y,Y,N,,,,,0,0,984.1,142.9,14.5,Lewis,N,N,POINT (-122.986981 46.711489)
10/25/2020,505252,BURIEN NURSING AND REHABILITATION CENTER,1031 SOUTHWEST 130TH STREET,BURIEN,WA,98146,Y,Y,5,27,0,58,0,6,0,12,0,7,140,68,,,,,Y,N,N,N,N,N,N,1-2 DAYS,N,N,N,N,N,N,Y,N,N,N,N,N,N,<1 DAY,Y,N,N,Y,N,N,Y,0,69,Y,0,31,0,7,0,0,N,N,N,N,Y,Y,Y,Y,Y,Y,Y,Y,Y,Y,Y,Y,N,,,,,0,0,852.9,102.9,12.1,King,N,N,POINT (-122.34821499999998 47.486639)
10/25/2020,505389,AVAMERE REHABILITATION OF CASCADE PARK,801 SOUTHEAST PARK CREST AVENUE,VANCOUVER,WA,98683,Y,N,0,1,0,20,0,4,14,119,0,2,88,86,,,,,Y,N,N,N,N,N,N,1-2 DAYS,Y,N,N,N,Y,N,Y,N,N,N,N,N,N,1-2 DAYS,Y,N,N,N,Y,N,Y,0,111,Y,0,16,0,1,0,0,N,N,N,N,Y,Y,Y,Y,Y,Y,Y,Y,Y,Y,Y,Y,N,,,,,0,0,232.6,23.3,10.0,Clark,N,N,POINT (-122.520307 45.615057)
10/25/2020,505210,LIFE CARE CENTER OF PORT ORCHARD,2031 POTTERY AVENUE,PORT ORCHARD,WA,98366,Y,Y,0,10,2,35,1,17,1,8,0,2,117,64,,,,,Y,N,N,N,N,N,N,1-2 DAYS,Y,N,N,N,Y,Y,Y,N,N,N,N,N,N,1-2 DAYS,Y,N,N,N,Y,Y,Y,0,4,N,1,14,0,10,0,0,Y,N,Y,N,Y,Y,Y,Y,Y,Y,Y,Y,Y,Y,Y,Y,N,,,,,31.3,0,546.9,31.3,5.7,Kitsap,N,N,POINT (-122.652379 47.51691)
10/25/2020,505086,LANDMARK CARE AND REHABILITATION,710 NORTH 39TH AVENUE,YAKIMA,WA,98902,Y,Y,0,5,2,36,2,4,3,24,1,11,93,58,,,,,Y,N,N,N,N,N,N,3-7 DAYS,Y,N,N,N,Y,N,Y,N,N,N,N,N,N,3-7 DAYS,Y,N,Y,N,Y,N,Y,72,124,Y,1,25,0,10,0,0,Y,Y,N,N,Y,N,Y,N,Y,N,Y,N,Y,N,Y,N,N,,,,,34.5,17.2,620.7,189.7,30.6,Yakima,N,N,POINT (-120.56090800000001 46.608585)
10/25/2020,505474,MARTHA AND MARY HEALTH SERVICE,19160 FRONT STREET NORTHEAST,POULSBO,WA,98370,Y,Y,0,3,0,0,0,14,0,17,0,0,190,131,,,,,Y,N,N,N,N,N,N,3-7 DAYS,N,N,N,N,N,N,Y,N,N,N,N,N,N,3-7 DAYS,Y,Y,N,N,Y,N,Y,0,12,Y,0,4,1,35,0,1,N,N,N,N,Y,Y,Y,Y,Y,Y,Y,Y,Y,Y,Y,Y,N,,,,,0,0,0.0,0.0,,Kitsap,N,N,POINT (-122.649157 47.736662)
10/25/2020,505280,RENTON NURSING AND REHABILITATION CENTER,80 SOUTHWEST SECOND STREET,RENTON,WA,98057,Y,Y,0,2,0,2,0,3,0,3,0,2,99,80,,,,,Y,N,N,N,N,N,N,3-7 DAYS,Y,N,N,N,Y,N,Y,N,N,N,N,N,N,1-2 DAYS,Y,N,N,N,Y,N,Y,0,0,Y,0,1,0,2,0,0,Y,N,Y,Y,Y,Y,Y,Y,Y,Y,Y,Y,Y,Y,Y,Y,N,,,,,0,0,25.0,25.0,100.0,King,N,N,POINT (-122.22004200000002 47.48218700000001)
10/25/2020,505400,ENUMCLAW HEALTH & REHAB CENTER,2323 JENSEN STREET,ENUMCLAW,WA,98022,Y,Y,0,3,0,0,0,14,0,3,0,1,92,41,,,,,Y,N,N,N,N,N,N,1-2 DAYS,Y,N,N,N,Y,N,Y,N,N,N,N,N,N,1-2 DAYS,Y,Y,N,N,Y,N,N,,,,0,8,2,21,0,0,N,N,N,N,N,N,N,N,N,N,N,N,N,N,N,N,N,,,,,0,0,0.0,24.4,,King,N,N,POINT (-121.987114 47.20968200000001)
10/25/2020,505114,"GARDENS ON UNIVERSITY, THE",414 S UNIVERSITY RD,SPOKANE,WA,99206,Y,Y,0,0,0,0,0,4,1,18,0,0,124,90,,,,,Y,N,N,N,N,N,N,1-2 DAYS,Y,N,N,N,Y,N,Y,N,N,N,N,N,N,1-2 DAYS,Y,N,N,N,Y,N,Y,0,1,Y,1,6,0,11,0,0,N,N,N,N,Y,Y,Y,Y,Y,Y,Y,Y,Y,Y,Y,Y,N,,,,,0,0,0.0,0.0,,Spokane,N,N,POINT (-117.26138599999999 47.652768)
10/25/2020,505361,AMERICANA HEALTH & REHAB CTR,917 7TH AVENUE,LONGVIEW,WA,98632,Y,Y,0,0,0,0,5,6,0,0,0,0,62,50,,,,,Y,N,N,N,N,N,N,1-2 DAYS,Y,Y,N,Y,N,N,Y,N,N,N,N,N,N,1-2 DAYS,Y,N,N,Y,N,N,N,,,,0,1,3,17,0,0,N,N,Y,N,Y,Y,Y,Y,Y,Y,Y,Y,Y,Y,Y,Y,N,,,,,0,0,0.0,0.0,,Cowlitz,N,N,POINT (-122.929172 46.129113)
10/25/2020,505309,CAREAGE OF WHIDBEY,311 NORTHEAST 3RD STREET,COUPEVILLE,WA,98239,Y,Y,0,3,0,0,0,3,0,24,0,8,112,47,,,,,Y,N,N,N,N,N,N,1-2 DAYS,N,N,N,N,N,N,Y,N,N,N,N,N,N,1-2 DAYS,Y,N,N,N,Y,N,Y,0,0,N,0,0,0,4,0,0,N,N,Y,Y,Y,Y,Y,Y,Y,Y,Y,Y,Y,Y,Y,Y,N,,,,,0,0,0.0,170.2,,Island,N,N,POINT (-122.68139200000002 48.215676)
10/25/2020,505436,"MANOR CARE OF GIG HARBOR WA, LLC",3309 45TH STREET COURT NORTHWEST,GIG HARBOR,WA,98335,Y,Y,0,0,0,1,0,16,0,12,0,1,120,64,,,,,Y,N,N,N,N,N,N,3-7 DAYS,Y,Y,N,N,N,N,Y,N,N,N,N,N,N,3-7 DAYS,Y,N,N,N,Y,N,Y,1,1,Y,0,3,0,3,0,0,N,N,N,N,N,N,Y,Y,N,N,N,N,Y,Y,Y,Y,N,,,,,0,0,15.6,15.6,100.0,Pierce,N,N,POINT (-122.583235 47.299604)
10/25/2020,505264,AVAMERE AT PACIFIC RIDGE,3625 EAST B STREET,TACOMA,WA,98404,Y,Y,0,0,0,1,0,17,0,17,0,0,100,85,,,,,Y,N,N,N,N,N,N,1-2 DAYS,Y,N,N,Y,N,N,Y,N,N,N,N,N,N,1-2 DAYS,Y,N,N,Y,N,N,Y,0,0,Y,0,13,0,6,0,0,Y,N,Y,Y,Y,Y,Y,Y,Y,Y,Y,Y,Y,Y,Y,Y,N,,,,,0,0,11.8,0.0,0.0,Pierce,N,N,POINT (-122.42973600000002 47.225422)
10/25/2020,505454,NORTH VALLEY HOSPITAL,22 W 1ST STREET,TONASKET,WA,98855,Y,Y,0,1,0,0,0,0,0,2,0,0,42,40,,,,,Y,N,N,N,N,N,N,3-7 DAYS,N,N,N,N,N,N,Y,N,N,N,N,N,N,3-7 DAYS,Y,N,N,N,Y,N,N,,,,0,0,0,3,0,0,Y,Y,Y,Y,Y,Y,Y,Y,Y,Y,Y,Y,Y,Y,Y,Y,N,,,,,0,0,0.0,0.0,,Okanogan,N,N,POINT (-119.441828 48.708752)
10/25/2020,505010,GARDEN VILLAGE,206 SOUTH TENTH AVENUE,YAKIMA,WA,98902,Y,Y,1,20,0,58,0,9,0,22,0,14,101,79,,,,,Y,N,N,N,N,N,N,1-2 DAYS,Y,N,N,N,Y,Y,Y,N,N,N,N,N,N,1-2 DAYS,Y,N,N,N,Y,N,Y,0,50,Y,0,41,0,21,0,0,Y,N,Y,Y,Y,N,Y,Y,Y,Y,Y,Y,Y,Y,Y,Y,N,,,,,0,0,734.2,177.2,24.1,Yakima,N,N,POINT (-120.52139299999999 46.595344)
10/25/2020,505429,SHARON CARE CENTER,1509 HARRISON AVENUE,CENTRALIA,WA,98531,Y,Y,0,0,0,0,0,0,0,0,0,0,42,38,,,,,Y,N,N,N,N,N,N,1-2 DAYS,N,N,N,N,N,N,Y,N,N,N,N,N,N,1-2 DAYS,N,N,N,N,N,N,N,,,,0,0,0,2,0,0,N,N,N,N,Y,Y,Y,Y,Y,Y,Y,Y,Y,Y,Y,Y,N,,,,,0,0,0.0,0.0,,Lewis,N,N,POINT (-122.98832100000001 46.734378)
10/25/2020,505351,ARLINGTON HEALTH AND REHABILITATION,620 SOUTH HAZEL STREET,ARLINGTON,WA,98223,Y,Y,0,0,0,0,0,0,0,11,0,0,76,49,,,,,Y,N,N,N,N,N,N,1-2 DAYS,Y,N,N,Y,N,N,Y,N,N,N,N,N,N,1-2 DAYS,Y,N,N,Y,N,N,Y,1,0,Y,0,2,0,0,0,0,N,N,N,N,Y,Y,Y,Y,Y,Y,Y,Y,Y,Y,Y,Y,N,,,,,0,0,0.0,0.0,,Snohomish,N,N,POINT (-122.12891500000002 48.18681)
10/25/2020,505476,BAILEY-BOUSHAY HOUSE,2720 EAST MADISON,SEATTLE,WA,98112,Y,Y,0,0,0,0,0,1,0,9,0,0,35,33,,,,,Y,N,N,N,N,N,N,<1 DAY,Y,Y,N,N,Y,N,Y,N,N,N,N,N,N,<1 DAY,Y,Y,N,N,Y,N,Y,0,0,Y,0,1,0,3,0,0,Y,Y,Y,Y,Y,Y,Y,Y,Y,Y,Y,Y,Y,Y,Y,Y,N,,,,,0,0,0.0,0.0,,King,N,N,POINT (-122.29672500000001 47.623126000000006)
10/25/2020,505262,SHORELINE HEALTH AND REHABILITATION,2818 NORTHEAST 145TH STREET,SEATTLE,WA,98155,Y,Y,0,0,0,0,0,14,0,7,0,0,114,94,,,,,Y,N,N,N,N,N,N,<1 DAY,Y,N,N,N,N,Y,Y,N,N,N,N,N,N,<1 DAY,Y,N,N,N,Y,N,Y,0,77,Y,0,1,0,11,0,0,N,N,N,N,Y,Y,Y,Y,Y,Y,Y,Y,Y,Y,Y,Y,N,,,,,0,0,0.0,0.0,,King,N,N,POINT (-122.297228 47.73379)
10/25/2020,505299,PUGET SOUND HEALTHCARE CENTER,4001 CAPITOL MALL DR SOUTHWEST,OLYMPIA,WA,98502,Y,Y,0,0,0,0,0,2,0,0,0,0,108,96,,,,,Y,N,N,N,N,N,N,1-2 DAYS,N,N,N,N,N,N,Y,N,N,N,N,N,N,1-2 DAYS,Y,N,N,N,Y,N,Y,0,0,Y,0,1,0,2,0,0,N,N,N,N,Y,Y,Y,Y,Y,Y,Y,Y,Y,Y,Y,Y,N,,,,,0,0,0.0,0.0,,Thurston,N,N,POINT (-122.952053 47.041741)
10/25/2020,505382,REGENCY WENATCHEE REHABILIATION & NURSING CENTER,1326 RED APPLE RD,WENATCHEE,WA,98801,Y,Y,0,0,0,0,0,0,0,5,0,0,55,34,,,,,Y,N,N,N,N,N,N,1-2 DAYS,N,N,N,N,N,N,Y,N,N,N,N,N,N,1-2 DAYS,N,N,N,N,N,N,Y,0,0,Y,0,3,0,1,0,0,N,N,N,N,Y,Y,Y,Y,Y,Y,Y,Y,Y,Y,Y,Y,N,,,,,0,0,0.0,0.0,,Chelan,N,N,POINT (-120.33442099999999 47.407947)
10/25/2020,505386,MARYSVILLE CARE CENTER,1821 GROVE STREET,MARYSVILLE,WA,98270,Y,Y,0,0,0,0,0,8,0,13,0,0,97,71,,,,,Y,N,N,N,N,N,N,1-2 DAYS,N,N,N,N,N,N,Y,N,N,N,N,N,N,1-2 DAYS,Y,N,N,N,Y,N,Y,0,0,Y,0,0,0,2,0,0,N,N,N,N,Y,Y,Y,Y,Y,Y,Y,Y,Y,Y,Y,Y,N,,,,,0,0,0.0,0.0,,Snohomish,N,N,POINT (-122.169754 48.06121900000001)
10/25/2020,505188,LIFE CARE CENTER OF FEDERAL WAY,1045 SOUTH 308TH STREET,FEDERAL WAY,WA,98003,Y,Y,0,3,0,58,0,55,0,14,0,4,108,87,,,,,Y,N,N,N,N,N,N,1-2 DAYS,Y,N,N,N,Y,N,Y,N,N,N,N,N,N,1-2 DAYS,Y,N,N,N,Y,N,Y,0,0,Y,0,29,0,17,0,0,Y,Y,Y,Y,Y,Y,Y,Y,Y,Y,Y,Y,Y,Y,Y,Y,N,,,,,0,0,666.7,46.0,6.9,King,N,N,POINT (-122.319324 47.326024)
10/25/2020,505243,OLYMPIA TRANSITIONAL CARE AND REHABILITATION,430 LILLY ROAD NORTHEAST,OLYMPIA,WA,98506,Y,Y,0,0,2,28,0,2,1,11,0,0,135,88,,,,,Y,N,N,N,N,N,N,1-2 DAYS,Y,Y,N,Y,N,N,Y,N,N,N,N,N,N,1-2 DAYS,Y,N,N,Y,N,N,Y,0,0,Y,2,12,0,0,0,0,N,N,N,N,Y,Y,Y,Y,Y,Y,Y,Y,Y,Y,Y,Y,N,,,,,22.7,0,318.2,0.0,0.0,Thurston,N,N,POINT (-122.84436800000002 47.053145)
10/25/2020,505367,WILLOW SPRINGS CARE AND REHABILITATION,4007 TIETON DRIVE,YAKIMA,WA,98908,Y,Y,0,21,0,5,0,8,1,14,0,4,75,60,,,,,Y,N,N,N,N,N,N,1-2 DAYS,Y,N,N,N,Y,N,Y,N,N,N,N,N,N,1-2 DAYS,Y,Y,N,N,Y,N,Y,0,1,Y,0,5,0,6,0,0,N,N,N,N,Y,Y,Y,Y,Y,Y,Y,Y,Y,Y,Y,Y,N,,,,,0,0,83.3,66.7,80.0,Yakima,N,N,POINT (-120.56323200000001 46.592682)
10/25/2020,505093,ORCHARD PARK HEALTH CARE & REHAB CENTER,4755 SOUTH 48TH,TACOMA,WA,98409,Y,Y,0,2,0,16,0,1,0,21,0,1,147,128,,,,,Y,N,N,N,N,N,N,3-7 DAYS,N,N,N,N,N,N,Y,N,N,N,N,N,N,3-7 DAYS,N,N,N,N,N,N,Y,0,0,Y,0,9,0,1,0,0,N,N,N,N,Y,Y,Y,Y,Y,Y,Y,Y,Y,Y,Y,Y,N,,,,,0,0,125.0,7.8,6.3,Pierce,N,N,POINT (-122.503497 47.213817)
10/25/2020,505216,SOUNDVIEW REHABILTATION AND HEALTH CARE INC,1105 27TH STREET,ANACORTES,WA,98221,Y,Y,0,0,0,0,0,0,0,9,0,0,44,33,,,,,Y,N,N,N,N,N,N,<1 DAY,Y,N,N,N,Y,N,Y,N,N,N,N,N,N,<1 DAY,Y,N,N,N,Y,N,Y,9,3,Y,0,1,0,0,0,0,Y,N,Y,Y,Y,Y,Y,Y,Y,Y,Y,Y,Y,Y,Y,Y,N,,,,,0,0,0.0,0.0,,Skagit,N,N,POINT (-122.61350700000001 48.500441)
10/25/2020,505435,TACOMA LUTHERAN RETIREMENT COMMUNITY,1301 N HIGHLANDS PARKWAY,TACOMA,WA,98406,Y,Y,0,1,0,7,2,13,1,28,0,0,187,124,,,,,Y,N,N,N,N,N,N,3-7 DAYS,Y,Y,N,N,N,N,Y,N,N,N,N,N,N,1-2 DAYS,Y,Y,N,N,N,N,Y,0,0,Y,0,3,1,9,0,0,N,N,Y,Y,Y,Y,Y,Y,Y,Y,Y,Y,Y,Y,Y,Y,N,,,,,0,0,56.5,0.0,0.0,Pierce,N,N,POINT (-122.521761 47.261732)
10/25/2020,505404,BETHANY AT PACIFIC,916 PACIFIC AVENUE 3RD-5TH FLOORS,EVERETT,WA,98201,Y,Y,0,0,0,2,0,1,0,11,0,1,111,53,,,,,Y,N,N,N,N,N,N,1-2 DAYS,Y,N,N,Y,N,N,Y,N,N,N,N,N,N,1-2 DAYS,Y,N,N,Y,N,N,Y,0,0,Y,0,4,0,8,0,0,N,N,N,N,Y,Y,Y,Y,Y,Y,Y,Y,Y,Y,Y,Y,N,,,,,0,0,37.7,18.9,50.0,Snohomish,N,N,POINT (-122.217171 47.976453)
10/25/2020,505289,"MANOR CARE OF TACOMA WA, LLC",5601 S ORCHARD STREET,TACOMA,WA,98409,Y,Y,2,8,0,48,0,16,0,18,0,8,124,68,,,,,Y,N,N,N,N,N,N,3-7 DAYS,Y,Y,N,N,Y,N,Y,N,N,N,N,N,N,3-7 DAYS,Y,Y,N,N,Y,N,Y,2,0,Y,0,17,1,10,0,0,N,N,N,N,Y,N,Y,Y,Y,N,Y,Y,Y,Y,Y,Y,N,,,,,0,0,705.9,117.6,16.7,Pierce,N,N,POINT (-122.50462000000002 47.205657)
10/25/2020,505204,QUEEN ANNE HEALTHCARE,2717 DEXTER AVENUE NORTH,SEATTLE,WA,98109,Y,Y,0,61,0,61,0,12,0,21,0,14,120,112,,,,,Y,N,N,N,N,N,N,1-2 DAYS,Y,N,Y,N,N,N,Y,N,N,N,N,N,N,1-2 DAYS,Y,Y,N,Y,N,N,Y,0,2,Y,0,29,0,14,0,2,N,N,N,N,Y,Y,Y,Y,Y,Y,Y,Y,Y,Y,Y,Y,N,,,,,0,0,544.6,125.0,23.0,King,N,N,POINT (-122.34773199999998 47.64465800000001)
10/25/2020,505488,RICHMOND BEACH REHAB,19235 - 15TH AVENUE NORTHWEST,SHORELINE,WA,98177,Y,Y,1,100,3,6,0,0,2,14,0,8,131,101,,,,,Y,N,N,N,N,N,N,<1 DAY,Y,Y,Y,Y,Y,N,Y,N,N,N,N,N,N,1-2 DAYS,Y,Y,Y,Y,Y,N,Y,0,0,Y,0,6,0,1,0,0,N,N,N,N,Y,Y,Y,N,Y,Y,Y,Y,Y,Y,Y,Y,N,,,,,29.7,0,59.4,79.2,133.3,King,Y,N,POINT (-122.37728399999999 47.769262)
10/25/2020,505338,SNOHOMISH HEALTH AND REHABILITATION,800 10TH STREET,SNOHOMISH,WA,98290,Y,Y,0,0,0,1,0,1,2,10,0,0,91,67,,,,,Y,N,N,N,N,N,N,1-2 DAYS,Y,N,N,N,N,Y,Y,N,N,N,N,N,N,1-2 DAYS,Y,N,N,N,N,Y,N,,,,1,1,0,1,0,0,N,N,N,N,Y,Y,Y,Y,Y,Y,Y,Y,Y,Y,Y,Y,N,,,,,0,0,14.9,0.0,0.0,Snohomish,N,N,POINT (-122.091107 47.924065)
10/25/2020,505344,CANTERBURY HOUSE,502 29TH STREET SOUTHEAST,AUBURN,WA,98002,Y,Y,0,4,0,0,0,11,0,13,0,0,100,79,,,,,Y,N,N,N,N,N,N,1-2 DAYS,Y,N,N,N,Y,N,Y,N,N,N,N,N,N,1-2 DAYS,Y,N,N,N,Y,N,N,,,,0,2,0,6,0,0,N,N,N,N,Y,Y,Y,Y,Y,Y,Y,Y,Y,Y,Y,Y,N,,,,,0,0,0.0,0.0,,King,N,N,POINT (-122.22148300000002 47.282804)
10/25/2020,505272,LIFE CARE CENTER OF MOUNT VERNON,2120 EAST DIVISION STREET,MOUNT VERNON,WA,98273,Y,N,0,1,0,0,0,5,0,4,0,0,121,49,,,,,Y,N,N,N,N,N,N,1-2 DAYS,Y,N,N,Y,N,N,Y,N,N,N,N,N,N,1-2 DAYS,Y,N,N,Y,N,N,Y,0,0,N,1,10,0,1,0,0,N,N,N,N,Y,Y,Y,Y,Y,Y,Y,Y,Y,Y,Y,Y,N,,,,,0,0,0.0,0.0,,Skagit,N,N,POINT (-122.31391499999998 48.420994)
10/25/2020,505413,COLONIAL VISTA POST-ACUTE & REHAB CENTER,625 OKANOGAN,WENATCHEE,WA,98801,Y,Y,0,0,0,17,0,24,1,9,0,2,95,48,,,,,Y,N,N,N,N,N,N,1-2 DAYS,Y,N,N,N,Y,N,Y,N,N,N,N,N,N,1-2 DAYS,Y,N,N,N,Y,N,Y,0,6,Y,0,18,0,20,0,0,N,N,N,N,Y,Y,Y,Y,Y,Y,Y,Y,Y,Y,Y,Y,N,,,,,0,0,354.2,41.7,11.8,Chelan,N,N,POINT (-120.31394400000002 47.413159)
10/25/2020,505151,CASHMERE CARE CENTER,817 PIONEER AVENUE,CASHMERE,WA,98815,Y,Y,0,5,0,29,0,4,0,10,0,2,85,77,,,,,Y,N,N,N,N,N,N,1-2 DAYS,Y,N,N,N,Y,N,Y,N,N,N,N,N,N,1-2 DAYS,Y,N,N,N,Y,N,Y,7,66,Y,0,14,0,0,0,0,Y,N,Y,N,Y,Y,Y,Y,Y,Y,Y,Y,Y,Y,Y,Y,N,,,,,0,0,376.6,26.0,6.9,Chelan,N,N,POINT (-120.482681 47.517044)
10/25/2020,505395,GOOD SAMARITAN SOCIETY - STAFHOLT,456 C STREET,BLAINE,WA,98230,Y,Y,0,0,0,17,1,2,0,13,0,3,57,40,,,,,Y,N,N,N,N,N,N,1-2 DAYS,Y,Y,N,N,N,N,Y,N,N,N,N,N,N,1-2 DAYS,Y,Y,N,N,Y,N,Y,0,4,Y,0,5,0,4,0,0,N,N,Y,N,Y,Y,Y,Y,Y,Y,Y,Y,Y,Y,Y,Y,N,,,,,0,0,425.0,75.0,17.6,Whatcom,N,N,POINT (-122.74701100000001 48.999151)
10/25/2020,505304,RAINIER REHABILITATION,920 12TH AVENUE SOUTHEAST,PUYALLUP,WA,98372,Y,Y,0,5,0,0,0,0,0,24,0,0,117,103,,,,,Y,N,N,N,N,N,N,1-2 DAYS,Y,N,Y,N,N,N,Y,N,N,N,N,N,N,1-2 DAYS,Y,N,Y,N,Y,N,Y,0,0,Y,0,2,0,1,0,0,N,N,N,N,Y,Y,Y,Y,Y,Y,Y,Y,Y,Y,Y,Y,Y,32,0,Y,Y,0,0,0.0,0.0,,Pierce,N,N,POINT (-122.28140099999999 47.180867)
10/25/2020,505369,REGENCY AT NORTHPOINTE,1224 EAST WESTVIEW COURT,SPOKANE,WA,99218,Y,Y,0,6,0,13,0,8,0,15,0,4,120,91,,,,,Y,N,N,N,N,N,N,<1 DAY,Y,Y,N,N,N,N,Y,N,N,N,N,N,N,1-2 DAYS,Y,N,N,N,Y,N,Y,1,24,Y,0,13,0,36,0,0,Y,N,Y,N,Y,Y,Y,Y,Y,Y,Y,Y,Y,Y,Y,Y,Y,14,0,Y,Y,0,0,142.9,44.0,30.8,Spokane,N,N,POINT (-117.391113 47.745663)
10/25/2020,505075,REGENCY AT THE PARK,420 SOUTHEAST MYRA ROAD,COLLEGE PLACE,WA,99324,Y,Y,0,1,0,4,0,8,0,12,0,1,106,53,,,,,Y,N,N,N,N,N,N,1-2 DAYS,Y,Y,N,N,Y,N,Y,N,N,N,N,N,N,1-2 DAYS,Y,N,N,N,Y,N,Y,2,1,Y,0,12,0,54,0,1,Y,N,Y,N,Y,Y,Y,Y,Y,Y,Y,Y,Y,Y,Y,Y,N,,,,,0,0,75.5,18.9,25.0,Walla Walla,N,N,
10/25/2020,505033,ROCKWOOD SOUTH HILL,EAST 2903 25TH AVENUE,SPOKANE,WA,99223,Y,Y,0,2,0,14,0,0,0,4,0,4,45,28,,,,,Y,N,N,N,N,N,N,3-7 DAYS,N,N,N,N,N,N,Y,N,N,N,N,N,N,3-7 DAYS,Y,N,N,N,Y,N,N,,,,0,21,0,0,0,0,N,N,N,N,Y,Y,Y,Y,Y,Y,Y,Y,Y,Y,Y,Y,N,,,,,0,0,500.0,142.9,28.6,Spokane,N,N,
10/25/2020,505455,JUDSON PARK HEALTH CENTER,23620 MARINE VIEW DRIVE SOUTH,DES MOINES,WA,98198,Y,Y,0,4,0,0,0,12,0,12,0,0,96,82,,,,,Y,N,N,N,N,N,N,1-2 DAYS,Y,N,N,N,Y,N,Y,N,N,N,N,N,N,1-2 DAYS,Y,Y,N,N,N,N,N,,,,0,8,1,6,0,0,N,N,N,N,Y,Y,Y,Y,Y,Y,Y,Y,Y,Y,Y,Y,N,,,,,0,0,0.0,0.0,,King,N,N,POINT (-122.323806 47.389194)
10/25/2020,505085,"CRESCENT HEALTH CARE, INC",505 NORTH 40TH AVENUE,YAKIMA,WA,98908,Y,Y,0,1,0,67,0,17,0,31,0,11,85,61,,,,,Y,N,N,N,N,N,N,<1 DAY,Y,N,N,N,Y,N,Y,N,N,N,N,N,N,<1 DAY,Y,N,N,N,Y,N,Y,37,120,Y,0,36,0,4,0,0,Y,N,Y,N,Y,Y,Y,Y,Y,Y,Y,Y,Y,Y,Y,Y,N,,,,,0,0,1098.4,180.3,16.4,Yakima,N,N,POINT (-120.561975 46.605700000000006)
10/25/2020,505341,DISCOVERY NURSING & REHAB OF VANCOUVER,5220 NORTHEAST HAZEL DELL AVENUE,VANCOUVER,WA,98663,Y,Y,0,0,0,0,0,1,0,2,0,0,85,64,,,,,Y,N,N,N,N,N,N,<1 DAY,Y,N,N,N,Y,N,Y,N,N,N,N,N,N,<1 DAY,Y,N,N,N,Y,N,Y,65,91,Y,0,1,0,1,0,0,N,N,N,N,Y,Y,Y,Y,Y,Y,Y,Y,Y,Y,Y,Y,N,,,,,0,0,0.0,0.0,,Clark,N,N,POINT (-122.667935 45.660743)
10/25/2020,505016,GRAYS HARBOR HEALTH & REHABILITATION CENTER,920 ANDERSON DRIVE,ABERDEEN,WA,98520,Y,Y,0,0,5,33,0,8,1,12,1,5,105,55,,,,,Y,N,N,N,N,N,N,1-2 DAYS,Y,Y,N,Y,N,N,Y,N,N,N,N,N,N,1-2 DAYS,Y,Y,N,Y,N,N,Y,31,73,Y,1,9,0,14,0,0,N,N,N,N,Y,Y,Y,Y,Y,Y,Y,Y,Y,Y,Y,Y,N,,,,,90.9,18.2,600.0,90.9,15.2,Grays Harbor,Y,N,POINT (-123.84636600000002 46.980005)
10/25/2020,505276,FRONTIER REHAB & EXTENDED CARE,1500 3RD AVENUE,LONGVIEW,WA,98632,Y,Y,0,2,0,0,1,14,0,9,0,0,144,80,,,,,Y,N,N,N,N,N,N,3-7 DAYS,Y,Y,N,N,N,N,Y,N,N,N,N,N,N,3-7 DAYS,Y,Y,N,N,N,N,N,,,,0,0,2,14,0,0,N,N,Y,Y,Y,Y,Y,Y,Y,Y,Y,Y,Y,Y,Y,Y,N,,,,,0,0,0.0,0.0,,Cowlitz,N,N,POINT (-122.92138499999999 46.137485)
10/25/2020,505532,MISSION HEALTHCARE AT RENTON,17420 106TH PL SE,RENTON,WA,98055,Y,Y,0,0,0,0,0,0,0,3,0,0,60,42,,,,,Y,N,N,N,N,N,N,1-2 DAYS,Y,N,N,N,N,Y,Y,N,N,N,N,N,N,3-7 DAYS,Y,N,N,N,Y,N,Y,0,0,Y,0,1,0,0,0,0,Y,N,Y,Y,Y,N,Y,Y,Y,Y,Y,Y,Y,Y,Y,Y,N,,,,,0,0,0.0,0.0,,King,N,N,POINT (-122.200809 47.446817)
10/25/2020,505519,BENSON HEIGHTS REHABILITATION CENTER,22410 BENSON ROAD SE,KENT,WA,98031,Y,Y,0,0,0,47,0,0,0,20,0,10,91,78,,,,,Y,N,N,N,N,N,N,3-7 DAYS,N,N,N,N,N,N,Y,N,N,N,N,N,N,3-7 DAYS,Y,N,N,N,Y,N,N,,,,0,8,0,1,0,0,N,N,N,N,Y,Y,Y,Y,Y,Y,Y,Y,Y,Y,Y,Y,N,,,,,0,0,602.6,128.2,21.3,King,N,N,POINT (-122.19995699999998 47.401149)
10/25/2020,505499,COTTESMORE OF LIFE CARE,2909 14TH AVENUE NORTHWEST,GIG HARBOR,WA,98335,Y,Y,0,1,0,0,7,9,1,9,0,0,108,76,,,,,Y,N,N,N,N,N,N,1-2 DAYS,Y,Y,N,N,N,N,Y,N,N,N,N,N,N,1-2 DAYS,Y,Y,N,N,Y,N,Y,0,0,Y,0,1,2,34,0,0,Y,N,Y,N,Y,Y,Y,N,Y,Y,Y,Y,Y,Y,Y,Y,N,,,,,0,0,0.0,0.0,,Pierce,N,N,POINT (-122.557973 47.284938000000004)
10/25/2020,505513,STAFFORD HEALTHCARE,"2800 SOUTH 224TH STREET,",DES MOINES,WA,98198,Y,Y,0,1,0,0,0,1,0,5,0,2,120,92,,,,,Y,N,N,N,N,N,N,1-2 DAYS,Y,N,N,N,Y,N,Y,N,N,N,N,N,N,1-2 DAYS,Y,N,N,N,Y,N,Y,4,5,Y,0,25,0,0,0,0,N,N,Y,N,Y,Y,Y,Y,Y,Y,Y,Y,Y,Y,Y,Y,N,,,,,0,0,0.0,21.7,,King,N,N,POINT (-122.296726 47.400961)
10/25/2020,505517,WASHINGTON VETERAN HOME-RETSIL,1141 BEACH DRIVE,PT ORCHARD,WA,98366,Y,Y,0,4,0,2,0,123,0,20,0,1,240,220,,,,,Y,N,N,N,N,N,N,1-2 DAYS,N,N,N,N,N,N,Y,N,N,N,N,N,N,3-7 DAYS,Y,N,N,N,N,Y,N,,,,0,6,0,101,0,0,Y,N,Y,N,Y,Y,Y,Y,Y,Y,Y,Y,Y,Y,Y,Y,N,,,,,0,0,9.1,4.5,50.0,Kitsap,N,N,POINT (-122.61558800000002 47.547339)
10/25/2020,505498,TOUCHMARK ON SOUTH HILL NURSING,2929 SOUTH WATERFORD DRIVE,SPOKANE,WA,99203,Y,Y,0,1,0,0,0,0,0,12,0,0,50,30,,,,,Y,N,N,N,N,N,N,<1 DAY,N,N,N,N,N,N,Y,N,N,N,N,N,N,<1 DAY,Y,N,N,N,N,Y,Y,0,60,Y,0,0,0,0,0,0,N,N,N,N,Y,Y,Y,Y,Y,Y,Y,Y,Y,Y,Y,Y,N,,,,,0,0,0.0,0.0,,Spokane,N,N,POINT (-117.38453199999998 47.627164)
10/25/2020,505531,HERON'S KEY,4340 BORGEN BLVD NW,GIG HARBOR,WA,98332,Y,Y,0,0,0,0,0,1,0,0,0,0,30,24,,,,,Y,N,N,N,N,N,N,1-2 DAYS,N,N,N,N,N,N,Y,N,N,N,N,N,N,1-2 DAYS,Y,N,N,N,N,Y,N,,,,0,1,0,1,0,0,N,N,N,N,Y,N,Y,N,Y,Y,Y,Y,Y,Y,Y,Y,N,,,,,0,0,0.0,0.0,,Pierce,N,N,POINT (-122.596119 47.359858)
10/25/2020,505515,REGENCY OLYMPIA REHABILITATION AND NURSING CENTER,1811 EAST 22ND AVENUE,OLYMPIA,WA,98501,Y,Y,0,0,0,0,0,1,0,7,0,0,28,20,,,,,Y,N,N,N,N,N,N,1-2 DAYS,N,N,N,N,N,N,Y,N,N,N,N,N,N,1-2 DAYS,N,N,N,N,N,N,Y,0,0,Y,0,1,0,5,0,0,N,N,N,N,Y,Y,Y,Y,Y,Y,Y,Y,Y,Y,Y,Y,N,,,,,0,0,0.0,0.0,,Thurston,N,N,POINT (-122.87604100000001 47.029442)
10/25/2020,505510,AVALON CARE CENTER -  FEDERAL WAY,135 SOUTH 336TH STREET,FEDERAL WAY,WA,98003,Y,Y,0,0,0,50,0,3,0,22,0,20,113,89,,,,,Y,N,N,N,N,N,N,1-2 DAYS,Y,N,N,N,Y,N,Y,N,N,N,N,N,N,1-2 DAYS,Y,N,N,N,Y,N,N,,,,0,30,0,9,0,1,N,N,N,N,Y,Y,Y,Y,Y,Y,Y,Y,Y,Y,Y,Y,N,,,,,0,0,561.8,224.7,40.0,King,N,N,POINT (-122.33035899999999 47.299546)
10/25/2020,505491,EVERETT CENTER,1919  112TH STREET SOUTHWEST,EVERETT,WA,98204,Y,Y,0,3,0,0,0,0,0,6,0,0,100,84,,,,,Y,N,N,N,N,N,N,1-2 DAYS,N,N,N,N,N,N,Y,N,N,N,N,N,N,1-2 DAYS,Y,Y,N,N,N,N,Y,0,5,Y,0,2,1,8,0,0,N,N,N,N,Y,Y,Y,Y,Y,Y,Y,Y,Y,Y,Y,Y,Y,40,0,Y,N,0,0,0.0,0.0,,Snohomish,N,N,POINT (-122.25928100000002 47.896428)
10/25/2020,50A174,"FORKS COMMUNITY HOSPITAL, LTCU",530 BOGACHIEL WAY,FORKS,WA,98331,Y,Y,0,0,0,0,0,2,0,0,0,0,20,20,,,,,Y,N,N,N,N,N,N,1-2 DAYS,Y,N,N,N,Y,N,Y,N,N,N,N,N,N,1-2 DAYS,Y,Y,N,N,Y,N,Y,20,78,Y,0,0,0,17,0,0,N,N,N,N,Y,Y,Y,Y,Y,Y,Y,Y,Y,Y,Y,Y,N,,,,,0,0,0.0,0.0,,Clallam,N,N,POINT (-124.393471 47.946356)
10/25/2020,50A260,"FIRCREST SCHOOL, PAT N",15230-15TH NORTHEAST,SEATTLE,WA,98155,Y,Y,0,0,0,0,0,18,0,4,0,0,110,106,,,,,Y,N,N,N,N,N,N,1-2 DAYS,Y,N,N,N,N,Y,Y,N,N,N,N,N,N,1-2 DAYS,Y,Y,N,N,Y,N,N,,,,0,7,0,15,0,0,N,N,N,N,Y,Y,Y,Y,Y,Y,Y,Y,Y,Y,Y,Y,N,,,,,0,0,0.0,0.0,,King,N,N,
10/25/2020,505527,PRESTIGE POST-ACUTE AND REHAB CENTER - EDMONDS,21008 76TH AVENUE WEST,EDMONDS,WA,98026,Y,Y,0,30,0,22,0,8,0,3,0,0,80,62,,,,,Y,N,N,N,N,N,N,<1 DAY,Y,N,N,N,N,Y,Y,N,N,N,N,N,N,<1 DAY,Y,N,N,N,Y,N,Y,4,144,Y,0,13,2,12,0,0,N,N,N,N,Y,Y,Y,Y,Y,Y,Y,Y,Y,Y,Y,Y,N,,,,,0,0,354.8,0.0,0.0,Snohomish,N,N,POINT (-122.335767 47.808647)
10/25/2020,505529,AVAMERE TRANSITIONAL CARE OF PUGET SOUND,630 SOUTH PEARL STREET,TACOMA,WA,98465,Y,N,,,,,,,,,,,,,,,,,,,,,,,,,,,,,,,,,,,,,,,,,,,,,,,,,,,,,,,,,,,,,,,,,,,,,,,,,,,,,,,,,Pierce,,,POINT (-122.515814 47.254154)
10/25/2020,505525,MANORCARE HEALTH SERVICES - LACEY,4524 INTELCO LOOP SE,LACEY,WA,98503,Y,Y,0,0,0,1,0,24,0,1,0,0,120,73,,,,,Y,N,N,N,N,N,N,3-7 DAYS,Y,N,N,N,Y,N,Y,N,N,N,N,N,N,1-2 DAYS,Y,N,N,N,Y,N,Y,0,0,Y,0,2,0,9,0,0,N,N,N,N,N,N,N,N,N,N,N,N,Y,Y,Y,Y,N,,,,,0,0,13.7,0.0,0.0,Thurston,N,N,POINT (-122.83153000000001 46.998148)
10/25/2020,505504,COVENANT SHORES HEALTH CENTER,9107 FORTUNA DRIVE,MERCER ISLAND,WA,98040,Y,Y,0,0,0,6,0,3,0,4,0,0,43,34,,,,,Y,N,N,N,N,N,N,<1 DAY,Y,N,N,N,Y,N,Y,N,N,N,N,N,N,<1 DAY,N,N,N,N,N,N,Y,0,0,Y,0,7,0,6,0,0,Y,N,N,Y,Y,Y,Y,Y,Y,Y,Y,Y,Y,Y,Y,Y,N,,,,,0,0,176.5,0.0,0.0,King,N,N,POINT (-122.21560199999999 47.581336)
10/25/2020,505520,MIRABELLA SEATTLE,116 FAIRVIEW AVENUE N,SEATTLE,WA,98109,Y,Y,0,0,0,0,0,1,0,8,0,0,46,32,,,,,Y,N,N,N,N,N,N,1-2 DAYS,Y,N,N,Y,N,N,Y,N,N,N,N,N,N,1-2 DAYS,Y,N,N,Y,Y,N,N,,,,0,3,0,2,0,0,N,N,N,N,Y,Y,Y,Y,Y,Y,Y,Y,Y,Y,Y,Y,N,,,,,0,0,0.0,0.0,,King,N,N,POINT (-122.33433699999999 47.619297)
10/25/2020,505509,SPOKANE VETERANS HOME,222 EAST FIFTH,SPOKANE,WA,99202,Y,N,1,65,0,46,0,94,41,61,0,11,100,76,,,,,Y,N,N,N,N,N,N,3-7 DAYS,Y,N,N,N,Y,N,Y,N,N,N,N,N,N,3-7 DAYS,Y,N,N,N,Y,N,Y,78,34,Y,0,32,0,43,0,0,N,N,N,N,Y,Y,Y,Y,Y,Y,Y,Y,Y,Y,Y,Y,N,,,,,0,0,605.3,144.7,23.9,Spokane,N,N,POINT (-117.40645 47.651772)
10/25/2020,50A261,YAKIMA VALLEY SCHOOL,609 SPEYERS ROAD,SELAH,WA,98942,Y,Y,0,0,0,8,0,3,1,2,0,0,112,57,,,,,Y,N,N,N,N,N,N,3-7 DAYS,Y,N,Y,N,N,N,Y,N,N,N,N,N,N,3-7 DAYS,Y,N,Y,N,Y,N,N,,,,2,15,0,4,0,0,N,N,N,N,Y,Y,Y,Y,Y,Y,Y,Y,Y,Y,Y,Y,N,,,,,0,0,140.4,0.0,0.0,Yakima,N,N,POINT (-120.53839800000002 46.65933)
10/25/2020,505493,PARK SHORE,1630 43RD AVENUE EAST,SEATTLE,WA,98112,Y,Y,0,0,0,0,0,0,0,0,0,0,28,16,,,,,Y,N,N,N,N,N,N,N/A,N,N,N,N,N,N,Y,N,N,N,N,N,N,1-2 DAYS,N,N,N,N,N,N,Y,0,0,Y,0,0,0,0,0,0,N,N,N,N,Y,Y,Y,Y,Y,Y,Y,Y,Y,Y,Y,Y,N,,,,,0,0,0.0,0.0,,King,N,N,POINT (-122.27714300000001 47.634296)
10/25/2020,505526,LIFE CARE CENTER OF SOUTH HILL,2508 7TH ST SOUTHEAST,PUYALLUP,WA,98374,Y,Y,0,2,0,32,0,32,0,16,0,7,100,31,,,,,Y,N,N,N,N,N,N,N/A,N,N,N,N,N,N,Y,N,N,N,N,N,N,1-2 DAYS,Y,N,N,N,Y,N,Y,0,0,Y,0,41,0,44,0,0,N,N,N,N,Y,Y,Y,Y,Y,Y,Y,Y,Y,Y,Y,Y,N,,,,,0,0,1032.3,225.8,21.9,Pierce,N,N,POINT (-122.28543999999998 47.167558)
10/25/2020,505533,EVERETT TRANSITIONAL CARE SERVICES,916 PACIFIC AVENUE,EVERETT,WA,98201,Y,Y,0,0,0,0,0,0,0,3,0,0,31,28,,,,,Y,N,N,N,N,N,N,3-7 DAYS,Y,N,N,Y,N,N,Y,N,N,N,N,N,N,3-7 DAYS,Y,N,N,Y,N,N,N,,,,0,1,0,0,0,0,N,N,N,N,Y,Y,Y,Y,Y,Y,Y,Y,Y,Y,Y,Y,N,,,,,0,0,0.0,0.0,,Snohomish,N,N,POINT (-122.217171 47.976453)
10/25/2020,505512,GARDEN TERRACE HEALTHCARE CENTER OF FEDERAL WAY,491 SOUTH 338TH STREET,FEDERAL WAY,WA,98003,Y,Y,0,1,0,8,4,30,0,0,0,0,70,28,,,,,Y,N,N,N,N,N,N,1-2 DAYS,Y,Y,N,N,Y,N,Y,N,N,N,N,N,N,1-2 DAYS,Y,N,N,N,Y,N,Y,15,9,Y,0,7,0,15,0,0,N,N,N,N,Y,Y,Y,Y,Y,Y,Y,Y,Y,Y,Y,Y,N,,,,,0,0,285.7,0.0,0.0,King,N,N,POINT (-122.32650399999999 47.298629)
10/25/2020,505522,MANORCARE HEALTH SERVICES - SALMON CREEK,2811 NE 139TH STREET,VANCOUVER,WA,98686,Y,Y,0,1,0,17,3,28,0,2,0,1,120,83,,,,,Y,N,N,N,N,N,N,1-2 DAYS,Y,Y,N,Y,N,N,Y,N,N,N,N,N,N,1-2 DAYS,Y,Y,N,N,Y,N,Y,3,5,Y,4,16,0,10,0,0,N,N,N,N,Y,Y,Y,Y,Y,Y,Y,Y,Y,Y,Y,Y,N,,,,,0,0,204.8,12.0,5.9,Clark,N,N,POINT (-122.641426 45.721905)
10/25/2020,505508,ROCKWOOD AT HAWTHORNE,101 EAST HAWTHORNE ROAD,SPOKANE,WA,99218,Y,Y,0,0,0,0,0,0,0,1,0,0,20,13,,,,,Y,N,N,N,N,N,N,N/A,N,N,N,N,N,N,Y,N,N,N,N,N,N,1-2 DAYS,Y,N,N,N,Y,N,N,,,,0,5,0,2,0,0,N,N,N,N,Y,Y,Y,Y,Y,Y,Y,Y,Y,Y,Y,Y,N,,,,,0,0,0.0,0.0,,Spokane,N,N,POINT (-117.408465 47.751153)
10/25/2020,505503,MONTESANO HEALTH & REHABILITATION,800 NORTH MEDCALF,MONTESANO,WA,98563,Y,Y,0,0,0,0,0,5,0,23,0,0,94,68,,,,,Y,N,N,N,N,N,N,1-2 DAYS,Y,N,N,Y,N,N,Y,N,N,N,N,N,N,1-2 DAYS,Y,N,N,Y,N,N,Y,0,20,Y,0,2,0,1,0,0,Y,N,Y,Y,Y,Y,Y,Y,Y,N,Y,Y,Y,Y,Y,Y,N,,,,,0,0,0.0,0.0,,Grays Harbor,N,N,POINT (-123.585824 46.988672)
10/25/2020,50A181,COLUMBIA BASIN HOSPITAL,200 NAT WASHINGTON WAY,EPHRATA,WA,98823,Y,Y,0,0,0,0,0,1,0,0,0,0,12,12,,,,,Y,N,N,N,N,N,N,1-2 DAYS,Y,N,N,N,Y,N,Y,N,N,N,N,N,N,1-2 DAYS,Y,N,N,N,Y,N,N,,,,0,1,0,2,0,0,N,N,N,N,Y,Y,Y,Y,Y,Y,Y,Y,Y,Y,Y,Y,N,,,,,0,0,0.0,0.0,,Grant,N,N,POINT (-119.54812500000001 47.315742)
10/25/2020,505514,RICHLAND REHABILITATION CENTER,1745 PIKE AVENUE,RICHLAND,WA,99354,Y,Y,0,0,0,4,0,3,0,16,0,0,71,63,,,,,Y,N,N,N,N,N,N,1-2 DAYS,Y,N,N,Y,Y,N,Y,N,N,N,N,N,N,1-2 DAYS,Y,N,Y,Y,Y,N,Y,79,130,Y,0,11,0,1,0,0,N,N,N,N,Y,N,Y,N,Y,Y,Y,N,Y,Y,Y,Y,N,,,,,0,0,63.5,0.0,0.0,Benton,N,N,POINT (-119.278968 46.299148)
10/25/2020,505528,LEA HILL REHABILITATION AND CARE CENTER,32049 109TH PL SE,AUBURN,WA,98092,Y,Y,0,0,0,0,1,10,0,3,0,0,36,29,,,,,Y,N,N,N,N,N,N,1-2 DAYS,Y,Y,N,N,N,N,Y,N,N,N,N,N,N,1-2 DAYS,Y,N,N,N,Y,N,Y,0,0,Y,0,1,0,13,0,0,N,N,N,N,Y,Y,Y,Y,Y,Y,Y,Y,Y,Y,Y,Y,N,,,,,0,0,0.0,0.0,,King,N,N,POINT (-122.19605299999999 47.315156)
10/25/2020,505496,AVALON CARE CENTER AT NORTHPOINTE,9827 NORTH NEVADA,SPOKANE,WA,99218,Y,Y,0,1,1,9,0,7,0,12,0,5,119,100,,,,,Y,N,N,N,N,N,N,1-2 DAYS,Y,N,N,Y,N,N,Y,N,N,N,N,N,N,1-2 DAYS,Y,N,N,Y,N,N,Y,14,5,Y,0,13,0,10,0,0,N,N,N,N,Y,Y,Y,N,Y,Y,Y,Y,Y,Y,Y,Y,N,,,,,10,0,90.0,50.0,55.6,Spokane,N,N,POINT (-117.395374 47.746143)
10/25/2020,50A263,LAKELAND VILLAGE NURSING FACILITY,STATE HIGHWAY 902 & SALNAVE ROAD,MEDICAL LAKE,WA,99022,Y,Y,0,0,0,0,0,2,0,7,0,0,92,86,,,,,Y,N,N,N,N,N,N,1-2 DAYS,N,N,N,N,N,N,Y,N,N,N,N,N,N,1-2 DAYS,Y,Y,Y,N,Y,N,N,,,,2,10,2,42,0,0,Y,N,Y,N,Y,Y,Y,Y,Y,Y,Y,Y,Y,Y,Y,Y,N,,,,,0,0,0.0,0.0,,Spokane,N,N,POINT (-117.70446200000002 47.551038)
10/25/2020,505507,SHELTON HEALTH & REHAB CENTER,153 JOHNS COURT,SHELTON,WA,98584,Y,Y,0,0,0,1,2,13,1,9,0,0,74,47,,,,,Y,N,N,N,N,N,N,1-2 DAYS,Y,Y,N,N,N,N,Y,N,N,N,N,N,N,1-2 DAYS,Y,N,N,N,Y,N,Y,0,0,Y,0,5,0,68,0,0,N,N,N,N,Y,Y,Y,Y,Y,Y,Y,Y,Y,Y,Y,Y,N,,,,,0,0,21.3,0.0,0.0,Mason,N,N,POINT (-123.10937300000002 47.233785)
10/25/2020,505516,WASHINGTON SOLDIERS HOME,1301 ORTING-KAPOWSIN HWY E,ORTING,WA,98360,Y,Y,0,0,0,1,0,6,0,12,0,0,97,88,,,,,Y,N,N,N,N,N,N,1-2 DAYS,Y,N,N,N,Y,N,Y,N,N,N,N,N,N,1-2 DAYS,Y,N,N,N,Y,N,N,,,,0,3,0,15,0,0,N,N,N,N,Y,Y,Y,Y,Y,Y,Y,Y,Y,Y,Y,Y,N,,,,,0,0,11.4,0.0,0.0,Pierce,N,N,POINT (-122.21431400000002 47.082367)
10/25/2020,505500,MISSION HEALTHCARE AT BELLEVUE,2424 156TH AVENUE NORTHEAST,BELLEVUE,WA,98007,Y,Y,0,0,0,0,0,3,0,3,0,0,69,41,,,,,Y,N,N,N,N,N,N,1-2 DAYS,Y,N,N,N,N,Y,Y,N,N,N,N,N,N,3-7 DAYS,Y,N,N,N,Y,N,N,,,,1,14,0,11,0,0,Y,N,Y,N,Y,Y,Y,Y,Y,Y,Y,Y,Y,Y,Y,Y,N,,,,,0,0,0.0,0.0,,King,N,N,POINT (-122.13228699999999 47.632293)
10/25/2020,505518,BRIARWOOD AT TIMBER RIDGE,100 TIMBER RIDGE WAY NW,ISSAQUAH,WA,98027,Y,Y,0,0,0,0,0,0,0,5,0,0,45,40,,,,,Y,N,N,N,N,N,N,1-2 DAYS,Y,N,N,N,Y,N,Y,N,N,N,N,N,N,1-2 DAYS,Y,N,N,N,Y,N,Y,0,0,Y,0,1,0,0,0,0,N,N,Y,N,Y,Y,Y,Y,Y,Y,Y,Y,Y,Y,Y,Y,N,,,,,0,0,0.0,0.0,,King,N,N,POINT (-122.06689 47.531571)
10/25/2020,505530,WASHINGTON STATE WALLA WALLA VETERANS HOME,92 WAINWRIGHT DRIVE,WALLA WALLA,WA,99362,Y,Y,0,6,0,0,0,13,0,14,0,0,80,76,,,,,Y,N,N,N,N,N,N,1-2 DAYS,Y,N,Y,N,N,N,Y,N,N,N,N,N,N,1-2 DAYS,Y,N,N,N,Y,N,Y,0,75,Y,0,5,0,30,0,0,N,N,N,N,Y,Y,Y,Y,Y,Y,Y,Y,Y,Y,Y,Y,N,,,,,0,0,0.0,0.0,,Walla Walla,N,N,POINT (-118.36013200000001 46.05244600000001)
