Week Ending,Federal Provider Number,Provider Name,Provider Address,Provider City,Provider State,Provider Zip Code,Submitted Data,Passed Quality Assurance Check,Residents Weekly Admissions COVID-19,Residents Total Admissions COVID-19,Residents Weekly Confirmed COVID-19,Residents Total Confirmed COVID-19,Residents Weekly Suspected COVID-19,Residents Total Suspected COVID-19,Residents Weekly All Deaths,Residents Total All Deaths,Residents Weekly COVID-19 Deaths,Residents Total COVID-19 Deaths,Number of All Beds,Total Number of Occupied Beds,Resident Access to Testing in Facility,Laboratory Type Is State Health Dept,Laboratory Type Is Private Lab,Laboratory Type Is Other,Able to Test or Obtain Resources to Test All Current Residents Within Next 7 Days,Reason for Not Testing Residents - Lack of PPE for Personnel ,Reason for Not Testing Residents - Lack of Supplies,Reason for Not Testing Residents  - Lack of Access to Laboratory,Reason for Not Testing Residents - Lack of Access to Trained Personnel ,Reason for Not Testing Residents  - Uncertainty About Reimbursement,Reason for Not Testing Residents  - Other,During Past Two Weeks Average Time to Receive Resident Test Results,Has Facility Performed Resident Tests Since Last Report,Tested Residents with New Signs or Symptoms,Tested Asymptomatic Residents in a Unit or Section After a New Case,Tested Asymptomatic Residents Facility-Wide After a New Case,Tested Asymptomatic Residents Without Known Exposure as Surveillance,Tested Another Subgroup of Residents,Able to Test or Obtain Resources to Test All Staff and/or Personnel Within Next 7 Days,Reason for Not Testing Staff and/or Personnel - Lack of PPE for Personnel ,Reason for Not Testing Staff and/or Personnel - Lack of Supplies,Reason for Not Testing Staff and/or Personnel - Lack of Access to Laboratory,Reason for Not Testing Staff and/or Personnel  - Lack of Access to Trained Personnel ,Reason for Not Testing Staff and/or Personnel - Uncertainty About Reimbursement,Reason for Not Testing Staff and/or Personnel - Other,During Past Two Weeks Average Time to Receive Staff and/or Personnel Test Results,Has Facility Performed Staff and/or Personnel Tests Since Last Report,Tested Staff and/or Personnel with New Signs or Symptoms,Tested Asymptomatic Staff and/or Personnel in a Unit or Section After a New Case,Tested Asymptomatic Staff and/or Personnel Facility-Wide After a New Case,Tested Asymptomatic Staff and/or Personnel Without Known Exposure as Surveillance,Tested Another Subgroup of Staff and/or Personnel,In-House Point-of-Care Test Machine,COVID-19 Point-of-Care Tests Performed on Residents Since Last Report,COVID-19 Point-of-Care Tests Performed on Staff and/or Personnel Since Last Report,Enough Supplies to Test All Staff and/or Personnel Using Point-of-Care Test Machine,Staff Weekly Confirmed COVID-19,Staff Total Confirmed COVID-19,Staff Weekly Suspected COVID-19,Staff Total Suspected COVID-19,Staff Weekly COVID-19 Deaths,Staff Total COVID-19 Deaths,Shortage of Nursing Staff,Shortage of Clinical Staff,Shortage of Aides,Shortage of Other Staff,Any Current Supply of N95 Masks,One-Week Supply of N95 Masks,Any Current Supply of Surgical Masks,One-Week Supply of Surgical Masks,Any Current Supply of Eye Protection,One-Week Supply of Eye Protection,Any Current Supply of Gowns,One-Week Supply of Gowns,Any Current Supply of Gloves,One-Week Supply of Gloves,Any Current Supply of Hand Sanitizer,One-Week Supply of Hand Sanitizer,Ventilator Dependent Unit,Number of Ventilators in Facility,Number of Ventilators in Use for COVID-19,Any Current Supply of Ventilator Supplies,One-Week Supply of Ventilator Supplies,"Weekly Resident Confirmed COVID-19 Cases Per 1,000 Residents","Weekly Resident COVID-19 Deaths Per 1,000 Residents","Total Resident Confirmed COVID-19 Cases Per 1,000 Residents","Total Resident COVID-19 Deaths Per 1,000 Residents",Total Residents COVID-19 Deaths as a Percentage of Confirmed COVID-19 Cases,County,Three or More Confirmed COVID-19 Cases This Week,Initial Confirmed COVID-19 Case This Week,Geolocation,Reporting Interval
08/23/2020,115429,CORDELE HEALTH AND REHABILITATION,1106 NORTH 4TH STREET,CORDELE,GA,31015,Y,N,,,,,,,,,,,,,,,,,,,,,,,,,,,,,,,,,,,,,,,,,,,,,,,,,,,,,,,,,,,,,,,,,,,,,,,,,,,,,,,,,Crisp,,,POINT (-83.778227 31.980078),Week 14 - Aug 23
08/23/2020,115612,WARNER ROBINS REHABILITATION CENTER,1601 ELBERTA ROAD,WARNER ROBINS,GA,31088,Y,Y,0,5,0,25,0,2,0,8,0,6,126,89,,,,,Y,N,N,N,N,N,N,1-2 DAYS,Y,N,N,N,Y,N,Y,N,N,N,N,N,N,1-2 DAYS,Y,N,N,N,Y,N,,,,,1,22,0,2,0,0,N,N,N,N,Y,Y,Y,Y,Y,Y,Y,Y,Y,Y,Y,Y,N,,,,,0,0,280.9,67.4,24.0,Houston,N,N,POINT (-83.644827 32.631217),Week 14 - Aug 23
08/23/2020,115633,SAVANNAH BEACH HEALTH AND REHAB,26 VAN HORNE STREET,TYBEE ISLAND,GA,31328,Y,Y,0,4,0,5,0,1,0,2,0,0,50,39,,,,,Y,N,N,N,N,N,N,3-7 DAYS,Y,N,N,N,Y,N,Y,N,N,N,N,N,N,3-7 DAYS,N,N,N,N,N,N,N,,,,0,2,0,0,0,0,Y,N,Y,N,Y,Y,Y,Y,Y,Y,Y,Y,Y,Y,Y,Y,N,,,,,0,0,128.2,0.0,0.0,Chatham,N,N,POINT (-80.843971 32.016476),Week 14 - Aug 23
08/23/2020,115002,A.G. RHODES HOME WESLEY WOODS,"1819 CLIFTON ROAD, N.E.",ATLANTA,GA,30329,Y,Y,0,6,0,32,0,55,0,13,0,3,150,118,,,,,Y,N,N,N,N,N,N,1-2 DAYS,Y,N,N,N,Y,N,Y,N,N,N,N,N,N,3-7 DAYS,Y,N,N,N,Y,N,N,,,,1,22,0,25,0,0,N,N,N,N,Y,Y,Y,Y,Y,Y,Y,Y,Y,Y,Y,Y,N,,,,,0,0,271.2,25.4,9.4,DeKalb,N,N,POINT (-84.332347 33.802302),Week 14 - Aug 23
08/23/2020,115099,HABERSHAM HOME,"HIGHWAY 441 NORTH, BOX 37",DEMOREST,GA,30535,Y,Y,0,6,0,71,0,37,0,39,0,16,84,59,,,,,Y,N,N,N,N,N,N,3-7 DAYS,Y,N,Y,N,Y,N,Y,N,N,N,N,N,N,3-7 DAYS,Y,Y,N,N,N,N,N,,,,0,60,1,37,0,0,N,N,N,N,Y,Y,Y,Y,Y,Y,Y,Y,Y,Y,Y,Y,N,,,,,0,0,1203.4,271.2,22.5,Habersham,N,N,,Week 14 - Aug 23
08/23/2020,115704,EMANUEL COUNTY NURSING HOME,117 KITE ROAD,SWAINSBORO,GA,30401,Y,Y,0,0,0,1,0,0,0,1,0,1,49,41,,,,,Y,N,N,N,N,N,N,1-2 DAYS,N,N,N,N,N,N,Y,N,N,N,N,N,N,1-2 DAYS,N,N,N,N,N,N,N,,,,0,5,0,2,0,0,Y,N,N,N,Y,Y,Y,Y,Y,Y,Y,Y,Y,Y,Y,Y,N,,,,,0,0,24.4,24.4,100.0,Emanuel,N,N,POINT (-82.346552 32.59321),Week 14 - Aug 23
08/23/2020,115369,HERITAGE INN OF SANDERSVILLE HEALTH AND REHAB,652 FERNCREST DRIVE,SANDERSVILLE,GA,31082,Y,Y,0,3,0,0,0,0,0,0,0,0,60,55,,,,,Y,N,N,N,N,N,N,3-7 DAYS,Y,N,N,N,Y,N,Y,N,N,N,N,N,N,3-7 DAYS,N,N,N,N,N,N,N,,,,0,0,2,34,0,0,N,N,N,N,Y,Y,Y,Y,Y,Y,Y,Y,Y,Y,Y,Y,N,,,,,0,0,0.0,0.0,,Washington,N,N,POINT (-82.804016 33.002695),Week 14 - Aug 23
08/23/2020,115635,RIVER BROOK HEALTHCARE CENTER,390 SWEAT STREET,HOMERVILLE,GA,31634,Y,Y,0,5,0,48,0,0,0,39,0,8,92,75,,,,,Y,N,N,N,N,N,N,3-7 DAYS,N,N,N,N,N,N,Y,N,N,N,N,N,N,3-7 DAYS,N,N,N,N,N,N,,,,,0,42,0,0,0,0,Y,N,N,N,Y,Y,Y,Y,Y,Y,Y,Y,Y,Y,Y,Y,N,,,,,0,0,640.0,106.7,16.7,Clinch,N,N,POINT (-82.746039 31.042609000000002),Week 14 - Aug 23
08/23/2020,115304,PRUITTHEALTH - LAFAYETTE,205 ROADRUNNER BOULEVARD,LAFAYETTE,GA,30728,Y,Y,0,0,0,0,0,0,0,5,0,0,100,84,,,,,Y,N,N,N,N,N,N,3-7 DAYS,Y,N,N,N,Y,N,Y,N,N,N,N,N,N,3-7 DAYS,Y,N,N,N,Y,N,N,,,,0,0,0,2,0,0,N,N,N,N,Y,Y,Y,Y,Y,Y,Y,Y,Y,Y,Y,Y,N,,,,,0,0,0.0,0.0,,Walker,N,N,POINT (-85.276535 34.726799),Week 14 - Aug 23
08/23/2020,115377,"PRUITTHEALTH - VALDOSTA, LLC",2501 NORTH ASHLEY STREET,VALDOSTA,GA,31602,Y,Y,1,3,0,39,0,3,0,15,0,2,98,60,,,,,Y,N,N,N,N,N,N,3-7 DAYS,N,N,N,N,N,N,Y,N,N,N,N,N,N,3-7 DAYS,N,N,N,N,N,N,N,,,,8,56,0,1,0,0,N,N,N,N,Y,Y,Y,Y,Y,Y,Y,Y,Y,Y,Y,Y,N,,,,,0,0,650.0,33.3,5.1,Lowndes,N,N,POINT (-83.284495 30.863928999999995),Week 14 - Aug 23
08/23/2020,115277,FLORENCE HAND HOME,200 MEDICAL DRIVE,LAGRANGE,GA,30240,Y,Y,0,40,0,68,0,1,0,89,0,19,150,81,,,,,Y,N,N,N,N,N,N,1-2 DAYS,Y,N,N,N,Y,N,Y,N,N,N,N,N,N,1-2 DAYS,N,N,N,N,N,N,N,,,,0,35,0,40,0,0,N,N,N,N,Y,Y,Y,Y,Y,Y,Y,Y,Y,Y,Y,Y,N,,,,,0,0,839.5,234.6,27.9,Troup,N,N,POINT (-85.058965 33.03352000000001),Week 14 - Aug 23
08/23/2020,115550,LILLIAN G CARTER HEALTH AND REHABILITATION,225 HOSPITAL STREET,PLAINS,GA,31780,Y,Y,0,3,0,5,0,1,0,8,0,10,100,78,,,,,Y,N,N,N,N,N,N,3-7 DAYS,Y,N,N,N,N,Y,Y,N,N,N,N,N,N,3-7 DAYS,N,N,N,N,N,N,,,,,0,10,0,2,0,0,N,N,Y,N,Y,Y,Y,Y,Y,Y,Y,Y,Y,Y,Y,Y,N,,,,,0,0,64.1,128.2,200.0,Sumter,N,N,POINT (-84.390745 32.037759),Week 14 - Aug 23
08/23/2020,115625,WYNFIELD PARK HEALTH AND REHABILITATION,223 W.THIRD AVENUE,ALBANY,GA,31701,Y,Y,0,8,0,10,0,1,1,18,0,3,186,133,,,,,Y,N,N,N,N,N,N,3-7 DAYS,Y,N,N,N,N,Y,Y,N,N,N,N,N,N,3-7 DAYS,Y,N,N,N,N,Y,N,,,,1,7,1,13,0,0,N,N,Y,N,Y,N,Y,Y,Y,Y,Y,Y,Y,Y,Y,Y,N,,,,,0,0,75.2,22.6,30.0,Dougherty,N,N,POINT (-84.153223 31.590227000000002),Week 14 - Aug 23
08/23/2020,115680,CARLYLE PLACE,5300 ZEBULON ROAD,MACON,GA,31210,Y,Y,0,37,0,4,0,0,0,5,0,2,40,32,,,,,Y,N,N,N,N,N,N,1-2 DAYS,Y,N,N,N,N,Y,Y,N,N,N,N,N,N,3-7 DAYS,Y,N,N,N,Y,N,,,,,0,23,0,3,0,0,Y,N,Y,N,Y,Y,Y,Y,Y,Y,Y,Y,Y,Y,Y,Y,N,,,,,0,0,125.0,62.5,50.0,Bibb,N,N,POINT (-83.739583 32.87956),Week 14 - Aug 23
08/23/2020,115373,"PRUITTHEALTH - LAKEHAVEN, LLC",410 EAST NORTHSIDE DRIVE,VALDOSTA,GA,31602,Y,Y,0,0,0,50,0,0,0,27,0,10,90,65,,,,,Y,N,N,N,N,N,N,3-7 DAYS,Y,N,N,N,Y,N,Y,N,N,N,N,N,N,3-7 DAYS,Y,N,N,N,Y,N,N,,,,0,28,0,1,0,0,N,N,N,N,Y,Y,Y,Y,Y,Y,Y,Y,Y,Y,Y,Y,N,,,,,0,0,769.2,153.8,20.0,Lowndes,N,N,POINT (-83.280999 30.871862000000004),Week 14 - Aug 23
08/23/2020,115343,BERRIEN NURSING CENTER,405 LAUREL AVE.,NASHVILLE,GA,31639,Y,N,1,2,23,70,0,0,4,8,4,6,108,85,,,,,Y,N,N,N,N,N,N,<1 DAY,Y,Y,Y,N,N,N,Y,N,N,N,N,N,N,<1 DAY,Y,Y,Y,N,N,N,N,,,,7,33,0,8,0,0,Y,N,Y,Y,Y,Y,Y,Y,Y,Y,Y,Y,Y,Y,Y,Y,N,,,,,270.6,47.1,823.5,70.6,8.6,Berrien,Y,N,POINT (-83.238145 31.202132000000002),Week 14 - Aug 23
08/23/2020,115655,SOUTHWELL HEALTH AND REHABILITATION,260 MJ TAYLOR ROAD,ADEL,GA,31620,Y,Y,0,0,0,2,0,0,1,19,0,0,95,95,,,,,Y,N,N,N,N,N,N,1-2 DAYS,N,N,N,N,N,N,Y,N,N,N,N,N,N,1-2 DAYS,N,N,N,N,N,N,N,,,,3,11,0,0,0,0,N,N,N,N,Y,N,Y,Y,Y,Y,Y,Y,Y,Y,Y,Y,N,,,,,0,0,21.1,0.0,0.0,Cook,N,N,POINT (-83.426372 31.109181),Week 14 - Aug 23
08/23/2020,115138,NEWNAN HEALTH AND REHABILITATION,244 EAST BROAD STREET,NEWNAN,GA,30263,Y,Y,0,0,0,11,0,9,0,14,0,12,104,65,,,,,Y,N,N,N,N,N,N,3-7 DAYS,Y,N,N,N,N,Y,Y,N,N,N,N,N,N,3-7 DAYS,N,N,N,N,N,N,,,,,0,17,0,0,0,0,N,N,N,N,Y,Y,Y,Y,Y,Y,Y,Y,Y,Y,Y,Y,N,,,,,0,0,169.2,184.6,109.1,Coweta,N,N,POINT (-84.782644 33.370491),Week 14 - Aug 23
08/23/2020,115603,WARM SPRINGS MEDICAL CENTER NURSING HOME,5995 SPRING STREET,WARM SPRINGS,GA,31830,Y,Y,0,1,0,0,0,23,0,0,0,0,79,75,,,,,Y,N,N,N,N,N,N,3-7 DAYS,N,N,N,N,N,N,Y,N,N,N,N,N,N,3-7 DAYS,N,N,N,N,N,N,N,,,,0,58,0,30,0,0,Y,N,Y,N,Y,Y,Y,Y,Y,Y,Y,Y,Y,Y,Y,Y,N,,,,,0,0,0.0,0.0,,Meriwether,N,N,POINT (-84.682911 32.890652),Week 14 - Aug 23
08/23/2020,115563,WESTBURY MEDICAL CARE AND REHAB,922 MCDONOUGH ROAD,JACKSON,GA,30233,Y,Y,0,4,0,2,0,13,0,19,0,13,196,122,,,,,Y,N,N,N,N,N,N,1-2 DAYS,Y,N,N,N,Y,N,Y,N,N,N,N,N,N,3-7 DAYS,Y,N,N,N,Y,N,N,,,,0,15,0,1,0,1,N,N,Y,Y,N,N,Y,Y,N,N,N,N,Y,Y,Y,Y,N,,,,,0,0,16.4,106.6,650.0,Butts,N,N,POINT (-83.976546 33.302166),Week 14 - Aug 23
08/23/2020,115411,PLEASANT VIEW NURSING CENTER,475 WASHINGTON STREET,METTER,GA,30439,Y,Y,0,0,27,27,0,9,0,0,0,0,120,115,,,,,Y,N,N,N,N,N,N,3-7 DAYS,N,N,N,N,N,N,Y,N,N,N,N,N,N,3-7 DAYS,N,N,N,N,N,N,N,,,,1,7,0,2,0,0,N,N,N,N,Y,Y,Y,Y,Y,Y,Y,Y,Y,Y,Y,Y,N,,,,,234.8,0,234.8,0.0,0.0,Candler,Y,Y,POINT (-82.054357 32.401723),Week 14 - Aug 23
08/23/2020,115350,DELMAR GARDENS OF GWINNETT,3100 CLUB DRIVE,LAWRENCEVILLE,GA,30044,Y,Y,0,5,0,12,1,7,0,9,0,8,67,49,,,,,Y,N,N,N,N,N,N,3-7 DAYS,Y,Y,N,N,Y,N,Y,N,N,N,N,N,N,>7 DAYS,N,N,N,N,N,N,N,,,,0,2,0,1,0,0,N,N,N,N,Y,Y,Y,Y,Y,Y,Y,Y,Y,Y,Y,Y,N,,,,,0,0,244.9,163.3,66.7,Gwinnett,N,N,POINT (-84.100285 33.939628),Week 14 - Aug 23
08/23/2020,115571,CARTERSVILLE CENTER FOR NURSING AND HEALING,78 OPAL STREET,CARTERSVILLE,GA,30120,Y,Y,2,17,0,88,0,40,1,19,1,14,118,94,,,,,Y,N,N,N,N,N,N,1-2 DAYS,N,N,N,N,N,N,Y,N,N,N,N,N,N,3-7 DAYS,N,N,N,N,N,N,Y,0,0,Y,0,41,0,31,0,1,N,N,N,N,Y,Y,Y,Y,Y,Y,Y,Y,Y,Y,Y,Y,N,,,,,0,10.6,936.2,148.9,15.9,Bartow,N,N,POINT (-84.786583 34.179934),Week 14 - Aug 23
08/23/2020,115404,LUMBER CITY NURSING & REHABILITATION CENTER,93 HIGHWAY 19,LUMBER CITY,GA,31549,Y,Y,2,5,1,34,0,8,2,20,0,7,86,51,,,,,Y,N,N,N,N,N,N,3-7 DAYS,Y,N,N,N,Y,N,Y,N,N,N,N,N,N,3-7 DAYS,N,N,N,N,N,N,,,,,0,34,2,20,0,0,Y,N,Y,Y,Y,Y,Y,Y,Y,Y,Y,Y,Y,Y,Y,Y,N,,,,,19.6,0,666.7,137.3,20.6,Telfair,N,N,POINT (-82.67345 31.932971),Week 14 - Aug 23
08/23/2020,115271,EARLY MEMORIAL NURSING FACILITY,11740 COLUMBIA STREET,BLAKELY,GA,39823,Y,Y,0,3,0,1,0,3,0,15,0,5,117,85,,,,,Y,N,N,N,N,N,N,3-7 DAYS,N,N,N,N,N,N,Y,N,N,N,N,N,N,>7 DAYS,N,N,N,N,N,N,N,,,,0,2,0,0,0,0,N,N,N,N,Y,Y,Y,Y,Y,Y,Y,Y,Y,Y,Y,Y,N,,,,,0,0,11.8,58.8,500.0,Early,N,N,POINT (-84.946245 31.374382),Week 14 - Aug 23
08/23/2020,115528,AVALON HEALTH AND REHABILITATION,120 SPRING STREET,NEWNAN,GA,30263,Y,Y,0,2,12,25,1,1,0,2,0,0,86,64,,,,,Y,N,N,N,N,N,N,3-7 DAYS,Y,N,N,Y,N,N,Y,N,N,N,N,N,N,3-7 DAYS,Y,N,N,Y,N,N,N,,,,6,13,3,6,0,0,Y,N,Y,Y,Y,Y,Y,Y,Y,Y,Y,Y,Y,Y,Y,Y,N,,,,,187.5,0,390.6,0.0,0.0,Coweta,Y,N,POINT (-84.808784 33.37432),Week 14 - Aug 23
08/23/2020,115347,LIFE CARE CENTER OF GWINNETT,3850 SAFEHAVEN DRIVE,LAWRENCEVILLE,GA,30044,Y,Y,0,7,0,61,0,48,0,27,0,18,163,50,,,,,Y,N,N,N,N,N,N,3-7 DAYS,N,N,N,N,N,N,Y,N,N,N,N,N,N,3-7 DAYS,Y,N,N,N,Y,N,,,,,1,25,0,13,0,1,N,N,N,N,Y,Y,Y,Y,Y,Y,Y,Y,Y,Y,Y,Y,N,,,,,0,0,1220.0,360.0,29.5,Gwinnett,N,N,POINT (-84.100683 33.894978),Week 14 - Aug 23
08/23/2020,115607,PINEWOOD NURSING CENTER,433 NORTH MCGRIFF STREET,WHIGHAM,GA,39897,Y,Y,0,0,22,52,0,4,3,4,3,4,142,50,,,,,Y,N,N,N,N,N,N,3-7 DAYS,Y,N,N,Y,N,N,Y,N,N,N,N,N,N,3-7 DAYS,Y,N,N,Y,N,N,N,,,,22,30,0,0,0,0,N,N,N,N,Y,Y,Y,Y,Y,Y,Y,Y,Y,Y,Y,Y,N,,,,,440,60,1040.0,80.0,7.7,Grady,Y,N,POINT (-84.324113 30.894561),Week 14 - Aug 23
08/23/2020,115573,CHRISTIAN CITY REHABILITATION CENTER,7300 LESTER ROAD,UNION CITY,GA,30291,Y,Y,0,0,0,109,0,46,0,41,0,32,200,174,,,,,Y,N,N,N,N,N,N,3-7 DAYS,N,N,N,N,N,N,Y,N,N,N,N,N,N,3-7 DAYS,N,N,N,N,N,N,N,,,,0,43,0,60,0,0,N,N,N,N,Y,Y,Y,Y,Y,Y,Y,Y,Y,Y,Y,Y,N,,,,,0,0,626.4,183.9,29.4,Fulton,N,N,POINT (-84.5245 33.555151),Week 14 - Aug 23
08/23/2020,115515,ROSS MEMORIAL HEALTH CARE CTR,1780 OLD HIGHWAY 41,KENNESAW,GA,30152,Y,Y,0,3,0,0,0,0,0,14,0,6,100,65,,,,,N,N,Y,N,N,N,N,3-7 DAYS,N,N,N,N,N,N,N,N,N,Y,N,N,N,3-7 DAYS,N,N,N,N,N,N,,,,,0,4,0,1,0,0,Y,N,N,N,Y,Y,Y,Y,Y,Y,Y,Y,Y,Y,Y,Y,N,,,,,0,0,0.0,92.3,,Cobb,N,N,POINT (-84.599001 33.996354),Week 14 - Aug 23
08/23/2020,115533,PRUITTHEALTH - SWAINSBORO,856 HIGHWAY 1 SOUTH,SWAINSBORO,GA,30401,Y,Y,0,0,1,26,0,0,0,9,0,0,103,51,,,,,Y,N,N,N,N,N,N,3-7 DAYS,N,N,N,N,N,N,Y,N,N,N,N,N,N,3-7 DAYS,N,N,N,N,N,N,N,,,,3,10,0,1,0,0,N,N,N,N,Y,Y,Y,Y,Y,Y,Y,Y,Y,Y,Y,Y,N,,,,,19.6,0,509.8,0.0,0.0,Emanuel,N,N,POINT (-82.295869 32.472121),Week 14 - Aug 23
08/23/2020,115587,BUCHANAN HEALTHCARE CENTER,144 DEPOT STREET,BUCHANAN,GA,30113,Y,Y,0,4,0,2,0,0,0,0,0,0,60,50,,,,,Y,N,N,N,N,N,N,N/A,N,N,N,N,N,N,Y,N,N,N,N,N,N,3-7 DAYS,N,N,N,N,N,N,N,,,,1,3,1,1,0,0,N,N,N,N,Y,Y,Y,Y,Y,Y,Y,Y,Y,Y,Y,Y,N,,,,,0,0,40.0,0.0,0.0,Haralson,N,N,POINT (-85.185254 33.803598),Week 14 - Aug 23
08/23/2020,115115,SIGNATURE HEALTHCARE AT TOWER ROAD,26 TOWER RD,MARIETTA,GA,30060,Y,Y,15,82,0,16,0,6,0,21,0,17,138,115,,,,,Y,N,N,N,N,N,N,3-7 DAYS,Y,N,N,N,N,Y,Y,N,N,N,N,N,N,3-7 DAYS,Y,N,N,N,Y,N,Y,0,0,Y,0,10,0,4,0,0,N,N,N,N,Y,Y,Y,Y,Y,Y,Y,Y,Y,Y,Y,Y,N,,,,,0,0,139.1,147.8,106.3,Cobb,N,N,POINT (-84.551649 33.970354),Week 14 - Aug 23
08/23/2020,115436,CEDAR VALLEY NSG & REHAB CTR,225 PHILPOT STREET,CEDARTOWN,GA,30125,Y,Y,0,2,0,30,0,13,0,19,0,8,100,68,,,,,Y,N,N,N,N,N,N,3-7 DAYS,Y,N,N,N,Y,N,Y,N,N,N,N,N,N,3-7 DAYS,Y,N,N,N,Y,N,N,,,,0,26,0,16,0,0,Y,N,Y,Y,N,N,N,N,N,N,N,N,Y,Y,Y,Y,N,,,,,0,0,441.2,117.6,26.7,Polk,N,N,POINT (-85.253636 34.012322),Week 14 - Aug 23
08/23/2020,115321,WARRENTON HEALTH AND REHAB,813 ATLANTA HIGHWAY,WARRENTON,GA,30828,Y,Y,1,2,0,15,3,5,1,1,0,0,110,63,,,,,Y,N,N,N,N,N,N,3-7 DAYS,N,N,N,N,N,N,Y,N,N,N,N,N,N,3-7 DAYS,N,N,N,N,N,N,N,,,,0,10,0,5,0,0,Y,N,Y,Y,Y,Y,Y,Y,Y,Y,Y,Y,Y,Y,Y,Y,N,,,,,0,0,238.1,0.0,0.0,Warren,N,N,POINT (-82.6763 33.413922),Week 14 - Aug 23
08/23/2020,115314,PRUITTHEALTH - AUSTELL,1700 MULKEY RD,AUSTELL,GA,30106,Y,Y,0,3,10,33,0,85,0,12,0,6,124,113,,,,,Y,N,N,N,N,N,N,3-7 DAYS,Y,N,N,N,Y,N,Y,N,N,N,N,N,N,3-7 DAYS,Y,N,N,N,Y,N,N,,,,0,1,0,6,0,0,N,N,N,N,Y,Y,Y,Y,Y,Y,Y,Y,Y,Y,Y,Y,N,,,,,88.5,0,292.0,53.1,18.2,Cobb,Y,N,POINT (-84.604571 33.858854),Week 14 - Aug 23
08/23/2020,115473,TRADITIONS HEALTH AND REHABILITATION,2816 EVANS MILL ROAD,LITHONIA,GA,30058,Y,Y,1,3,6,13,2,24,2,29,0,0,182,131,,,,,Y,N,N,N,N,N,N,3-7 DAYS,Y,Y,N,N,N,N,N,N,Y,Y,N,N,N,>7 DAYS,N,N,N,N,N,N,N,,,,1,7,2,20,0,0,Y,N,Y,N,Y,Y,Y,Y,Y,Y,Y,Y,Y,Y,Y,Y,Y,10,0,Y,Y,45.8,0,99.2,0.0,0.0,DeKalb,Y,N,POINT (-84.115716 33.702765),Week 14 - Aug 23
08/23/2020,115674,WESTMINSTER COMMONS,"560 ST CHARLES AVE, NE",ATLANTA,GA,30308,Y,Y,0,0,0,0,0,0,2,5,0,0,84,72,,,,,Y,N,N,N,N,N,N,1-2 DAYS,Y,N,N,N,Y,N,Y,N,N,N,N,N,N,1-2 DAYS,Y,N,N,N,Y,N,Y,0,0,Y,0,9,0,0,0,0,N,N,N,N,Y,Y,Y,Y,Y,Y,Y,Y,Y,Y,Y,Y,N,,,,,0,0,0.0,0.0,,Fulton,N,N,POINT (-84.368033 33.775462),Week 14 - Aug 23
08/23/2020,115695,UNION COUNTY NURSING HOME,164 NURSING HOME CIRCLE,BLAIRSVILLE,GA,30512,Y,Y,3,7,0,4,5,36,1,31,0,1,150,126,,,,,Y,N,N,N,N,N,N,1-2 DAYS,Y,Y,Y,Y,Y,N,Y,N,N,N,N,N,N,1-2 DAYS,Y,Y,Y,Y,Y,N,N,,,,11,22,3,25,0,0,N,N,N,N,Y,Y,Y,Y,Y,Y,Y,Y,Y,Y,Y,Y,N,,,,,0,0,31.7,7.9,25.0,Union,N,N,POINT (-83.959491 34.884538),Week 14 - Aug 23
08/23/2020,115501,ROSE CITY HEALTH AND REHABILITATION CENTER,930 SOUTH BROAD ST.,THOMASVILLE,GA,31792,Y,Y,0,1,0,3,0,0,2,22,0,1,68,54,,,,,Y,N,N,N,N,N,N,1-2 DAYS,N,N,N,N,N,N,Y,N,N,N,N,N,N,1-2 DAYS,N,N,N,N,N,N,N,,,,1,11,0,0,0,0,N,N,N,N,Y,Y,Y,Y,Y,Y,Y,Y,Y,Y,Y,Y,N,,,,,0,0,55.6,18.5,33.3,Thomas,N,N,POINT (-83.970771 30.8273),Week 14 - Aug 23
08/23/2020,115608,PRUITTHEALTH - OCILLA,209 WEST HUDSON STREET,OCILLA,GA,31774,Y,Y,0,0,0,0,0,0,1,2,0,0,83,70,,,,,Y,N,N,N,N,N,N,3-7 DAYS,Y,N,N,N,Y,N,Y,N,N,N,N,N,N,3-7 DAYS,Y,N,N,N,Y,N,N,,,,0,4,0,2,0,0,N,N,N,N,Y,Y,Y,Y,Y,Y,Y,Y,Y,Y,Y,Y,N,,,,,0,0,0.0,0.0,,Irwin,N,N,POINT (-83.252739 31.599336),Week 14 - Aug 23
08/23/2020,115697,FOUNTAINVIEW CTR FOR ALZHEIMER,2631 NORTH DRUID HILLS ROAD N E,ATLANTA,GA,30329,Y,Y,0,0,0,2,0,2,1,18,0,0,120,95,,,,,Y,N,N,N,N,N,N,3-7 DAYS,Y,N,N,N,Y,N,Y,N,N,N,N,N,N,3-7 DAYS,Y,Y,N,N,N,N,N,,,,0,5,1,3,0,0,N,N,Y,N,Y,Y,Y,Y,Y,Y,Y,Y,Y,Y,Y,Y,N,,,,,0,0,21.1,0.0,0.0,DeKalb,N,N,POINT (-84.318401 33.822901),Week 14 - Aug 23
08/23/2020,115505,PRUITTHEALTH - MOULTRIE,233 SUNSET CIRCLE,MOULTRIE,GA,31768,Y,Y,0,0,0,0,0,0,0,11,0,0,68,58,,,,,Y,N,N,N,N,N,N,3-7 DAYS,N,N,N,N,N,N,Y,N,N,N,N,N,N,3-7 DAYS,N,N,N,N,N,N,N,,,,0,1,0,5,0,0,N,N,N,N,Y,Y,Y,Y,Y,Y,Y,Y,Y,Y,Y,Y,N,,,,,0,0,0.0,0.0,,Colquitt,N,N,POINT (-83.779135 31.129872),Week 14 - Aug 23
08/23/2020,115584,GORDON HEALTH AND REHABILITATION,1280 MAULDIN ROAD NE,CALHOUN,GA,30703,Y,Y,0,8,0,1,0,5,0,11,0,0,117,97,,,,,Y,N,N,N,N,N,N,3-7 DAYS,Y,N,N,N,Y,N,Y,N,N,N,N,N,N,3-7 DAYS,Y,N,N,N,N,Y,,,,,0,16,1,3,0,0,N,N,N,N,Y,Y,Y,Y,Y,Y,Y,Y,Y,Y,Y,Y,N,,,,,0,0,10.3,0.0,0.0,Gordon,N,N,POINT (-84.941926 34.533732),Week 14 - Aug 23
08/23/2020,115479,BRYANT HEALTH AND REHABILITATION CENTER,134 S 6TH STREET,COCHRAN,GA,31014,Y,Y,0,0,1,56,0,16,2,22,2,8,75,56,,,,,Y,N,N,N,N,N,N,3-7 DAYS,N,N,N,N,N,N,Y,N,N,N,N,N,N,3-7 DAYS,N,N,N,N,N,N,N,,,,0,32,0,10,0,0,Y,N,Y,N,Y,Y,Y,Y,Y,Y,Y,Y,Y,Y,Y,Y,N,,,,,17.9,35.7,1000.0,142.9,14.3,Bleckley,N,N,POINT (-83.347573 32.388297),Week 14 - Aug 23
08/23/2020,115275,"A.G. RHODES HOME, INC, THE","350 BOULVARD, S.E.",ATLANTA,GA,30312,Y,Y,0,0,0,5,0,0,0,0,0,0,138,125,,,,,Y,N,N,N,N,N,N,<1 DAY,N,N,N,N,N,N,Y,N,N,N,N,N,N,<1 DAY,Y,N,Y,N,N,N,Y,0,9,Y,1,18,0,0,0,1,N,N,N,N,Y,Y,Y,Y,Y,Y,Y,Y,Y,Y,Y,Y,N,,,,,0,0,40.0,0.0,0.0,Fulton,N,N,POINT (-84.368135 33.744854),Week 14 - Aug 23
08/23/2020,115647,PRUITTHEALTH - DECATUR,3200 PANTHERSVILLE ROAD,DECATUR,GA,30034,Y,Y,0,19,0,94,0,27,0,9,0,6,146,129,,,,,Y,N,N,N,N,N,N,3-7 DAYS,Y,N,N,N,Y,N,Y,N,N,N,N,N,N,3-7 DAYS,Y,N,N,N,Y,N,N,,,,0,24,0,4,0,0,N,N,N,N,Y,Y,Y,Y,Y,Y,Y,Y,Y,Y,Y,Y,N,,,,,0,0,728.7,46.5,6.4,DeKalb,N,N,POINT (-84.27166700000001 33.695425),Week 14 - Aug 23
08/23/2020,115005,PARK PLACE NURSING FACILITY,1865 BOLD SPRINGS ROAD,MONROE,GA,30655,Y,Y,0,21,0,107,0,148,2,34,0,24,165,129,,,,,Y,N,N,N,N,N,N,3-7 DAYS,Y,Y,N,N,N,N,Y,N,N,N,N,N,N,3-7 DAYS,N,N,N,N,N,N,,,,,0,32,0,14,0,0,N,N,N,N,Y,Y,Y,Y,Y,Y,Y,Y,Y,Y,Y,Y,N,,,,,0,0,829.5,186.0,22.4,Walton,N,N,POINT (-83.734264 33.834837),Week 14 - Aug 23
08/23/2020,115707,SGMC LAKELAND VILLA,138 WEST THIGPEN AVE,LAKELAND,GA,31635,Y,Y,0,0,0,3,0,0,0,11,0,4,62,60,,,,,Y,N,N,N,N,N,N,<1 DAY,N,N,N,N,N,N,Y,N,N,N,N,N,N,<1 DAY,N,N,N,N,N,N,Y,0,0,Y,0,4,0,0,0,0,N,N,N,N,Y,Y,Y,Y,Y,Y,Y,Y,Y,Y,Y,Y,N,,,,,0,0,50.0,66.7,133.3,Lanier,N,N,POINT (-83.087987 31.041717),Week 14 - Aug 23
08/23/2020,115460,SOUTHLAND HEALTH AND REHABILITATION,151 WISDOM ROAD,PEACHTREE CITY,GA,30269,Y,Y,0,0,0,16,0,8,0,10,0,3,155,102,,,,,N,N,Y,N,N,N,N,3-7 DAYS,Y,N,N,N,Y,N,N,N,Y,N,N,N,N,3-7 DAYS,N,N,N,N,N,N,N,,,,0,11,0,3,0,0,Y,N,Y,N,Y,Y,Y,Y,Y,Y,Y,Y,Y,Y,Y,Y,N,,,,,0,0,156.9,29.4,18.8,Fayette,N,N,POINT (-84.597104 33.408791),Week 14 - Aug 23
08/23/2020,115129,NURSE CARE OF BUCKHEAD,2920 PHARR COURT SOUTH NW,ATLANTA,GA,30305,Y,Y,1,24,0,91,0,36,3,29,1,6,220,159,,,,,Y,N,N,N,N,N,N,3-7 DAYS,Y,Y,N,N,Y,N,Y,N,N,N,N,N,N,3-7 DAYS,Y,N,N,N,Y,N,N,,,,0,24,0,13,0,0,N,N,N,N,Y,Y,Y,Y,Y,Y,Y,Y,Y,Y,Y,Y,N,,,,,0,6.3,572.3,37.7,6.6,Fulton,N,N,POINT (-84.385564 33.835374),Week 14 - Aug 23
08/23/2020,115685,HEARDMONT HEALTH AND REHABILITATION,1043 LONGSTREET ROAD,ELBERTON,GA,30635,Y,Y,0,0,1,1,0,4,0,2,0,0,60,45,,,,,Y,N,N,N,N,N,N,3-7 DAYS,Y,N,Y,N,N,N,Y,N,N,N,N,N,N,3-7 DAYS,N,N,N,N,N,N,Y,0,0,Y,0,3,0,3,0,0,N,N,N,N,Y,Y,Y,Y,Y,Y,Y,Y,Y,Y,Y,Y,N,,,,,22.2,0,22.2,0.0,0.0,Elbert,N,Y,POINT (-82.728772 34.059586),Week 14 - Aug 23
08/23/2020,115676,REHABILITATION CENTER OF SOUTH GEORGIA,2002 TIFT AVENUE NORTH,TIFTON,GA,31794,Y,Y,0,20,1,80,0,9,0,30,0,24,178,111,,,,,Y,N,N,N,N,N,N,3-7 DAYS,Y,N,N,N,Y,N,Y,N,N,N,N,N,N,3-7 DAYS,N,N,N,N,N,N,,,,,1,49,0,5,0,0,Y,N,N,N,Y,Y,Y,Y,Y,Y,Y,Y,Y,Y,Y,Y,N,,,,,9,0,720.7,216.2,30.0,Tift,N,N,POINT (-83.503038 31.473743),Week 14 - Aug 23
08/23/2020,115630,FOLKSTON PARK CARE AND REHABILITATION CENTER,36261 NORTH OKEFENOKEE DRIVE,FOLKSTON,GA,31537,Y,N,,,,,,,,,,,,,,,,,,,,,,,,,,,,,,,,,,,,,,,,,,,,,,,,,,,,,,,,,,,,,,,,,,,,,,,,,,,,,,,,,Charlton,,,POINT (-82.011734 30.835015),Week 14 - Aug 23
08/23/2020,115418,PRUITTHEALTH - FORSYTH,521 CABINESS ROAD,FORSYTH,GA,31029,Y,Y,0,7,1,4,0,0,0,18,0,12,72,50,,,,,Y,N,N,N,N,N,N,3-7 DAYS,N,N,N,N,N,N,Y,N,N,N,N,N,N,3-7 DAYS,N,N,N,N,N,N,N,,,,1,11,0,0,0,0,N,N,N,N,Y,Y,Y,Y,Y,Y,Y,Y,Y,Y,Y,Y,N,,,,,20,0,80.0,240.0,300.0,Monroe,N,N,POINT (-83.932855 33.048232),Week 14 - Aug 23
08/23/2020,115652,CHERRY BLOSSOM HEALTH AND REHABILITATION,3520 KENNETH DRIVE,MACON,GA,31206,Y,Y,1,2,0,39,3,23,8,16,1,8,77,50,,,,,Y,N,N,N,N,N,N,3-7 DAYS,Y,N,N,N,N,Y,Y,N,N,N,N,N,N,3-7 DAYS,N,N,N,N,N,N,N,,,,0,39,2,13,0,0,N,N,N,N,Y,Y,Y,Y,Y,Y,Y,Y,Y,Y,Y,Y,N,,,,,0,20,780.0,160.0,20.5,Bibb,N,N,POINT (-83.695568 32.795431),Week 14 - Aug 23
08/23/2020,115295,ZEBULON PARK HEALTH AND REHABILITATION,343 PLANTATION WAY,MACON,GA,31210,Y,Y,0,0,1,2,0,3,2,17,0,2,65,58,,,,,Y,N,N,N,N,N,N,3-7 DAYS,Y,N,Y,N,N,N,Y,N,N,N,N,N,N,3-7 DAYS,N,N,N,N,N,N,N,,,,0,6,0,11,0,0,Y,N,Y,Y,Y,N,Y,Y,Y,Y,Y,Y,Y,Y,Y,Y,N,,,,,17.2,0,34.5,34.5,100.0,Bibb,N,N,POINT (-83.761283 32.885028),Week 14 - Aug 23
08/23/2020,115502,GRANDVIEW HEALTH CARE CENTER,618 GENNETT DRIVE,JASPER,GA,30143,Y,Y,0,0,0,0,0,2,0,0,0,0,60,58,,,,,N,N,Y,Y,N,N,N,3-7 DAYS,N,N,N,N,N,N,N,N,Y,Y,N,N,N,3-7 DAYS,N,N,N,N,N,N,,,,,0,2,0,1,0,0,Y,N,Y,N,Y,N,Y,Y,Y,Y,Y,Y,Y,Y,Y,Y,N,,,,,0,0,0.0,0.0,,Pickens,N,N,POINT (-84.447272 34.486191),Week 14 - Aug 23
08/23/2020,115471,HEART OF GEORGIA NURSING HOME,815 LEGION DRIVE,EASTMAN,GA,31023,Y,Y,0,1,0,0,0,2,1,3,0,0,100,82,,,,,Y,N,N,N,N,N,N,3-7 DAYS,Y,N,N,N,Y,N,Y,N,N,N,N,N,N,3-7 DAYS,Y,N,N,N,Y,N,,,,,2,7,0,14,0,0,N,N,N,N,Y,Y,Y,Y,Y,Y,Y,Y,Y,Y,Y,Y,N,,,,,0,0,0.0,0.0,,Dodge,N,N,POINT (-83.179118 32.187542),Week 14 - Aug 23
08/23/2020,115525,CRESTVIEW HEALTH & REHAB CTR,2800 SPRINGDALE ROAD,ATLANTA,GA,30315,Y,Y,0,3,5,31,0,0,0,0,0,0,388,253,,,,,Y,N,N,N,N,N,N,1-2 DAYS,Y,N,N,N,Y,N,Y,N,N,N,N,N,N,1-2 DAYS,Y,N,N,N,N,Y,,,,,2,18,4,4,0,0,N,N,N,N,Y,Y,Y,Y,Y,Y,Y,Y,Y,Y,Y,Y,,,,,,19.8,0,122.5,0.0,0.0,Fulton,Y,N,POINT (-84.415092 33.678974),Week 14 - Aug 23
08/23/2020,115681,PRUITTHEALTH - OLD CAPITOL,310 HIGHWAY #1 BYPASS,LOUISVILLE,GA,30434,Y,Y,0,3,5,26,0,6,0,7,0,2,144,103,,,,,Y,N,N,N,N,N,N,3-7 DAYS,Y,N,N,N,Y,N,Y,N,N,N,N,N,N,3-7 DAYS,Y,N,N,N,Y,N,N,,,,0,24,0,2,0,1,N,N,N,N,Y,Y,Y,Y,Y,Y,Y,Y,Y,Y,Y,Y,N,,,,,48.5,0,252.4,19.4,7.7,Burke,Y,N,,Week 14 - Aug 23
08/23/2020,115576,"OAK VIEW HOME, INC",119 OAKVIEW STREET,WAVERLY HALL,GA,31831,Y,Y,0,11,0,67,0,24,0,9,0,7,101,81,,,,,Y,N,N,N,N,N,N,3-7 DAYS,N,N,N,N,N,N,Y,N,N,N,N,N,N,3-7 DAYS,N,N,N,N,N,N,,,,,0,13,0,4,0,0,Y,N,Y,N,Y,Y,Y,Y,Y,Y,Y,Y,Y,Y,Y,Y,N,,,,,0,0,827.2,86.4,10.4,Harris,N,N,POINT (-84.740452 32.687713),Week 14 - Aug 23
08/23/2020,115329,HARBORVIEW HEALTH SYSTEMS THOMASTON,310 AVENUE F,THOMASTON,GA,30286,Y,Y,0,5,1,51,0,39,4,49,1,18,119,92,,,,,Y,N,N,N,N,N,N,3-7 DAYS,Y,Y,Y,N,N,N,Y,N,N,N,N,N,N,3-7 DAYS,Y,Y,N,N,N,N,,,,,0,28,2,32,0,1,Y,Y,Y,N,Y,Y,Y,Y,Y,Y,Y,Y,Y,Y,Y,Y,N,,,,,10.9,10.9,554.3,195.7,35.3,Upson,N,N,POINT (-84.30519 32.892488),Week 14 - Aug 23
08/23/2020,115651,FORT VALLEY HEALTH AND REHAB,604 BLUEBIRD BOULEVARD,FORT VALLEY,GA,31030,Y,Y,0,0,0,0,0,0,1,3,0,0,75,56,,,,,Y,N,N,N,N,N,N,N/A,N,N,N,N,N,N,Y,N,N,N,N,N,N,3-7 DAYS,N,N,N,N,N,N,,,,,0,1,0,0,0,0,Y,N,Y,Y,Y,N,Y,N,Y,N,Y,N,Y,N,Y,N,N,,,,,0,0,0.0,0.0,,Peach,N,N,POINT (-83.87612 32.566756),Week 14 - Aug 23
08/23/2020,115409,PRUITTHEALTH - FORT OGLETHORPE,1067 BATTLEFIELD PARKWAY,FORT OGLETHORPE,GA,30742,Y,Y,1,23,0,76,0,109,0,48,0,11,120,88,,,,,Y,N,N,N,N,N,N,3-7 DAYS,Y,N,N,N,Y,N,Y,N,N,N,N,N,N,3-7 DAYS,Y,N,N,N,Y,N,N,,,,0,42,0,16,0,0,N,N,N,N,Y,Y,Y,Y,Y,Y,Y,Y,Y,Y,Y,Y,N,,,,,0,0,863.6,125.0,14.5,Catoosa,N,N,POINT (-85.246833 34.952960000000004),Week 14 - Aug 23
08/23/2020,115672,PRUITTHEALTH - AUGUSTA HILLS,2122 CUMMING ROAD,AUGUSTA,GA,30904,Y,Y,0,0,2,4,0,1,0,7,0,0,94,78,,,,,Y,N,N,N,N,N,N,3-7 DAYS,Y,N,N,N,Y,N,Y,N,N,N,N,N,N,3-7 DAYS,Y,N,N,N,Y,N,N,,,,0,5,0,0,0,0,N,N,N,N,Y,Y,Y,Y,Y,Y,Y,Y,Y,Y,Y,Y,N,,,,,25.6,0,51.3,0.0,0.0,Richmond,N,N,POINT (-82.00888000000002 33.47758),Week 14 - Aug 23
08/23/2020,115677,PRUITTHEALTH - JASPER,1350 EAST CHURCH STREET,JASPER,GA,30143,Y,Y,0,0,0,0,0,0,0,9,0,0,60,52,,,,,Y,N,N,N,N,N,N,3-7 DAYS,N,N,N,N,N,N,Y,N,N,N,N,N,N,3-7 DAYS,N,N,N,N,N,N,N,,,,0,3,0,0,0,0,N,N,N,N,Y,Y,Y,Y,Y,Y,Y,Y,Y,Y,Y,Y,N,,,,,0,0,0.0,0.0,,Pickens,N,N,POINT (-84.41121000000001 34.457903),Week 14 - Aug 23
08/23/2020,115020,"BELL MINOR HOME, THE",2200 OLD HAMILTON PLACE NE,GAINESVILLE,GA,30507,Y,Y,1,9,0,61,0,19,1,26,0,11,104,75,,,,,Y,N,N,N,N,N,N,1-2 DAYS,N,N,N,N,N,N,Y,N,N,N,N,N,N,1-2 DAYS,Y,N,N,N,N,Y,Y,0,0,Y,0,24,0,12,0,0,N,N,N,N,Y,Y,Y,Y,Y,Y,Y,Y,Y,Y,Y,Y,N,,,,,0,0,813.3,146.7,18.0,Hall,N,N,POINT (-83.78608 34.318047),Week 14 - Aug 23
08/23/2020,115474,LYNN HAVEN HEALTH AND REHABILITATION,747 MONTICELLO HIGHWAY,GRAY,GA,31032,Y,Y,0,0,0,0,5,8,0,2,0,0,77,60,,,,,Y,N,N,N,N,N,N,3-7 DAYS,Y,Y,N,N,Y,N,Y,N,N,N,N,N,N,3-7 DAYS,N,N,N,N,N,N,N,,,,2,6,0,6,0,0,Y,N,Y,Y,Y,N,Y,N,Y,N,Y,N,Y,Y,Y,Y,N,,,,,0,0,0.0,0.0,,Jones,N,N,POINT (-83.55707 33.049828),Week 14 - Aug 23
08/23/2020,115339,PRUITTHEALTH - SAVANNAH,12825 WHITE BLUFF ROAD,SAVANNAH,GA,31419,Y,Y,1,35,0,73,0,14,0,16,0,6,163,111,,,,,Y,N,N,N,N,N,N,3-7 DAYS,Y,N,N,N,Y,N,Y,N,N,N,N,N,N,3-7 DAYS,Y,N,N,N,Y,N,N,,,,0,39,0,6,0,0,N,N,N,N,Y,Y,Y,Y,Y,Y,Y,Y,Y,Y,Y,Y,N,,,,,0,0,657.7,54.1,8.2,Chatham,N,N,POINT (-81.134818 31.966652000000003),Week 14 - Aug 23
08/23/2020,115547,PRUITTHEALTH - SEASIDE,1000 DORSET ROAD,PORT WENTWORTH,GA,31407,Y,Y,0,0,0,3,0,0,0,2,0,0,103,55,,,,,Y,N,N,N,N,N,N,3-7 DAYS,N,N,N,N,N,N,Y,N,N,N,N,N,N,3-7 DAYS,N,N,N,N,N,N,N,,,,0,3,0,0,0,0,N,N,N,N,Y,Y,Y,Y,Y,Y,Y,Y,Y,Y,Y,Y,N,,,,,0,0,54.5,0.0,0.0,Chatham,N,N,POINT (-81.166037 32.150371),Week 14 - Aug 23
08/23/2020,115289,COMER HEALTH AND REHABILITATION,2430 PAOLI ROAD,COMER,GA,30629,Y,Y,0,4,0,60,0,63,0,8,0,5,116,81,,,,,Y,N,N,N,N,N,N,1-2 DAYS,Y,N,N,N,N,Y,Y,N,N,N,N,N,N,3-7 DAYS,N,N,N,N,N,N,N,,,,0,15,0,10,0,0,N,N,Y,N,Y,Y,Y,Y,Y,Y,Y,Y,Y,Y,Y,Y,N,,,,,0,0,740.7,61.7,8.3,Madison,N,N,POINT (-83.051418 34.078313),Week 14 - Aug 23
08/23/2020,115132,ABERCORN REHABILITATION CENTER,11800 ABERCORN STREET,SAVANNAH,GA,31419,Y,Y,0,0,0,4,0,1,0,0,0,0,100,73,,,,,Y,N,N,N,N,N,N,3-7 DAYS,Y,N,N,N,Y,N,Y,N,N,N,N,N,N,3-7 DAYS,Y,N,N,N,Y,N,N,,,,0,13,0,3,0,0,N,N,N,N,Y,Y,Y,Y,Y,Y,Y,Y,Y,Y,Y,Y,N,,,,,0,0,54.8,0.0,0.0,Chatham,N,N,POINT (-81.154355 31.98331),Week 14 - Aug 23
08/23/2020,115358,TREUTLEN COUNTY HEALTH AND REHABILITATION,"2249 COLLEGE STREET, NORTH",SOPERTON,GA,30457,Y,Y,0,0,1,2,0,11,0,22,0,0,50,45,,,,,Y,N,N,N,N,N,N,3-7 DAYS,Y,N,N,N,Y,N,Y,N,N,N,N,N,N,3-7 DAYS,N,N,N,N,N,N,Y,0,0,Y,2,4,0,12,0,0,N,N,Y,N,Y,Y,Y,Y,Y,Y,Y,Y,Y,Y,Y,Y,N,,,,,22.2,0,44.4,0.0,0.0,Treutlen,N,N,,Week 14 - Aug 23
08/23/2020,115488,GREENE POINT HEALTH AND REHABILITATION,1321 WASHINGTON HIGHWAY,UNION POINT,GA,30669,Y,Y,0,0,0,0,0,0,0,1,0,0,50,42,,,,,Y,N,N,N,N,N,N,3-7 DAYS,N,N,N,N,N,N,Y,N,N,N,N,N,N,3-7 DAYS,Y,Y,N,N,N,N,N,,,,0,11,1,3,0,0,Y,N,N,N,Y,Y,Y,Y,Y,Y,Y,Y,Y,Y,Y,Y,N,,,,,0,0,0.0,0.0,,Greene,N,N,POINT (-83.076983 33.626674),Week 14 - Aug 23
08/23/2020,115577,ALTAMAHA HEALTHCARE CENTER,1311 WEST CHERRY STREET,JESUP,GA,31545,Y,Y,0,0,0,15,0,2,2,32,1,2,62,55,,,,,Y,N,N,N,N,N,N,N/A,N,N,N,N,N,N,Y,N,N,N,N,N,N,>7 DAYS,N,N,N,N,N,N,N,,,,0,3,0,1,0,0,Y,N,N,N,Y,Y,Y,Y,Y,Y,Y,Y,Y,Y,Y,Y,N,,,,,0,18.2,272.7,36.4,13.3,Wayne,N,N,POINT (-81.898197 31.617817),Week 14 - Aug 23
08/23/2020,115692,MEDICAL MANAGEMENT HEALTH AND REHAB CENTER,1509 CEDAR AVE,MACON,GA,31204,Y,Y,0,0,0,0,0,0,0,0,0,0,100,81,,,,,Y,N,N,N,N,N,N,N/A,N,N,N,N,N,N,Y,N,N,N,N,N,N,3-7 DAYS,N,N,N,N,N,N,Y,0,0,Y,0,0,0,0,0,0,N,N,N,N,Y,Y,Y,Y,Y,Y,Y,Y,Y,Y,Y,Y,N,,,,,0,0,0.0,0.0,,Bibb,N,N,POINT (-83.663999 32.830577),Week 14 - Aug 23
08/23/2020,115551,CUMMING NURSING CENTER,2775 CASTLEBERRY ROAD,CUMMING,GA,30041,Y,Y,0,3,0,16,0,34,0,15,0,1,87,53,,,,,Y,N,N,N,N,N,N,3-7 DAYS,N,N,N,N,N,N,N,N,Y,N,N,N,N,>7 DAYS,N,N,N,N,N,N,Y,0,0,Y,0,8,0,3,0,0,N,N,N,N,N,N,N,N,Y,Y,N,N,Y,Y,Y,Y,N,,,,,0,0,301.9,18.9,6.3,Forsyth,N,N,POINT (-84.151062 34.197363),Week 14 - Aug 23
08/23/2020,115004,MAGNOLIA MANOR METHODIST NSG C,2001 SOUTH LEE STREET,AMERICUS,GA,31709,Y,Y,0,15,1,21,0,15,0,22,0,8,238,148,,,,,Y,N,N,N,N,N,N,3-7 DAYS,Y,N,N,N,Y,N,Y,N,N,N,N,N,N,3-7 DAYS,Y,N,Y,N,N,N,,,,,1,38,0,10,0,0,Y,N,Y,Y,Y,Y,Y,Y,Y,Y,Y,Y,Y,Y,Y,Y,N,,,,,6.8,0,141.9,54.1,38.1,Sumter,N,N,POINT (-84.222797 32.044683),Week 14 - Aug 23
08/23/2020,115364,MONTEZUMA HEALTH CARE CENTER,506 SUMTER ST,MONTEZUMA,GA,31063,Y,Y,0,1,0,0,0,30,0,0,0,0,100,55,,,,,Y,N,N,N,N,N,N,3-7 DAYS,Y,N,N,N,Y,N,Y,N,N,N,N,N,N,1-2 DAYS,N,N,N,N,N,N,N,,,,0,2,0,1,0,0,N,N,Y,Y,Y,Y,Y,Y,Y,Y,Y,Y,Y,Y,Y,Y,N,,,,,0,0,0.0,0.0,,Macon,N,N,POINT (-84.030002 32.294712),Week 14 - Aug 23
08/23/2020,115570,CAMELLIA GARDENS OF LIFE CARE,804 SOUTH BROAD STREET BOX 1959,THOMASVILLE,GA,31792,Y,Y,0,0,0,33,0,55,0,6,0,6,83,58,,,,,Y,N,N,N,N,N,N,3-7 DAYS,N,N,N,N,N,N,Y,N,N,N,N,N,N,3-7 DAYS,Y,N,N,N,Y,N,N,,,,0,13,0,32,0,0,N,N,N,N,Y,Y,Y,Y,Y,Y,Y,Y,Y,Y,Y,Y,N,,,,,0,0,569.0,103.4,18.2,Thomas,N,N,POINT (-83.972648 30.829349),Week 14 - Aug 23
08/23/2020,115696,FORT GAINES HEALTH AND REHAB,"101 HARTFORD ROAD, WEST",FORT GAINES,GA,39851,Y,Y,0,2,0,13,0,7,0,1,0,0,60,47,,,,,Y,N,N,N,N,N,N,3-7 DAYS,Y,Y,N,N,N,N,Y,N,N,N,N,N,N,3-7 DAYS,N,N,N,N,N,N,,,,,0,20,0,16,0,0,Y,N,Y,Y,Y,N,Y,Y,Y,Y,Y,Y,Y,Y,Y,Y,,,,,,0,0,276.6,0.0,0.0,Clay,N,N,POINT (-85.049899 31.603766),Week 14 - Aug 23
08/23/2020,115668,PRUITTHEALTH - SUNRISE,2709 S MAIN STREET,MOULTRIE,GA,31768,Y,Y,0,0,0,1,0,0,0,0,0,0,60,50,,,,,Y,N,N,N,N,N,N,3-7 DAYS,Y,N,N,N,Y,N,Y,N,N,N,N,N,N,3-7 DAYS,Y,N,N,N,Y,N,N,,,,1,2,0,0,0,0,N,N,N,N,Y,Y,Y,Y,Y,Y,Y,Y,Y,Y,Y,Y,N,,,,,0,0,20.0,0.0,0.0,Colquitt,N,N,POINT (-83.782255 31.135558000000003),Week 14 - Aug 23
08/23/2020,115391,PRUITTHEALTH - EASTSIDE,2795 FINNEY CIRCLE,MACON,GA,31217,Y,Y,0,3,0,42,0,0,0,6,0,0,90,76,,,,,Y,N,N,N,N,N,N,3-7 DAYS,N,N,N,N,N,N,Y,N,N,N,N,N,N,3-7 DAYS,N,N,N,N,N,N,Y,0,0,Y,3,25,0,0,0,0,N,N,N,N,Y,Y,Y,Y,Y,Y,Y,Y,Y,Y,Y,Y,N,,,,,0,0,552.6,0.0,0.0,Bibb,N,N,POINT (-83.579315 32.858092),Week 14 - Aug 23
08/23/2020,115447,HERITAGE INN OF BARNESVILLE HEALTH AND REHAB,946 VETERANS PARKWAY,BARNESVILLE,GA,30204,Y,Y,0,0,0,34,0,44,1,26,0,11,112,60,,,,,Y,N,N,N,N,N,N,3-7 DAYS,Y,N,N,N,Y,N,Y,N,N,N,N,N,N,3-7 DAYS,N,N,N,N,N,N,N,,,,0,12,0,5,0,0,N,N,N,N,Y,Y,Y,Y,Y,Y,Y,Y,Y,Y,Y,Y,N,,,,,0,0,566.7,183.3,32.4,Lamar,N,N,POINT (-84.150781 33.035115),Week 14 - Aug 23
08/23/2020,115206,SIGNATURE HEALTHCARE OF MARIETTA,811 KENNESAW AVENUE,MARIETTA,GA,30060,Y,Y,0,41,0,64,0,0,0,14,0,14,154,115,,,,,Y,N,N,N,N,N,N,3-7 DAYS,Y,N,N,N,N,Y,Y,N,N,N,N,N,N,3-7 DAYS,N,N,N,N,N,N,N,,,,0,26,0,0,0,0,N,N,N,N,Y,Y,Y,Y,Y,Y,Y,Y,Y,Y,Y,Y,N,,,,,0,0,556.5,121.7,21.9,Cobb,N,N,,Week 14 - Aug 23
08/23/2020,115555,BONTERRA TRANSITIONAL CARE & REHABILITATION,2801 FELTON DRIVE,EAST POINT,GA,30344,Y,Y,0,0,0,24,0,3,0,9,0,9,116,87,,,,,Y,N,N,N,N,N,N,3-7 DAYS,Y,N,N,N,Y,N,Y,N,N,N,N,N,N,3-7 DAYS,Y,N,N,N,Y,N,Y,0,0,Y,1,21,0,1,0,0,N,N,N,N,Y,Y,Y,Y,Y,Y,Y,Y,Y,Y,Y,Y,N,,,,,0,0,275.9,103.4,37.5,Fulton,N,N,POINT (-84.424977 33.679634),Week 14 - Aug 23
08/23/2020,115665,COASTAL MANOR,128 COASTAL MANOR DRIVE SE,LUDOWICI,GA,31316,Y,Y,0,1,0,2,0,14,1,10,0,0,108,92,,,,,Y,N,N,N,N,N,N,3-7 DAYS,Y,N,N,Y,Y,N,Y,N,N,N,N,N,N,3-7 DAYS,Y,N,N,Y,Y,N,N,,,,0,9,0,30,0,0,N,N,N,N,Y,Y,Y,Y,Y,Y,Y,Y,Y,Y,Y,Y,N,,,,,0,0,21.7,0.0,0.0,Long,N,N,POINT (-81.732163 31.720181000000004),Week 14 - Aug 23
08/23/2020,115641,RIVERVIEW HEALTH & REHAB CTR,6711 LAROCHE AVENUE,SAVANNAH,GA,31406,Y,Y,0,51,1,33,0,0,1,7,1,7,191,122,,,,,Y,N,N,N,N,N,N,3-7 DAYS,Y,N,N,N,Y,N,Y,N,N,N,N,N,N,3-7 DAYS,Y,N,N,N,Y,N,N,,,,0,21,0,0,0,0,Y,N,Y,N,Y,Y,Y,Y,Y,Y,Y,Y,Y,Y,Y,Y,N,,,,,8.2,8.2,270.5,57.4,21.2,Chatham,N,N,POINT (-81.063832 32.001186),Week 14 - Aug 23
08/23/2020,115481,FOUR COUNTY HEALTH AND REHABILITATION,124 OVERBY DRIVE,RICHLAND,GA,31825,Y,Y,2,14,0,45,0,31,1,11,1,10,85,61,,,,,Y,N,N,N,N,N,N,3-7 DAYS,Y,N,N,N,Y,Y,Y,N,N,N,N,N,N,3-7 DAYS,Y,N,N,N,Y,N,N,,,,0,35,0,18,0,0,N,N,Y,Y,Y,Y,Y,Y,Y,Y,Y,Y,Y,Y,Y,Y,N,,,,,0,16.4,737.7,163.9,22.2,Stewart,N,N,POINT (-84.671587 32.078192),Week 14 - Aug 23
08/23/2020,115554,GRACEMORE NURSING AND REHAB,2708 LEE STREET,BRUNSWICK,GA,31520,Y,Y,0,2,0,32,0,2,0,47,0,41,60,36,,,,,Y,N,N,N,N,N,N,3-7 DAYS,Y,N,N,N,Y,N,Y,N,N,N,N,N,N,3-7 DAYS,Y,N,N,N,Y,N,N,,,,0,15,0,12,0,0,Y,N,N,Y,Y,Y,Y,Y,Y,Y,Y,Y,Y,Y,Y,Y,N,,,,,0,0,888.9,1138.9,128.1,Glynn,N,N,POINT (-81.492147 31.16806),Week 14 - Aug 23
08/23/2020,115396,QUIET OAKS HEALTH CARE CENTER,125 QUIET OAKS DRIVE,CRAWFORD,GA,30630,Y,Y,0,9,0,40,0,0,0,5,0,5,61,47,,,,,Y,N,N,N,N,N,N,3-7 DAYS,N,N,N,N,N,N,Y,N,N,N,N,N,N,3-7 DAYS,N,N,N,N,N,N,N,,,,0,10,0,0,0,0,Y,N,Y,Y,Y,Y,Y,Y,Y,N,Y,Y,Y,Y,Y,N,N,,,,,0,0,851.1,106.4,12.5,Oglethorpe,N,N,POINT (-83.152266 33.887063),Week 14 - Aug 23
08/23/2020,115529,PRUITTHEALTH - GRIFFIN,619 NORTHSIDE DRIVE,GRIFFIN,GA,30223,Y,Y,0,0,0,0,0,0,0,0,0,0,69,54,,,,,Y,N,N,N,N,N,N,N/A,Y,N,N,N,Y,N,Y,N,N,N,N,N,N,3-7 DAYS,Y,N,N,N,Y,N,N,,,,0,2,0,0,0,0,N,N,N,N,Y,Y,Y,Y,Y,Y,Y,Y,Y,Y,Y,Y,N,,,,,0,0,0.0,0.0,,Spalding,N,N,POINT (-84.264984 33.268807),Week 14 - Aug 23
08/23/2020,115703,GLENWOOD HEALTHCARE,PO BOX 869,GLENWOOD,GA,30428,Y,Y,0,11,0,7,0,1,0,0,0,0,50,45,,,,,Y,N,N,N,N,N,N,1-2 DAYS,N,N,N,N,N,N,Y,N,N,N,N,N,N,3-7 DAYS,N,N,N,N,N,N,,,,,1,13,0,2,0,0,N,N,N,N,N,N,Y,Y,Y,Y,Y,Y,Y,Y,Y,Y,N,,,,,0,0,155.6,0.0,0.0,Wheeler,N,N,,Week 14 - Aug 23
08/23/2020,115360,CONDOR HEALTH LAFAYETTE,110 BRANDYWINE BOULEVARD,FAYETTEVILLE,GA,30214,Y,Y,0,4,1,43,0,30,0,17,0,13,162,97,,,,,Y,N,N,N,N,N,N,3-7 DAYS,Y,Y,N,N,N,N,Y,N,N,N,N,N,N,3-7 DAYS,N,N,N,N,N,N,,,,,0,28,0,3,0,0,N,N,N,N,Y,Y,Y,Y,Y,Y,Y,Y,Y,Y,Y,Y,N,,,,,10.3,0,443.3,134.0,30.2,Fayette,N,N,POINT (-84.481705 33.451652),Week 14 - Aug 23
08/23/2020,115553,MAGNOLIA MANOR OF MIDWAY,652 NORTH COASTAL HIGHWAY 17,MIDWAY,GA,31320,Y,Y,3,7,2,78,0,0,5,14,4,9,105,74,,,,,Y,N,N,N,N,N,N,3-7 DAYS,N,N,N,N,N,N,Y,N,N,N,N,N,N,3-7 DAYS,Y,Y,Y,Y,Y,N,N,,,,0,16,0,0,0,0,Y,N,Y,Y,Y,N,Y,N,Y,N,Y,N,Y,N,Y,N,N,,,,,27,54.1,1054.1,121.6,11.5,Liberty,N,N,POINT (-81.430589 31.809220999999997),Week 14 - Aug 23
08/23/2020,115540,TWIN VIEW HEALTH AND REHAB,211 MATHIS AVENUE,TWIN CITY,GA,30471,Y,Y,2,3,2,2,1,4,1,5,0,0,110,92,,,,,Y,N,N,N,N,N,N,3-7 DAYS,N,N,N,N,N,N,Y,N,N,N,N,N,N,3-7 DAYS,Y,N,N,N,Y,N,N,,,,2,10,0,7,0,0,N,N,N,N,Y,Y,Y,Y,Y,Y,Y,Y,Y,Y,Y,Y,N,,,,,21.7,0,21.7,0.0,0.0,Emanuel,N,Y,POINT (-82.16025 32.584453),Week 14 - Aug 23
08/23/2020,115345,PRUITTHEALTH - TOCCOA,633 FALLS ROAD,TOCCOA,GA,30577,Y,Y,0,4,8,144,1,7,0,6,0,4,181,121,,,,,Y,N,N,N,N,N,N,3-7 DAYS,Y,N,N,N,Y,N,Y,N,N,N,N,N,N,3-7 DAYS,Y,N,N,N,Y,N,N,,,,0,10,0,14,0,0,N,N,N,N,Y,Y,Y,Y,Y,Y,Y,Y,Y,Y,Y,Y,N,,,,,66.1,0,1190.1,33.1,2.8,Stephens,Y,N,POINT (-83.339729 34.5876),Week 14 - Aug 23
08/23/2020,115535,LAKE CITY NURSING AND REHABILITATION CENTER LLC,2055 REX ROAD,LAKE CITY,GA,30260,Y,N,1,4,23,47,12,12,6,18,2,5,242,189,,,,,N,N,Y,N,N,Y,N,3-7 DAYS,Y,Y,Y,N,N,N,N,N,Y,N,N,Y,N,3-7 DAYS,N,N,N,N,N,N,N,,,,8,15,2,5,0,0,N,N,N,N,Y,N,Y,Y,Y,N,Y,N,Y,Y,Y,Y,N,,,,,121.7,10.6,248.7,26.5,10.6,Clayton,Y,N,POINT (-84.322464 33.599427),Week 14 - Aug 23
08/23/2020,115689,GOLD CITY HEALTH AND REHAB,222 MOORE DRIVE,DAHLONEGA,GA,30533,Y,Y,0,0,0,13,0,2,1,8,0,2,102,79,,,,,Y,N,N,N,N,N,N,3-7 DAYS,N,N,N,N,N,N,Y,N,N,N,N,N,N,3-7 DAYS,N,N,N,N,N,N,N,,,,0,4,0,12,0,0,N,N,N,N,Y,Y,Y,Y,Y,Y,Y,Y,Y,Y,Y,Y,N,,,,,0,0,164.6,25.3,15.4,Lumpkin,N,N,POINT (-83.98345 34.541688),Week 14 - Aug 23
08/23/2020,115578,GREEN ACRES HEALTH AND REHABILITATION,"313 ALLEN MEMORIAL DRIVE,SW",MILLEDGEVILLE,GA,31061,Y,Y,0,0,1,1,0,0,1,8,0,0,98,76,,,,,Y,N,N,N,N,N,N,3-7 DAYS,Y,N,Y,N,N,N,Y,N,N,N,N,N,N,3-7 DAYS,Y,N,N,N,N,Y,N,,,,1,4,0,2,0,0,N,N,N,N,Y,Y,Y,Y,Y,Y,Y,Y,Y,Y,Y,Y,N,,,,,13.2,0,13.2,0.0,0.0,Baldwin,N,Y,POINT (-83.246221 33.054574),Week 14 - Aug 23
08/23/2020,115531,PRUITTHEALTH - VIRGINIA PARK,1000 BRIARCLIFF ROAD NE,ATLANTA,GA,30306,Y,Y,4,82,0,31,0,0,0,18,0,4,125,100,,,,,Y,N,N,N,N,N,N,3-7 DAYS,N,N,N,N,N,N,Y,N,N,N,N,N,N,3-7 DAYS,N,N,N,N,N,N,N,,,,3,30,0,0,0,0,N,N,N,N,Y,Y,Y,Y,Y,Y,Y,Y,Y,Y,Y,Y,N,,,,,0,0,310.0,40.0,12.9,DeKalb,N,N,POINT (-84.34344400000002 33.782195),Week 14 - Aug 23
08/23/2020,115397,PROVIDENCE OF SPARTA HEALTH AND REHAB,"60 PROVIDENCE STREET, PO BOX 86",SPARTA,GA,31087,Y,Y,0,17,0,41,0,3,0,8,0,6,71,48,,,,,Y,N,N,N,N,N,N,3-7 DAYS,N,N,N,N,N,N,Y,N,N,N,N,N,N,3-7 DAYS,N,N,N,N,N,N,N,,,,0,13,0,14,0,0,Y,N,Y,Y,Y,Y,Y,Y,Y,Y,Y,Y,Y,Y,Y,Y,N,,,,,0,0,854.2,125.0,14.6,Hancock,N,N,POINT (-82.970312 33.283006),Week 14 - Aug 23
08/23/2020,115507,TAYLOR COUNTY HEALTH AND REHABILITATION,165 SOUTH BROAD STREET,BUTLER,GA,31006,Y,Y,0,0,0,0,5,7,0,6,0,0,78,65,,,,,Y,N,N,N,N,N,N,3-7 DAYS,Y,Y,N,N,N,N,Y,N,N,N,N,N,N,3-7 DAYS,Y,Y,N,N,N,N,,,,,0,1,1,1,0,0,N,N,N,N,Y,Y,Y,Y,Y,Y,Y,Y,Y,Y,Y,Y,N,,,,,0,0,0.0,0.0,,Taylor,N,N,POINT (-84.241924 32.545158),Week 14 - Aug 23
08/23/2020,115494,MCRAE MANOR NURSING HOME,160 SOUTH FIRST AVENUE,MC RAE,GA,31055,Y,Y,0,1,0,46,0,0,0,3,0,2,133,85,,,,,Y,N,N,N,N,N,N,3-7 DAYS,Y,N,N,N,Y,N,Y,N,N,N,N,N,N,3-7 DAYS,N,N,N,N,N,N,Y,0,0,Y,1,12,0,0,0,0,N,N,N,N,Y,Y,Y,Y,Y,Y,Y,Y,Y,Y,Y,Y,N,,,,,0,0,541.2,23.5,4.3,Telfair,N,N,POINT (-82.900775 32.059561),Week 14 - Aug 23
08/23/2020,115478,AZALEA TRACE NURSING CENTER,910 TALBOTTON RD,COLUMBUS,GA,31904,Y,Y,0,0,0,9,0,0,0,3,0,0,110,67,,,,,Y,N,N,N,N,N,N,3-7 DAYS,Y,N,N,N,N,Y,Y,N,N,N,N,N,N,3-7 DAYS,Y,N,N,N,Y,N,,,,,0,12,0,1,0,0,Y,N,Y,Y,Y,Y,Y,Y,Y,Y,Y,Y,Y,Y,Y,Y,N,,,,,0,0,134.3,0.0,0.0,Muscogee,N,N,POINT (-84.981204 32.483681),Week 14 - Aug 23
08/23/2020,115599,MAGNOLIA MANOR OF MARION COUNTY,349 GENEVA ROAD,BUENA VISTA,GA,31803,Y,Y,0,0,0,19,0,19,0,5,0,3,70,51,,,,,Y,N,N,N,N,N,N,3-7 DAYS,N,N,N,N,N,N,Y,N,N,N,N,N,N,3-7 DAYS,Y,N,N,N,Y,Y,,,,,0,24,0,10,0,0,Y,N,Y,N,Y,Y,Y,Y,Y,Y,Y,Y,Y,Y,Y,Y,N,,,,,0,0,372.5,58.8,15.8,Marion,N,N,POINT (-84.52535 32.328487),Week 14 - Aug 23
08/23/2020,115338,MIONA GERIATRIC & DEMENTIA CENTER,201 POPLAR STREET,IDEAL,GA,31041,Y,Y,0,7,0,0,0,0,0,0,0,0,88,85,,,,,Y,N,N,N,N,N,N,3-7 DAYS,Y,N,N,N,Y,N,Y,N,N,N,N,N,N,3-7 DAYS,Y,N,N,N,Y,N,N,,,,0,7,2,23,0,0,N,N,N,N,Y,Y,Y,Y,Y,Y,Y,Y,Y,Y,Y,Y,N,,,,,0,0,0.0,0.0,,Macon,N,N,POINT (-84.19193 32.37152700000001),Week 14 - Aug 23
08/23/2020,115430,SUMMERHILL ELDERLIVING HOME & CARE,500 STANLEY STREET,PERRY,GA,31069,Y,Y,0,0,0,0,0,0,0,9,0,0,160,141,,,,,Y,N,N,N,N,N,N,3-7 DAYS,Y,N,N,N,N,Y,Y,N,N,N,N,N,N,3-7 DAYS,N,N,N,N,N,N,N,,,,0,5,0,4,0,0,N,N,N,N,Y,Y,Y,Y,Y,Y,Y,Y,Y,Y,Y,Y,N,,,,,0,0,0.0,0.0,,Houston,N,N,POINT (-83.747027 32.45325),Week 14 - Aug 23
08/23/2020,115503,JESUP HEALTH AND REHAB,3100 SAVANNAH HIGHWAY,JESUP,GA,31545,Y,Y,0,0,0,0,0,15,0,0,0,0,72,48,,,,,Y,N,N,N,N,N,N,1-2 DAYS,N,N,N,N,N,N,Y,N,N,N,N,N,N,1-2 DAYS,N,N,N,N,N,N,,,,,0,0,0,2,0,0,Y,N,Y,N,Y,Y,Y,Y,Y,Y,Y,Y,Y,Y,Y,Y,N,,,,,0,0,0.0,0.0,,Wayne,N,N,POINT (-81.857952 31.643292),Week 14 - Aug 23
08/23/2020,115534,AZALEALAND NURSING HOME,2040 COLONIAL DRIVE,SAVANNAH,GA,31406,Y,Y,0,3,0,13,0,72,1,6,0,1,92,69,,,,,Y,N,N,N,N,N,N,1-2 DAYS,Y,N,N,N,Y,N,Y,N,N,N,N,N,N,1-2 DAYS,Y,Y,N,N,N,N,,,,,0,21,1,71,0,0,N,N,N,N,Y,Y,Y,Y,Y,Y,Y,Y,Y,Y,Y,Y,N,,,,,0,0,188.4,14.5,7.7,Chatham,N,N,POINT (-81.077691 32.015364),Week 14 - Aug 23
08/23/2020,115562,"PRUITTHEALTH - HOLLY HILL, LLC",413 PENDLETON PLACE,VALDOSTA,GA,31602,Y,Y,0,0,0,0,0,7,0,18,0,0,100,70,,,,,Y,N,N,N,N,N,N,3-7 DAYS,Y,N,N,N,Y,N,Y,N,N,N,N,N,N,3-7 DAYS,Y,N,N,N,Y,N,N,,,,0,10,0,2,0,0,N,N,N,N,Y,Y,Y,Y,Y,Y,Y,Y,Y,Y,Y,Y,N,,,,,0,0,0.0,0.0,,Lowndes,N,N,POINT (-83.281765 30.864068),Week 14 - Aug 23
08/23/2020,115336,UNIVERSITY EXTENDED CARE/WESTW,561 UNIVERSITY DRIVE,EVANS,GA,30809,Y,Y,0,0,0,0,0,0,0,3,0,0,149,122,,,,,Y,N,N,N,N,N,N,3-7 DAYS,Y,Y,N,N,N,N,Y,N,N,N,N,N,N,>7 DAYS,N,N,N,N,N,N,N,,,,0,4,0,0,0,0,Y,N,Y,N,Y,N,Y,N,Y,N,Y,N,Y,N,Y,N,N,,,,,0,0,0.0,0.0,,Columbia,N,N,POINT (-82.128307 33.530202),Week 14 - Aug 23
08/23/2020,115293,RESORTS AT POOLER INC,508 SOUTH ROGERS STREET,POOLER,GA,31322,Y,Y,0,0,0,0,0,0,0,5,0,0,122,80,,,,,Y,N,N,N,N,N,N,3-7 DAYS,N,N,N,N,N,N,Y,N,N,N,N,N,N,3-7 DAYS,N,N,N,N,N,N,N,,,,0,0,0,0,0,0,N,N,N,N,Y,Y,Y,Y,Y,Y,Y,Y,Y,Y,Y,Y,N,,,,,0,0,0.0,0.0,,Chatham,N,N,POINT (-81.250418 32.111358),Week 14 - Aug 23
08/23/2020,115308,"PLACE AT MARTINEZ, THE",409 PLEASANT HOME ROAD,AUGUSTA,GA,30907,Y,Y,0,0,6,23,0,0,2,44,2,2,100,66,,,,,Y,N,N,N,N,N,N,3-7 DAYS,N,N,N,N,N,N,Y,N,N,N,N,N,N,3-7 DAYS,Y,N,Y,N,N,N,,,,,0,8,0,0,0,0,N,N,N,N,Y,Y,Y,Y,Y,Y,Y,Y,Y,Y,Y,Y,N,,,,,90.9,30.3,348.5,30.3,8.7,Richmond,Y,N,POINT (-82.074978 33.504291),Week 14 - Aug 23
08/23/2020,115654,LIFE CARE CENTER,176 LINCOLN AVE,FITZGERALD,GA,31750,Y,Y,0,4,2,15,3,10,1,9,0,3,167,106,,,,,Y,N,N,N,N,N,N,3-7 DAYS,Y,N,Y,N,N,N,Y,N,N,N,N,N,N,3-7 DAYS,N,N,N,N,N,N,,,,,2,9,2,5,0,0,N,N,N,N,Y,Y,Y,Y,Y,Y,Y,Y,Y,Y,Y,Y,N,,,,,18.9,0,141.5,28.3,20.0,Ben Hill,N,N,POINT (-83.27285 31.710711),Week 14 - Aug 23
08/23/2020,115522,ORCHARD HEALTH AND REHABILITATION,1321 PULASKI SCHOOL ROAD,PULASKI,GA,30451,Y,Y,1,4,0,25,0,47,0,8,0,5,86,66,,,,,Y,N,N,N,N,N,N,3-7 DAYS,N,N,N,N,N,N,Y,N,N,N,N,N,N,3-7 DAYS,N,N,N,N,N,N,N,,,,1,13,0,13,0,1,N,N,Y,N,Y,Y,Y,Y,Y,Y,Y,Y,Y,Y,Y,Y,N,,,,,0,0,378.8,75.8,20.0,Candler,N,N,POINT (-81.820037 32.445497),Week 14 - Aug 23
08/23/2020,115040,"CENTER FOR ADVANCED REHAB AT PARKSIDE, THE",110 PARK CITY ROAD,ROSSVILLE,GA,30741,Y,Y,0,0,0,2,0,1,0,47,0,0,125,118,,,,,Y,N,N,N,N,N,N,3-7 DAYS,N,N,N,N,N,N,Y,N,N,N,N,N,N,3-7 DAYS,N,N,N,N,N,N,N,,,,0,3,0,1,0,0,N,N,N,N,Y,Y,Y,Y,Y,Y,Y,Y,Y,Y,Y,Y,N,,,,,0,0,16.9,0.0,0.0,Catoosa,N,N,POINT (-85.266494 34.94314),Week 14 - Aug 23
08/23/2020,115423,CHESTNUT RIDGE NSG & REHAB CTR,125 SAMARITAN DRIVE,CUMMING,GA,30040,Y,Y,0,0,0,0,0,1,0,0,0,0,150,125,,,,,Y,N,N,N,N,N,N,1-2 DAYS,N,N,N,N,N,N,Y,N,N,N,N,N,N,1-2 DAYS,Y,Y,N,N,N,Y,Y,0,0,Y,0,13,1,8,0,0,Y,N,N,N,Y,Y,Y,Y,Y,Y,Y,Y,Y,Y,Y,Y,N,,,,,0,0,0.0,0.0,,Forsyth,N,N,POINT (-84.14641400000001 34.21084),Week 14 - Aug 23
08/23/2020,115506,PRUITTHEALTH - FAIRBURN,7560 BUTNER ROAD,FAIRBURN,GA,30213,Y,Y,0,0,0,0,0,17,0,1,0,0,82,67,,,,,Y,N,N,N,N,N,N,3-7 DAYS,Y,N,N,N,Y,N,Y,N,N,N,N,N,N,3-7 DAYS,Y,N,N,N,Y,N,Y,0,0,Y,0,3,0,4,0,0,N,N,N,N,Y,Y,Y,Y,Y,Y,Y,Y,Y,Y,Y,Y,N,,,,,0,0,0.0,0.0,,Fulton,N,N,POINT (-84.636848 33.642439),Week 14 - Aug 23
08/23/2020,115621,BRYAN COUNTY HLTH & REHAB CTR,127 CARTER ST,RICHMOND HILL,GA,31324,Y,Y,1,8,0,19,0,1,0,6,0,1,100,70,,,,,Y,N,N,N,N,N,N,3-7 DAYS,Y,N,N,N,Y,N,Y,N,N,N,N,N,N,3-7 DAYS,Y,N,N,N,Y,N,N,,,,0,3,0,0,0,0,N,N,N,Y,Y,Y,Y,Y,Y,Y,Y,Y,Y,Y,Y,Y,N,,,,,0,0,271.4,14.3,5.3,Bryan,N,N,POINT (-81.324741 31.955324),Week 14 - Aug 23
08/23/2020,115702,WASHINGTON CO EXTENDED CARE FACILITY,610 SPARTA ROAD,SANDERSVILLE,GA,31082,Y,Y,0,0,0,6,2,8,0,1,0,0,60,56,,,,,Y,N,N,N,N,N,N,3-7 DAYS,Y,Y,N,N,N,N,Y,N,N,N,N,N,N,3-7 DAYS,N,N,N,N,N,N,N,,,,0,14,0,14,0,0,N,N,N,N,Y,Y,Y,Y,Y,Y,Y,Y,Y,Y,Y,Y,N,,,,,0,0,107.1,0.0,0.0,Washington,N,N,POINT (-82.805042 32.996817),Week 14 - Aug 23
08/23/2020,115265,HARBORVIEW SATILLA,1600 RIVERSIDE AVE,WAYCROSS,GA,31501,Y,Y,2,7,0,58,0,11,4,18,2,7,174,142,,,,,Y,N,N,N,N,N,N,3-7 DAYS,Y,N,Y,N,N,N,Y,N,N,N,N,N,N,3-7 DAYS,N,N,N,N,N,N,N,,,,6,45,0,33,0,0,Y,N,Y,N,Y,Y,Y,Y,Y,Y,Y,Y,Y,Y,Y,Y,N,,,,,0,14.1,408.5,49.3,12.1,Ware,N,N,POINT (-82.353475 31.233211000000004),Week 14 - Aug 23
08/23/2020,115700,PRUITTHEALTH - BETHANY,466 SOUTH GRAY STREET,MILLEN,GA,30442,Y,Y,0,10,0,74,0,71,0,59,0,14,100,71,,,,,Y,N,N,N,N,N,N,3-7 DAYS,Y,N,N,N,Y,N,Y,N,N,N,N,N,N,3-7 DAYS,Y,N,N,N,Y,N,N,,,,1,27,0,12,0,0,N,N,N,N,Y,Y,Y,Y,Y,Y,Y,Y,Y,Y,Y,Y,N,,,,,0,0,1042.3,197.2,18.9,Jenkins,N,N,POINT (-81.942561 32.797675),Week 14 - Aug 23
08/23/2020,115264,CALHOUN NURSING HOME,265 TURNER STREET,EDISON,GA,39846,Y,Y,0,3,0,9,0,0,0,5,0,2,60,49,,,,,N,N,Y,N,N,N,N,3-7 DAYS,Y,Y,N,N,Y,N,N,N,Y,N,N,N,N,3-7 DAYS,N,N,N,N,N,N,N,,,,0,9,0,2,0,0,N,N,N,N,Y,Y,Y,Y,Y,Y,Y,Y,Y,Y,Y,Y,N,,,,,0,0,183.7,40.8,22.2,Calhoun,N,N,POINT (-84.738104 31.554625),Week 14 - Aug 23
08/23/2020,115601,WESTWOOD HEALTHCARE AND REHABILITATION,101 STOCKYARD ROAD,STATESBORO,GA,30458,Y,Y,0,1,1,8,2,29,0,10,0,2,60,29,,,,,N,N,Y,Y,N,N,N,3-7 DAYS,N,N,N,N,N,N,N,N,Y,Y,N,N,N,3-7 DAYS,N,N,N,N,N,N,N,,,,1,6,0,2,0,1,Y,N,Y,N,Y,Y,Y,Y,Y,Y,Y,Y,Y,Y,Y,Y,N,,,,,34.5,0,275.9,69.0,25.0,Bulloch,N,N,POINT (-81.799544 32.457754),Week 14 - Aug 23
08/23/2020,115644,KEYSVILLE NURSING HOME & REHAB,1005 GA HIGHWAY 88,BLYTHE,GA,30805,Y,Y,0,0,0,1,0,0,0,0,0,0,64,60,,,,,Y,N,N,N,N,N,N,3-7 DAYS,Y,N,N,N,N,Y,Y,N,N,N,N,N,N,3-7 DAYS,Y,N,N,N,N,Y,N,,,,0,3,0,3,0,0,N,N,N,N,Y,Y,Y,Y,Y,Y,Y,Y,Y,Y,Y,Y,N,,,,,0,0,16.7,0.0,0.0,Burke,N,N,POINT (-82.234609 33.251982),Week 14 - Aug 23
08/23/2020,115579,"HEALTHCARE AT COLLEGE PARK, LLC",1765 TEMPLE AVENUE,COLLEGE PARK,GA,30337,Y,N,,,,,,,,,,,,,,,,,,,,,,,,,,,,,,,,,,,,,,,,,,,,,,,,,,,,,,,,,,,,,,,,,,,,,,,,,,,,,,,,,Fulton,,,POINT (-84.44864600000001 33.655714),Week 14 - Aug 23
08/23/2020,115435,HARTWELL HEALTH AND REHABILITATION,94 CADE STREET,HARTWELL,GA,30643,Y,Y,0,2,6,21,0,1,0,3,0,0,92,73,,,,,Y,N,N,N,N,N,N,3-7 DAYS,Y,Y,N,Y,N,N,Y,N,N,N,N,N,N,3-7 DAYS,Y,Y,N,N,N,N,N,,,,0,16,2,30,0,0,Y,Y,Y,Y,Y,Y,Y,Y,Y,Y,Y,Y,Y,Y,Y,Y,N,,,,,82.2,0,287.7,0.0,0.0,Hart,Y,N,POINT (-82.940095 34.346945),Week 14 - Aug 23
08/23/2020,115090,BROWN HEALTH AND REHABILITATION,545 COOK STREET,ROYSTON,GA,30662,Y,Y,0,0,23,24,13,15,1,10,1,1,100,84,,,,,Y,N,N,N,N,N,N,3-7 DAYS,Y,Y,Y,Y,N,N,Y,N,N,N,N,N,N,3-7 DAYS,N,N,N,N,N,N,N,,,,1,7,3,26,0,0,Y,Y,Y,Y,Y,Y,Y,Y,Y,Y,Y,Y,Y,Y,Y,Y,N,,,,,273.8,11.9,285.7,11.9,4.2,Franklin,Y,N,POINT (-83.1175 34.283793),Week 14 - Aug 23
08/23/2020,115340,CALHOUN HEALTH CARE CENTER,1387 HIGHWAY 41 NORTH,CALHOUN,GA,30701,Y,Y,0,3,0,2,0,5,1,17,0,13,100,65,,,,,N,N,Y,N,N,N,N,3-7 DAYS,Y,N,N,N,Y,N,N,N,Y,N,Y,N,N,3-7 DAYS,Y,Y,N,N,N,N,N,,,,0,3,2,12,0,0,N,N,Y,Y,Y,Y,Y,Y,Y,Y,Y,Y,Y,N,Y,Y,N,,,,,0,0,30.8,200.0,650.0,Gordon,N,N,POINT (-84.937341 34.543501000000006),Week 14 - Aug 23
08/23/2020,115575,TATTNALL HEALTHCARE CENTER,142 MEMORIAL DRIVE,REIDSVILLE,GA,30453,Y,N,,,,,,,,,,,,,,,,,,,,,,,,,,,,,,,,,,,,,,,,,,,,,,,,,,,,,,,,,,,,,,,,,,,,,,,,,,,,,,,,,Tattnall,,,POINT (-82.108549 32.082873),Week 14 - Aug 23
08/23/2020,115679,COMFORT CREEK NURSING AND REHABILITATION CENTER,10200 U.S. HWY 1 SOUTH,WADLEY,GA,30477,Y,Y,1,3,4,17,5,16,2,15,2,3,98,83,,,,,Y,N,N,N,N,N,N,3-7 DAYS,Y,Y,Y,Y,N,N,Y,N,N,N,N,N,N,1-2 DAYS,N,N,N,N,N,N,,,,,2,8,1,4,0,0,Y,N,Y,N,Y,Y,Y,Y,Y,Y,Y,Y,Y,Y,Y,Y,N,,,,,48.2,24.1,204.8,36.1,17.6,Jefferson,Y,N,POINT (-82.395701 32.870998),Week 14 - Aug 23
08/23/2020,115701,CHATUGE REGIONAL NURSING HOME,386 BELAIRE DRIVE,HIAWASSEE,GA,30546,Y,Y,0,1,0,1,1,2,2,11,0,0,112,96,,,,,Y,N,N,N,N,N,N,1-2 DAYS,Y,Y,N,N,N,N,Y,N,N,N,N,N,N,1-2 DAYS,Y,Y,N,N,N,N,,,,,0,1,2,6,0,0,N,N,N,N,Y,Y,Y,Y,Y,Y,Y,Y,Y,Y,Y,Y,N,,,,,0,0,10.4,0.0,0.0,Towns,N,N,POINT (-83.751117 34.947006),Week 14 - Aug 23
08/23/2020,115649,NAVICENT HEALTH BALDWIN SKILLED NURSING UNIT,821 NORTH COBB ST,MILLEDGEVILLE,GA,31061,Y,Y,0,0,0,0,0,0,0,0,0,0,15,12,,,,,Y,N,N,N,N,N,N,3-7 DAYS,Y,N,N,Y,N,N,Y,N,N,N,N,N,N,3-7 DAYS,Y,N,N,Y,N,N,N,,,,0,0,0,0,0,0,N,N,N,N,Y,Y,Y,Y,Y,Y,Y,Y,Y,Y,Y,Y,Y,11,2,Y,Y,0,0,0.0,0.0,,Baldwin,N,N,POINT (-83.245145 33.088431),Week 14 - Aug 23
08/23/2020,115403,QUINTON MEM HC & REHAB CENTER,1115 PROFESSIONAL BLVD,DALTON,GA,30720,Y,Y,0,0,0,0,0,1,0,0,0,0,120,94,,,,,Y,N,N,N,N,N,N,3-7 DAYS,N,N,N,N,N,N,Y,N,N,N,N,N,N,3-7 DAYS,N,N,N,N,N,N,N,,,,0,1,0,16,0,0,Y,N,Y,N,Y,Y,Y,Y,Y,Y,Y,Y,Y,Y,Y,Y,N,,,,,0,0,0.0,0.0,,Whitfield,N,N,POINT (-84.988129 34.793333),Week 14 - Aug 23
08/23/2020,115586,PINEWOOD MANOR NURSING HOME & REHABILITATION CNTR,277 COMMERCE STREET,HAWKINSVILLE,GA,31036,Y,Y,0,1,9,31,0,0,3,8,3,3,102,82,,,,,N,N,Y,N,N,N,N,3-7 DAYS,Y,Y,N,N,Y,N,N,N,Y,N,N,N,N,3-7 DAYS,Y,Y,N,N,Y,N,N,,,,0,6,6,6,0,0,Y,N,Y,N,Y,Y,Y,Y,Y,Y,Y,Y,Y,Y,Y,Y,N,,,,,109.8,36.6,378.0,36.6,9.7,Pulaski,Y,N,POINT (-83.482845 32.285705),Week 14 - Aug 23
08/23/2020,115365,THOMSON HEALTH AND REHABILITATION,511 MT. PLEASANT ROAD,THOMSON,GA,30824,Y,Y,0,5,0,22,0,0,0,11,0,1,150,94,,,,,Y,N,N,N,N,N,N,3-7 DAYS,Y,N,N,N,Y,N,Y,N,N,N,N,N,N,3-7 DAYS,Y,N,N,N,Y,N,N,,,,1,1,0,0,0,0,Y,N,Y,N,Y,Y,Y,Y,Y,Y,Y,Y,Y,Y,Y,Y,N,,,,,0,0,234.0,10.6,4.5,McDuffie,N,N,POINT (-82.5136 33.456279),Week 14 - Aug 23
08/23/2020,115104,NHC HEALTHCARE ROSSVILLE,1425 MCFARLAND AVE,ROSSVILLE,GA,30741,Y,Y,0,0,0,60,0,8,1,34,0,10,110,82,,,,,Y,N,N,N,N,N,N,1-2 DAYS,N,N,N,N,N,N,Y,N,N,N,N,N,N,1-2 DAYS,N,N,N,N,N,N,N,,,,0,35,0,5,0,0,Y,N,Y,Y,Y,N,Y,N,Y,N,Y,N,Y,Y,Y,Y,N,,,,,0,0,731.7,122.0,16.7,Walker,N,N,POINT (-85.296096 34.966881),Week 14 - Aug 23
08/23/2020,115552,"LODGE, THE",200 SOUTH KIMBERLY ROAD,WARNER ROBINS,GA,31088,Y,Y,0,0,0,20,0,10,0,9,0,4,106,55,,,,,Y,N,N,N,N,N,N,3-7 DAYS,Y,N,N,N,Y,N,Y,N,N,N,N,N,N,3-7 DAYS,N,N,N,N,N,N,N,,,,0,40,0,23,0,0,N,N,Y,Y,Y,N,Y,N,Y,Y,Y,N,Y,Y,Y,Y,N,,,,,0,0,363.6,72.7,20.0,Houston,N,N,POINT (-83.637079 32.590023),Week 14 - Aug 23
08/23/2020,115675,"RETREAT, THE",898 COLLEGE ST,MONTICELLO,GA,31064,Y,Y,0,0,0,0,0,0,0,9,0,0,55,50,,,,,Y,N,N,N,N,N,N,N/A,N,N,N,N,N,N,Y,N,N,N,N,N,N,<1 DAY,N,N,N,N,N,N,,,,,0,0,0,0,0,0,Y,N,Y,N,Y,Y,Y,Y,Y,Y,Y,Y,Y,Y,Y,Y,N,,,,,0,0,0.0,0.0,,Jasper,N,N,POINT (-83.68687700000001 33.313982),Week 14 - Aug 23
08/23/2020,115611,VISTA PARK HEALTH AND REHABILITATION,1310 WEST  GORDON STREET,DOUGLAS,GA,31533,Y,Y,0,11,0,15,0,5,0,7,0,2,168,118,,,,,Y,N,N,N,N,N,N,3-7 DAYS,Y,N,N,N,Y,N,Y,N,N,N,N,N,N,3-7 DAYS,Y,Y,N,N,N,N,,,,,0,25,0,3,0,0,N,N,N,N,Y,Y,Y,Y,Y,Y,Y,Y,Y,Y,Y,Y,N,,,,,0,0,127.1,16.9,13.3,Coffee,N,N,POINT (-82.867771 31.514513),Week 14 - Aug 23
08/23/2020,115687,WILLOWBROOKE COURT AT LANIER VILLAGE ESTATES,4145 MISTY MORNING WAY,GAINESVILLE,GA,30506,Y,Y,0,0,1,8,0,2,0,11,0,0,64,49,,,,,Y,N,N,N,N,N,N,3-7 DAYS,Y,Y,N,N,N,N,Y,N,N,N,N,N,N,1-2 DAYS,Y,Y,N,N,Y,N,N,,,,1,9,0,0,0,0,N,N,N,N,Y,Y,Y,Y,Y,Y,Y,Y,Y,Y,Y,Y,,,,,,20.4,0,163.3,0.0,0.0,Hall,N,N,POINT (-83.871181 34.38025400000001),Week 14 - Aug 23
08/23/2020,115480,GLENN-MOR NURSING HOME,10629  U.S. HIGHWAY 19 SOUTH,THOMASVILLE,GA,31792,Y,Y,2,8,0,39,0,16,0,12,0,3,64,34,,,,,Y,N,N,N,N,N,N,1-2 DAYS,N,N,N,N,N,N,Y,N,N,N,N,N,N,1-2 DAYS,Y,Y,N,N,N,N,Y,0,0,N,0,19,1,36,0,0,N,N,N,N,Y,Y,Y,Y,Y,Y,Y,Y,Y,Y,Y,Y,N,,,,,0,0,1147.1,88.2,7.7,Thomas,N,N,POINT (-83.935842 30.800518),Week 14 - Aug 23
08/23/2020,115262,APPLING NURSING AND REHABILITATION PAVILION,163 EAST TOLLISON STREET,BAXLEY,GA,31513,Y,Y,0,9,0,60,4,41,0,13,0,12,101,84,,,,,N,N,Y,N,N,N,N,3-7 DAYS,Y,Y,N,N,N,N,N,N,Y,N,N,N,N,3-7 DAYS,Y,Y,Y,N,Y,N,N,,,,1,51,4,37,0,0,Y,N,Y,N,Y,Y,Y,Y,Y,Y,Y,Y,Y,Y,Y,Y,N,,,,,0,0,714.3,142.9,20.0,Appling,N,N,POINT (-82.349351 31.768768000000005),Week 14 - Aug 23
08/23/2020,115294,STEVENS PARK HEALTH AND REHABILITATION,820 STEVENS CREEK ROAD,AUGUSTA,GA,30907,Y,Y,0,2,0,2,0,0,0,1,0,0,42,28,,,,,Y,N,N,N,N,N,N,3-7 DAYS,Y,N,N,N,N,Y,Y,N,N,N,N,N,N,>7 DAYS,N,N,N,N,N,N,N,,,,0,5,0,4,0,0,N,N,N,N,Y,Y,Y,Y,Y,Y,Y,Y,Y,Y,Y,Y,N,,,,,0,0,71.4,0.0,0.0,Richmond,N,N,POINT (-82.050275 33.523899),Week 14 - Aug 23
08/23/2020,115375,RIVERSIDE HEALTH CARE CENTER,5100 WEST ST NW,COVINGTON,GA,30014,Y,N,,,,,,,,,,,,,,,,,,,,,,,,,,,,,,,,,,,,,,,,,,,,,,,,,,,,,,,,,,,,,,,,,,,,,,,,,,,,,,,,,Newton,,,POINT (-83.867466 33.605723),Week 14 - Aug 23
08/23/2020,115467,UNIVERSITY NURSING & REHAB CTR,180 EPPS BRIDGE RD,ATHENS,GA,30606,Y,Y,1,27,2,47,0,42,1,13,1,6,122,87,,,,,Y,N,N,N,N,N,N,3-7 DAYS,Y,N,N,N,Y,N,Y,N,N,N,N,N,N,3-7 DAYS,N,N,N,N,N,N,,,,,1,34,0,31,0,0,N,N,N,N,Y,Y,Y,Y,Y,Y,Y,Y,Y,Y,Y,Y,N,,,,,23,11.5,540.2,69.0,12.8,Clarke,N,N,POINT (-83.428753 33.943528),Week 14 - Aug 23
08/23/2020,115556,"BRIGHTMOOR HEALTH CARE, INC",3235 NEWNAN ROAD,GRIFFIN,GA,30223,Y,Y,0,7,0,9,0,9,1,37,0,20,133,93,,,,,N,N,Y,N,N,N,N,>7 DAYS,N,N,N,N,N,N,N,N,Y,N,N,N,N,>7 DAYS,N,N,N,N,N,N,,,,,0,2,0,3,0,0,N,N,N,N,Y,Y,Y,Y,Y,Y,Y,Y,Y,Y,Y,Y,N,,,,,0,0,96.8,215.1,222.2,Spalding,N,N,POINT (-84.348751 33.240951),Week 14 - Aug 23
08/23/2020,115656,EASTVIEW NURSING CENTER,3020 JEFFERSONVILLE ROAD,MACON,GA,31217,Y,Y,0,0,0,1,0,2,0,42,0,0,88,52,,,,,Y,N,N,N,N,N,N,N/A,N,N,N,N,N,N,Y,N,N,N,N,N,N,3-7 DAYS,Y,Y,N,N,N,N,Y,0,0,Y,0,12,1,10,0,0,N,N,Y,N,Y,Y,Y,Y,Y,Y,Y,Y,Y,Y,Y,Y,N,,,,,0,0,19.2,0.0,0.0,Bibb,N,N,POINT (-83.57119700000001 32.842026),Week 14 - Aug 23
08/23/2020,115394,PRUITTHEALTH - PEAKE,6190 PEAKE ROAD,MACON,GA,31220,Y,Y,0,4,0,13,0,0,0,4,0,1,122,94,,,,,Y,N,N,N,N,N,N,3-7 DAYS,N,N,N,N,N,N,Y,N,N,N,N,N,N,3-7 DAYS,N,N,N,N,N,N,N,,,,0,18,0,1,0,0,N,N,N,N,Y,Y,Y,Y,Y,Y,Y,Y,Y,Y,Y,Y,N,,,,,0,0,138.3,10.6,7.7,Bibb,N,N,POINT (-83.758106 32.867495),Week 14 - Aug 23
08/23/2020,115539,ARROWHEAD HEALTH AND REHAB,239 ARROWHEAD BOULEVARD,JONESBORO,GA,30236,Y,Y,0,0,0,24,0,18,0,9,0,6,110,90,,,,,Y,N,N,N,N,N,N,3-7 DAYS,Y,N,N,N,Y,N,Y,N,N,N,N,N,N,3-7 DAYS,Y,N,N,N,Y,N,N,,,,0,8,1,20,0,1,N,N,N,N,Y,Y,Y,Y,Y,Y,Y,Y,Y,Y,Y,Y,N,,,,,0,0,266.7,66.7,25.0,Clayton,N,N,POINT (-84.38240300000001 33.577392),Week 14 - Aug 23
08/23/2020,115443,PINE KNOLL NURSING & REHAB CTR,156 PINE KNOLL DRIVE,CARROLLTON,GA,30117,Y,Y,0,5,0,0,0,2,2,11,0,0,116,102,,,,,Y,N,N,N,N,N,N,3-7 DAYS,Y,N,N,N,Y,N,Y,N,N,N,N,N,N,3-7 DAYS,N,N,N,N,N,N,,,,,0,4,0,7,0,0,Y,N,N,N,Y,Y,Y,Y,Y,Y,Y,Y,Y,N,Y,Y,N,,,,,0,0,0.0,0.0,,Carroll,N,N,POINT (-85.061121 33.587722),Week 14 - Aug 23
08/23/2020,115659,LIFE CARE CTR OF LAWRENCEVILLE,210 COLLINS INDUSTRIAL WAY,LAWRENCEVILLE,GA,30045,Y,Y,0,0,0,27,0,13,0,11,0,9,125,67,,,,,Y,N,N,N,N,N,N,N/A,Y,N,N,N,Y,N,Y,N,N,N,N,N,N,1-2 DAYS,Y,N,N,N,Y,N,Y,0,0,Y,0,21,0,5,0,0,N,N,N,N,Y,Y,Y,Y,Y,Y,Y,Y,Y,Y,Y,Y,N,,,,,0,0,403.0,134.3,33.3,Gwinnett,N,N,POINT (-84.003893 33.977448),Week 14 - Aug 23
08/23/2020,115597,HERITAGE INN HEALTH AND REHABILITATION,307 JONES MILL ROAD,STATESBORO,GA,30458,Y,Y,0,7,0,19,0,11,1,8,0,4,89,58,,,,,Y,N,N,N,N,N,N,3-7 DAYS,N,N,N,N,N,N,Y,N,N,N,N,N,N,3-7 DAYS,Y,N,N,N,Y,N,Y,0,0,Y,0,9,0,14,0,0,N,N,Y,N,Y,Y,Y,Y,Y,Y,Y,Y,Y,Y,Y,Y,N,,,,,0,0,327.6,69.0,21.1,Bulloch,N,N,POINT (-81.759523 32.443897),Week 14 - Aug 23
08/23/2020,115624,THUNDERBOLT TRANSITIONAL CARE AND REHABILITATION,3223 FALLIGANT AVENUE,THUNDERBOLT,GA,31404,Y,Y,4,9,5,19,2,8,2,4,2,4,134,113,,,,,N,N,Y,Y,N,N,N,3-7 DAYS,N,N,N,N,N,N,N,N,Y,Y,N,N,N,3-7 DAYS,N,N,N,N,N,N,,,,,4,29,1,12,0,0,N,N,N,N,Y,Y,Y,Y,Y,Y,Y,Y,Y,Y,Y,Y,N,,,,,44.2,17.7,168.1,35.4,21.1,Chatham,Y,N,POINT (-81.05275 32.025065000000005),Week 14 - Aug 23
08/23/2020,115658,PRUITTHEALTH - GREENVILLE,99 HILLHAVEN RD.,GREENVILLE,GA,30222,Y,Y,0,18,0,0,0,0,0,44,0,0,113,84,,,,,Y,N,N,N,N,N,N,3-7 DAYS,N,N,N,N,N,N,Y,N,N,N,N,N,N,3-7 DAYS,N,N,N,N,N,N,N,,,,0,6,0,4,0,0,N,N,N,N,Y,Y,Y,Y,Y,Y,Y,Y,Y,Y,Y,Y,N,,,,,0,0,0.0,0.0,,Meriwether,N,N,POINT (-84.734262 33.02943),Week 14 - Aug 23
08/23/2020,115614,LEE COUNTY HEALTH AND REHABILITATION,214 MAIN STREET,LEESBURG,GA,31763,Y,Y,0,1,0,2,0,0,0,3,0,0,60,49,,,,,Y,N,N,N,N,N,N,3-7 DAYS,Y,Y,N,N,Y,N,Y,N,N,N,N,N,N,>7 DAYS,Y,N,N,N,Y,N,N,,,,0,3,0,0,0,0,N,N,N,N,Y,Y,Y,Y,Y,Y,Y,Y,Y,Y,Y,Y,N,,,,,0,0,40.8,0.0,0.0,Lee,N,N,POINT (-84.164162 31.731460000000002),Week 14 - Aug 23
08/23/2020,115636,FOUNTAIN BLUE REHAB AND NURSING,3051 WHITESIDE ROAD,MACON,GA,31216,Y,Y,1,1,1,9,0,1,1,4,0,0,97,80,,,,,Y,N,N,N,N,N,N,3-7 DAYS,N,N,N,N,N,N,Y,N,N,N,N,N,N,3-7 DAYS,N,N,N,N,N,N,,,,,1,10,0,1,0,0,Y,N,Y,N,Y,Y,Y,Y,Y,Y,Y,Y,Y,Y,Y,Y,N,,,,,12.5,0,112.5,0.0,0.0,Bibb,N,N,POINT (-83.67660200000002 32.740166),Week 14 - Aug 23
08/23/2020,115691,SMITH MEDICAL NURSING CARE CTR,501 EAST MCCARTY ST,SANDERSVILLE,GA,31082,Y,Y,0,0,0,0,0,0,0,0,0,0,56,46,,,,,Y,N,N,N,N,N,N,3-7 DAYS,Y,N,N,N,Y,N,Y,N,N,N,N,N,N,3-7 DAYS,Y,N,N,N,Y,N,N,,,,1,1,0,0,0,0,Y,N,Y,N,Y,Y,Y,Y,Y,Y,Y,Y,Y,Y,Y,Y,N,,,,,0,0,0.0,0.0,,Washington,N,N,POINT (-82.802057 32.98836),Week 14 - Aug 23
08/23/2020,115368,CARROLLTON NURSING & REHAB CTR,2327 NORTH HIGHWAY 27,CARROLLTON,GA,30117,Y,Y,0,2,0,4,0,0,0,4,0,5,159,112,,,,,Y,N,N,N,N,N,N,3-7 DAYS,Y,N,N,N,Y,N,Y,N,N,N,N,N,N,3-7 DAYS,Y,N,N,N,Y,N,N,,,,0,15,0,6,0,0,N,N,N,N,Y,Y,Y,Y,Y,Y,Y,Y,Y,Y,Y,Y,N,,,,,0,0,35.7,44.6,125.0,Carroll,N,N,POINT (-85.10374900000001 33.625174),Week 14 - Aug 23
08/23/2020,115406,WRIGHTSVILLE MANOR HEALTH AND REHAB,337 WEST COURT STREET,WRIGHTSVILLE,GA,31096,Y,Y,1,15,1,41,0,4,0,16,0,9,90,71,,,,,Y,N,N,N,N,N,N,3-7 DAYS,Y,N,Y,N,N,N,Y,N,N,N,N,N,N,3-7 DAYS,Y,N,N,N,Y,Y,N,,,,0,29,0,28,0,0,Y,N,N,N,Y,Y,Y,Y,Y,Y,Y,Y,Y,Y,Y,Y,N,,,,,14.1,0,577.5,126.8,22.0,Johnson,N,N,POINT (-82.729725 32.729644),Week 14 - Aug 23
08/23/2020,115341,RIDGEWOOD MANOR HEALTH AND REHABILITATION,1110 BURLEYSON DRIVE,DALTON,GA,30720,Y,Y,0,21,1,47,1,77,2,10,0,7,102,74,,,,,Y,N,N,N,N,N,N,3-7 DAYS,Y,N,N,Y,N,N,Y,N,N,N,N,N,N,3-7 DAYS,Y,N,N,Y,N,N,,,,,1,25,2,42,0,0,N,N,N,N,Y,Y,Y,Y,Y,Y,Y,Y,Y,Y,Y,Y,N,,,,,13.5,0,635.1,94.6,14.9,Whitfield,N,N,POINT (-84.987477 34.783567),Week 14 - Aug 23
08/23/2020,115580,AUTUMN BREEZE HEALTH AND REHAB,1480 SANDTOWN ROAD SW,MARIETTA,GA,30008,Y,Y,1,29,0,63,0,93,0,15,0,4,109,78,,,,,Y,N,N,N,N,N,N,1-2 DAYS,N,N,N,N,N,N,Y,N,N,N,N,N,N,1-2 DAYS,N,N,N,N,N,N,N,,,,0,14,0,33,0,0,N,N,N,N,Y,Y,Y,Y,Y,Y,Y,Y,Y,Y,Y,Y,,,,,,0,0,807.7,51.3,6.3,Cobb,N,N,POINT (-84.554491 33.917012),Week 14 - Aug 23
08/23/2020,115585,LEGACY TRANSITIONAL CARE & REHABILITATION,460 AUBURN AVENUE N.E.,ATLANTA,GA,30312,Y,Y,0,114,0,1,0,16,0,14,0,12,186,149,,,,,Y,N,N,N,N,N,N,1-2 DAYS,Y,N,N,N,Y,N,Y,N,N,N,N,N,N,1-2 DAYS,Y,N,N,N,Y,N,,,,,0,20,0,4,0,2,N,N,N,N,Y,Y,Y,Y,Y,Y,Y,Y,Y,Y,Y,Y,N,,,,,0,0,6.7,80.5,1200.0,Fulton,N,N,POINT (-84.372572 33.755469),Week 14 - Aug 23
08/23/2020,115543,MAPLE RIDGE HEALTH CARE CENTER,22 MAPLE RIDGE DRIVE S.E.,CARTERSVILLE,GA,30120,Y,Y,0,1,0,0,0,0,0,0,0,0,74,62,,,,,Y,N,N,N,N,N,N,3-7 DAYS,N,N,N,N,N,N,Y,N,N,N,N,N,N,>7 DAYS,N,N,N,N,N,N,N,,,,0,0,0,0,0,0,N,N,N,N,Y,Y,Y,Y,Y,Y,Y,Y,Y,Y,Y,Y,N,,,,,0,0,0.0,0.0,,Bartow,N,N,POINT (-84.78682 34.198041),Week 14 - Aug 23
08/23/2020,115604,BROWN'S HEALTH & REHAB CENTER,226 SOUTH COLLEGE STREET,STATESBORO,GA,30458,Y,Y,0,3,2,15,0,0,0,1,0,0,63,58,,,,,Y,N,N,N,N,N,N,3-7 DAYS,N,N,N,N,N,N,Y,N,N,N,N,N,N,3-7 DAYS,N,N,N,N,N,N,N,,,,0,12,0,1,0,0,Y,N,N,Y,Y,Y,Y,Y,Y,Y,Y,Y,Y,Y,Y,Y,N,,,,,34.5,0,258.6,0.0,0.0,Bulloch,N,N,POINT (-81.786245 32.442759),Week 14 - Aug 23
08/23/2020,115513,TWIN OAKS CONVALESCENT CENTER,301 S0UTH BAKER STREET,ALMA,GA,31510,Y,Y,0,0,0,21,0,52,0,26,0,3,88,62,,,,,Y,N,N,N,N,N,N,3-7 DAYS,Y,N,N,N,Y,N,Y,N,N,N,N,N,N,3-7 DAYS,Y,N,N,N,Y,N,N,,,,2,32,11,121,0,0,N,N,N,N,Y,Y,Y,Y,Y,Y,Y,Y,Y,Y,Y,Y,N,,,,,0,0,338.7,48.4,14.3,Bacon,N,N,POINT (-82.456548 31.539004),Week 14 - Aug 23
08/23/2020,115313,PRUITTHEALTH - BROOKHAVEN,3535 ASHTON WOODS DRIVE NE,ATLANTA,GA,30319,Y,Y,0,26,1,3,0,0,0,1,0,0,157,131,,,,,Y,N,N,N,N,N,N,3-7 DAYS,Y,N,N,N,Y,N,Y,N,N,N,N,N,N,3-7 DAYS,Y,N,N,N,Y,N,N,,,,0,4,0,0,0,0,N,N,N,N,Y,Y,Y,Y,Y,Y,Y,Y,Y,Y,Y,Y,N,,,,,7.6,0,22.9,0.0,0.0,DeKalb,N,N,POINT (-84.319214 33.893836),Week 14 - Aug 23
08/23/2020,115362,MACON REHABILITATION AND HEALTHCARE,505 COLISEUM DRIVE,MACON,GA,31217,Y,Y,2,7,0,57,0,39,4,37,4,25,100,52,,,,,Y,N,N,N,N,N,N,3-7 DAYS,Y,N,N,N,Y,N,Y,N,N,N,N,N,N,3-7 DAYS,Y,N,N,N,Y,N,,,,,6,62,0,23,1,1,Y,N,Y,Y,Y,Y,Y,Y,Y,Y,Y,Y,Y,Y,Y,Y,N,,,,,0,76.9,1096.2,480.8,43.9,Bibb,N,N,POINT (-83.616737 32.847005),Week 14 - Aug 23
08/23/2020,115521,"A.G. RHODES HOME, INC - COBB",900 WYLIE ROAD,MARIETTA,GA,30067,Y,Y,0,7,0,13,0,5,1,16,0,6,125,97,,,,,N,N,Y,N,N,N,N,3-7 DAYS,Y,N,N,N,N,Y,N,N,Y,N,N,N,N,1-2 DAYS,Y,N,N,N,N,Y,N,,,,0,8,0,0,0,0,N,N,N,N,Y,Y,Y,Y,Y,Y,Y,Y,Y,Y,Y,Y,N,,,,,0,0,134.0,61.9,46.2,Cobb,N,N,,Week 14 - Aug 23
08/23/2020,115298,FAIRBURN HEALTH CARE CENTER,178 WEST CAMPBELLTON STREET,FAIRBURN,GA,30213,Y,Y,0,0,0,13,0,2,0,14,0,1,108,87,,,,,Y,N,N,N,N,N,N,<1 DAY,Y,N,N,N,N,Y,Y,N,N,N,N,N,N,<1 DAY,N,N,N,N,N,N,Y,2,0,Y,1,19,0,0,0,0,Y,N,N,N,Y,Y,Y,Y,Y,Y,Y,Y,Y,Y,Y,Y,N,,,,,0,0,149.4,11.5,7.7,Fulton,N,N,POINT (-84.584444 33.571177),Week 14 - Aug 23
08/23/2020,115558,DADE HEALTH AND REHAB,1234 HIGHWAY 301 SOUTH,TRENTON,GA,30752,Y,Y,0,0,0,0,0,2,0,1,0,0,71,47,,,,,Y,N,N,N,N,N,N,3-7 DAYS,Y,N,N,N,Y,N,Y,N,N,N,N,N,N,3-7 DAYS,Y,Y,N,N,N,N,,,,,1,1,1,9,0,0,N,N,N,N,Y,Y,Y,Y,Y,Y,Y,Y,Y,Y,Y,Y,N,,,,,0,0,0.0,0.0,,Dade,N,N,POINT (-85.563238 34.838027),Week 14 - Aug 23
08/23/2020,115565,ROSEMONT AT STONE MOUNTAIN,5160 SPRING VIEW AVENUE,STONE MOUNTAIN,GA,30083,Y,Y,1,11,0,6,1,1,0,0,0,0,149,143,,,,,N,Y,Y,N,N,N,Y,>7 DAYS,Y,Y,N,N,Y,N,N,Y,Y,N,N,N,N,>7 DAYS,N,N,N,N,N,N,N,,,,0,6,0,1,0,0,Y,Y,Y,Y,Y,N,Y,Y,Y,N,Y,Y,Y,Y,Y,Y,N,,,,,0,0,42.0,0.0,0.0,DeKalb,N,N,POINT (-84.176576 33.816795),Week 14 - Aug 23
08/23/2020,115120,SIGNATURE HEALTHCARE OF SAVANNAH,815 EAST 63 STREET,SAVANNAH,GA,31405,Y,Y,1,20,0,33,0,8,0,11,0,6,120,107,,,,,Y,N,N,N,N,N,N,1-2 DAYS,Y,N,N,N,Y,N,Y,N,N,N,N,N,N,1-2 DAYS,Y,N,N,N,Y,N,Y,2,6,Y,0,1,0,0,0,0,N,N,N,N,Y,Y,Y,Y,Y,Y,Y,Y,Y,Y,Y,Y,N,,,,,0,0,308.4,56.1,18.2,Chatham,N,N,POINT (-81.094115 32.032406),Week 14 - Aug 23
08/23/2020,115566,RIVER TOWNE CENTER,5131 WARM SPRINGS RD,COLUMBUS,GA,31909,Y,Y,5,15,0,40,0,3,0,0,0,0,215,141,,,,,Y,N,N,N,N,N,N,>7 DAYS,Y,Y,N,N,N,N,Y,N,N,N,N,N,N,,,N,N,N,N,N,,,,,0,71,0,7,0,0,Y,N,Y,N,Y,Y,Y,Y,Y,Y,Y,Y,Y,Y,Y,Y,Y,20,14,Y,Y,0,0,283.7,0.0,0.0,Muscogee,N,N,POINT (-84.905963 32.535334),Week 14 - Aug 23
08/23/2020,115568,CRISP REGIONAL NSG & REHAB CTR,902 BLACKSHEAR ROAD,CORDELE,GA,31015,Y,Y,0,3,0,0,0,1,1,3,0,0,106,68,,,,,Y,N,N,N,N,N,N,3-7 DAYS,N,N,N,N,N,N,Y,N,N,N,N,N,N,3-7 DAYS,N,N,N,N,N,N,N,,,,0,2,0,3,0,0,Y,N,Y,Y,Y,Y,Y,Y,Y,Y,Y,Y,Y,Y,Y,Y,N,,,,,0,0,0.0,0.0,,Crisp,N,N,POINT (-83.770474 31.979106000000005),Week 14 - Aug 23
08/23/2020,115491,PRUITTHEALTH - ASHBURN,441 INDUSTRIAL BLVD,ASHBURN,GA,31714,Y,Y,0,40,0,1,0,7,1,21,0,12,76,60,,,,,Y,N,N,N,N,N,N,3-7 DAYS,Y,N,N,N,Y,N,Y,N,N,N,N,N,N,3-7 DAYS,Y,N,N,N,Y,N,N,,,,0,23,0,0,0,0,N,N,N,N,Y,Y,Y,Y,Y,Y,Y,Y,Y,Y,Y,Y,N,,,,,0,0,16.7,200.0,1200.0,Turner,N,N,POINT (-83.640392 31.705364000000003),Week 14 - Aug 23
08/23/2020,115638,"CARROLLTON MANOR, INCORPORATED",2455 OAK GROVE CHURCH ROAD,CARROLLTON,GA,30117,Y,Y,0,6,0,14,0,3,0,2,0,0,100,78,,,,,Y,N,N,N,N,N,N,1-2 DAYS,Y,N,N,N,N,Y,Y,N,N,N,N,N,N,3-7 DAYS,N,N,N,N,N,N,Y,0,1,Y,0,5,0,2,0,0,N,N,N,N,Y,Y,Y,Y,Y,Y,Y,N,Y,Y,Y,Y,N,,,,,0,0,179.5,0.0,0.0,Carroll,N,N,POINT (-85.088236 33.516314),Week 14 - Aug 23
08/23/2020,115588,PRUITTHEALTH - COVINGTON,4148 CARROLL STREET,COVINGTON,GA,30015,Y,Y,0,0,0,0,0,0,0,1,0,0,71,66,,,,,Y,N,N,N,N,N,N,3-7 DAYS,Y,N,N,N,Y,N,Y,N,N,N,N,N,N,3-7 DAYS,Y,N,N,N,Y,N,N,,,,0,3,0,0,0,0,N,N,N,N,Y,Y,Y,Y,Y,Y,Y,Y,Y,Y,Y,Y,N,,,,,0,0,0.0,0.0,,Newton,N,N,POINT (-83.869909 33.595484),Week 14 - Aug 23
08/23/2020,115431,HARALSON NSG & REHAB CENTER,315 FIELD STREET,BREMEN,GA,30110,Y,Y,0,0,0,1,0,0,1,11,0,0,120,103,,,,,Y,N,N,N,N,N,N,3-7 DAYS,Y,N,N,N,Y,N,Y,N,N,N,N,N,N,3-7 DAYS,N,N,N,N,N,N,N,,,,0,1,0,0,0,0,N,N,N,N,Y,Y,Y,Y,Y,Y,Y,Y,Y,Y,Y,Y,N,,,,,0,0,9.7,0.0,0.0,Haralson,N,N,POINT (-85.141082 33.715812),Week 14 - Aug 23
08/23/2020,115600,PRUITTHEALTH - LANIER,2451 PEACHTREE INDUSTRIAL BLVD,BUFORD,GA,30518,Y,Y,0,0,0,28,0,0,0,7,0,3,117,59,,,,,Y,N,N,N,N,N,N,3-7 DAYS,Y,N,N,N,Y,N,Y,N,N,N,N,N,N,3-7 DAYS,Y,N,N,N,Y,N,N,,,,0,17,0,10,0,0,N,N,N,N,Y,Y,Y,Y,Y,Y,Y,Y,Y,Y,Y,Y,N,,,,,0,0,474.6,50.8,10.7,Gwinnett,N,N,POINT (-84.001034 34.135171),Week 14 - Aug 23
08/23/2020,115363,ROME HEALTH AND REHABILITATION CENTER,1345 REDMOND ROAD,ROME,GA,30165,Y,Y,0,0,0,25,0,8,2,26,0,5,100,74,,,,,Y,N,N,N,N,N,N,1-2 DAYS,N,N,N,N,N,N,Y,N,N,N,N,N,N,1-2 DAYS,Y,N,N,N,Y,N,N,,,,0,40,0,0,0,0,N,N,N,N,Y,Y,Y,Y,Y,Y,Y,Y,Y,Y,Y,Y,N,,,,,0,0,337.8,67.6,20.0,Floyd,N,N,,Week 14 - Aug 23
08/23/2020,115272,JOE-ANNE BURGIN NURSING HOME,321 RANDOLPH STREET,CUTHBERT,GA,39840,Y,Y,0,2,0,40,0,49,0,29,0,17,80,47,,,,,Y,N,N,N,N,N,N,3-7 DAYS,Y,N,N,N,Y,N,Y,N,N,N,N,N,N,3-7 DAYS,Y,N,N,N,Y,N,N,,,,0,34,0,8,0,0,N,N,N,N,Y,Y,Y,Y,Y,Y,Y,Y,Y,Y,Y,Y,N,,,,,0,0,851.1,361.7,42.5,Randolph,N,N,POINT (-84.794169 31.774839),Week 14 - Aug 23
08/23/2020,115504,SANDY SPRINGS HEALTH AND REHABILITATION,1500 S JOHNSON FERRY ROAD,ATLANTA,GA,30319,Y,Y,0,1,0,36,0,2,0,27,0,10,165,92,,,,,Y,N,N,N,N,N,N,1-2 DAYS,N,N,N,N,N,N,Y,N,N,N,N,N,N,1-2 DAYS,N,N,N,N,N,N,N,,,,0,22,0,0,0,0,N,N,N,N,Y,Y,Y,Y,Y,Y,Y,Y,Y,Y,Y,Y,N,,,,,0,0,391.3,108.7,27.8,DeKalb,N,N,POINT (-84.348318 33.902876),Week 14 - Aug 23
08/23/2020,115606,CANTON NURSING CENTER,321 HOSPITAL ROAD,CANTON,GA,30114,Y,N,0,1,0,0,0,1,0,0,0,0,100,71,,,,,Y,N,N,N,N,N,N,N/A,N,N,N,N,N,N,Y,N,N,N,N,N,N,3-7 DAYS,N,N,N,N,N,N,N,,,,0,0,0,0,0,0,N,N,N,N,Y,Y,Y,Y,Y,Y,Y,Y,Y,Y,Y,Y,N,,,,,0,0,0.0,0.0,,Cherokee,N,N,POINT (-84.491768 34.248023),Week 14 - Aug 23
08/23/2020,115477,CHAPLINWOOD NURSING HOME,325 ALLEN MEMORIAL DRIVE SW,MILLEDGEVILLE,GA,31061,Y,N,0,3,7,39,2,24,2,21,0,9,96,78,,,,,Y,N,N,N,N,N,N,3-7 DAYS,Y,N,N,Y,N,N,Y,N,N,N,N,N,N,3-7 DAYS,N,N,N,N,N,N,N,,,,1,22,3,15,0,2,N,N,N,N,Y,Y,Y,Y,Y,Y,Y,Y,Y,Y,N,Y,N,,,,,89.7,0,500.0,115.4,23.1,Baldwin,Y,N,POINT (-83.2435 33.0553),Week 14 - Aug 23
08/23/2020,115626,HAZELHURST COURT CARE AND REHABILITATION CENTER,180 BURKETT FERRY ROAD,HAZLEHURST,GA,31539,Y,Y,0,1,14,16,6,9,0,1,0,1,73,53,,,,,Y,N,N,N,N,N,N,>7 DAYS,Y,N,N,N,Y,N,Y,N,N,N,N,N,N,>7 DAYS,Y,N,N,N,Y,N,N,,,,4,6,3,7,0,0,N,N,N,N,Y,Y,Y,Y,Y,Y,Y,Y,Y,Y,Y,Y,N,,,,,264.2,0,301.9,18.9,6.3,Jeff Davis,Y,N,POINT (-82.618645 31.873007000000005),Week 14 - Aug 23
08/23/2020,115374,WOOD DALE HEALTH AND REHABILITATION,1102 BURLEYSON  ROAD,DALTON,GA,30720,Y,Y,0,0,0,0,0,0,0,0,0,0,82,74,,,,,Y,N,N,N,N,N,N,<1 DAY,N,N,N,N,N,N,Y,N,N,N,N,N,N,1-2 DAYS,Y,Y,N,N,N,N,,,,,0,25,0,4,0,0,N,N,N,N,Y,Y,Y,Y,Y,Y,Y,Y,Y,Y,Y,Y,N,,,,,0,0,0.0,0.0,,Whitfield,N,N,POINT (-84.987358 34.791072),Week 14 - Aug 23
08/23/2020,115705,"OAKS - BETHANY SKILLED NURSING, THE",1305 EAST NORTH STREET,VIDALIA,GA,30475,Y,Y,0,0,23,86,0,4,0,25,0,0,168,118,,,,,Y,N,N,N,N,N,N,3-7 DAYS,Y,N,N,N,Y,N,Y,N,N,N,N,N,N,3-7 DAYS,Y,N,N,N,Y,N,N,,,,8,34,0,0,0,0,N,N,N,N,Y,Y,Y,Y,Y,Y,Y,Y,Y,Y,Y,Y,N,,,,,194.9,0,728.8,0.0,0.0,Toombs,Y,N,POINT (-82.392068 32.215814),Week 14 - Aug 23
08/23/2020,115683,PARKSIDE CENTER FOR NURSING AND REHAB AT ELLIJAY,1362 SOUTH MAIN STREET,ELLIJAY,GA,30540,Y,Y,0,0,0,1,0,0,0,21,0,0,100,98,,,,,Y,N,N,N,N,N,N,1-2 DAYS,Y,N,N,N,Y,N,Y,N,N,N,N,N,N,1-2 DAYS,Y,N,N,N,Y,N,,,,,0,3,0,12,0,0,N,N,N,N,Y,Y,Y,Y,Y,Y,Y,Y,Y,Y,Y,Y,N,,,,,0,0,10.2,0.0,0.0,Gilmer,N,N,POINT (-84.493327 34.677556),Week 14 - Aug 23
08/23/2020,115124,MAGNOLIA MANOR OF COLUMBUS NURSING CENTER - EAST,2010 WARM SPRINGS RD,COLUMBUS,GA,31904,Y,Y,0,7,0,45,0,21,0,8,0,7,210,100,,,,,Y,N,N,N,N,N,N,3-7 DAYS,N,N,N,N,N,N,Y,N,N,N,N,N,N,3-7 DAYS,N,N,N,N,N,N,N,,,,0,25,0,3,0,0,N,N,N,N,Y,Y,Y,Y,Y,Y,Y,Y,Y,Y,Y,Y,N,,,,,0,0,450.0,70.0,15.6,Muscogee,N,N,POINT (-84.962501 32.497038),Week 14 - Aug 23
08/23/2020,115273,DOUGLASVILLE NURSING AND REHABILITATION CENTER,4028 HWY 5,DOUGLASVILLE,GA,30135,Y,Y,4,17,0,34,0,5,1,22,0,5,246,201,,,,,N,N,N,N,N,Y,N,3-7 DAYS,Y,N,N,N,Y,N,N,N,N,N,N,Y,N,3-7 DAYS,N,N,N,N,N,N,,,,,0,6,2,4,0,0,N,N,N,N,Y,N,Y,Y,Y,Y,Y,Y,Y,Y,Y,Y,Y,14,0,Y,Y,0,0,169.2,24.9,14.7,Douglas,N,N,POINT (-84.79696 33.69249),Week 14 - Aug 23
08/23/2020,115622,EASTMAN HEALTHCARE & REHAB,556 CHESTER HIGHWAY,EASTMAN,GA,31023,Y,Y,0,0,0,1,0,1,0,5,0,0,100,93,,,,,Y,N,N,N,N,N,N,1-2 DAYS,Y,N,N,N,N,Y,Y,N,N,N,N,N,N,1-2 DAYS,Y,N,N,N,N,Y,N,,,,1,2,0,28,0,0,N,N,N,N,Y,Y,Y,Y,Y,Y,Y,Y,Y,Y,Y,Y,N,,,,,0,0,10.8,0.0,0.0,Dodge,N,N,POINT (-83.177372 32.216479),Week 14 - Aug 23
08/23/2020,115613,GIBSON HEALTH AND REHABILITATION,434 BEALL SPRINGS ROAD,GIBSON,GA,30810,Y,Y,0,0,0,2,0,10,0,1,0,0,104,71,,,,,Y,N,N,N,N,N,N,3-7 DAYS,N,N,N,N,N,N,Y,N,N,N,N,N,N,3-7 DAYS,N,N,N,N,N,N,N,,,,0,3,0,2,0,0,Y,N,Y,Y,Y,Y,Y,Y,Y,Y,Y,Y,Y,Y,Y,Y,N,,,,,0,0,28.2,0.0,0.0,Glascock,N,N,POINT (-82.59927 33.237833),Week 14 - Aug 23
08/23/2020,115694,PEBBLEBROOK HEALTH CENTER AT PARK SPRINGS,5610 NEW BERMUDA ROAD,STONE MOUNTAIN,GA,30087,Y,Y,0,1,0,4,0,0,0,9,0,0,60,32,,,,,Y,N,N,N,N,N,N,>7 DAYS,Y,N,N,N,N,Y,Y,N,N,N,N,N,N,>7 DAYS,Y,N,N,N,N,Y,,,,,0,0,0,0,0,0,N,N,N,N,Y,Y,Y,Y,Y,Y,Y,Y,Y,Y,Y,Y,N,,,,,0,0,125.0,0.0,0.0,Gwinnett,N,N,,Week 14 - Aug 23
08/23/2020,115561,MEADOWBROOK HEALTH AND REHAB,4608 LAWRENCEVILLE HIGHWAY,TUCKER,GA,30084,Y,Y,2,23,0,39,0,6,0,6,0,5,144,104,,,,,Y,N,N,N,N,N,N,3-7 DAYS,Y,N,N,N,N,Y,Y,N,N,N,N,N,N,3-7 DAYS,N,N,N,N,N,N,N,,,,0,4,0,3,0,0,Y,N,Y,Y,N,N,Y,Y,Y,Y,Y,Y,Y,Y,Y,Y,N,,,,,0,0,375.0,48.1,12.8,DeKalb,N,N,POINT (-84.199434 33.861979),Week 14 - Aug 23
08/23/2020,115508,BRIAN CENTER HEALTH & REHABILITATION/CANTON,150 HOSPITAL CIRCLE N.W.,CANTON,GA,30114,Y,Y,0,1,0,5,0,1,0,7,0,1,100,89,,,,,Y,N,N,N,N,N,N,1-2 DAYS,Y,N,N,Y,N,N,Y,N,N,N,N,N,N,1-2 DAYS,Y,N,N,Y,N,N,N,,,,1,4,0,0,0,0,N,N,N,N,Y,Y,Y,Y,Y,Y,Y,Y,Y,Y,Y,Y,N,,,,,0,0,56.2,11.2,20.0,Cherokee,N,N,POINT (-84.479757 34.23165),Week 14 - Aug 23
08/23/2020,115544,SYL-VIEW HEALTH CARE CENTER,411 PINE STREET,SYLVANIA,GA,30467,Y,Y,0,4,0,35,0,80,0,8,0,4,128,53,,,,,Y,N,N,N,N,N,N,3-7 DAYS,N,N,N,N,N,N,N,N,N,N,N,Y,N,3-7 DAYS,N,N,N,N,N,N,N,,,,0,10,0,18,0,0,Y,N,Y,Y,Y,Y,Y,Y,Y,Y,Y,Y,Y,Y,Y,Y,N,,,,,0,0,660.4,75.5,11.4,Screven,N,N,POINT (-81.650188 32.74589000000001),Week 14 - Aug 23
08/23/2020,115110,SIGNATURE HEALTHCARE OF BUCKHEAD,54 PEACHTREE PARK DRIVE N.E.,ATLANTA,GA,30309,Y,Y,3,31,0,56,0,2,0,13,0,5,179,127,,,,,N,N,N,N,N,N,Y,N/A,N,N,N,N,N,N,N,N,N,N,N,N,Y,,N,N,N,N,N,N,,,,,0,28,0,0,0,0,N,N,N,N,Y,N,Y,N,Y,N,Y,N,Y,N,Y,N,,,,,,0,0,440.9,39.4,8.9,Fulton,N,N,POINT (-84.390884 33.812329),Week 14 - Aug 23
08/23/2020,115270,DUNWOODY HEALTH AND REHABILITATION CENTER,"5470 MERIDIAN MARK ROAD, BLDG E",ATLANTA,GA,30342,Y,Y,1,3,0,117,0,0,3,57,2,26,240,120,,,,,Y,N,N,N,N,N,N,1-2 DAYS,Y,N,N,N,Y,N,Y,N,N,N,N,N,N,1-2 DAYS,Y,N,N,N,Y,N,N,,,,2,57,0,0,0,0,N,N,N,N,Y,Y,Y,Y,Y,Y,Y,Y,Y,Y,Y,Y,N,,,,,0,16.7,975.0,216.7,22.2,Fulton,N,N,POINT (-84.354739 33.906387),Week 14 - Aug 23
08/23/2020,115523,ROBERTA HEALTH AND REHAB,420 MYTLE DRIVE,ROBERTA,GA,31078,Y,Y,2,4,25,27,0,9,0,5,0,0,100,75,,,,,Y,N,N,N,N,N,N,3-7 DAYS,Y,Y,Y,Y,Y,N,Y,N,N,N,N,N,N,3-7 DAYS,N,N,N,N,N,N,N,,,,4,13,1,7,0,1,N,N,N,N,Y,N,Y,Y,Y,Y,Y,Y,Y,N,Y,N,N,,,,,333.3,0,360.0,0.0,0.0,Crawford,Y,N,POINT (-84.018867 32.711611),Week 14 - Aug 23
08/23/2020,115422,ROSWELL NURSING & REHAB CENTER,1109 GREEN STREET,ROSWELL,GA,30075,Y,Y,1,14,15,86,0,16,0,7,0,4,220,175,,,,,Y,N,N,N,N,N,N,1-2 DAYS,Y,Y,Y,Y,Y,N,Y,N,N,N,N,N,N,1-2 DAYS,Y,Y,Y,Y,Y,N,,,,,3,20,0,1,0,0,N,N,N,N,Y,Y,Y,Y,Y,Y,Y,Y,Y,Y,Y,Y,N,,,,,85.7,0,491.4,22.9,4.7,Cobb,Y,N,POINT (-84.359819 34.029322),Week 14 - Aug 23
08/23/2020,115025,GLENWOOD HEALTH AND REHABILITATION CENTER,4115 GLENWOOD RD,DECATUR,GA,30032,Y,Y,1,6,2,121,0,0,2,42,2,15,225,176,,,,,Y,N,N,N,N,N,N,1-2 DAYS,N,N,N,N,N,N,Y,N,N,N,N,N,N,1-2 DAYS,N,N,N,N,N,N,N,,,,0,55,0,0,0,0,N,N,N,N,Y,Y,Y,Y,Y,Y,Y,Y,Y,Y,Y,Y,N,,,,,11.4,11.4,687.5,85.2,12.4,DeKalb,N,N,POINT (-84.249429 33.737878),Week 14 - Aug 23
08/23/2020,115667,COBBLESTONE REHABILITATION AND HEALTHCARE CENTER,101 COBBLESTONE TRACE SE,MOULTRIE,GA,31768,Y,Y,0,0,0,0,0,19,1,15,0,0,59,49,,,,,Y,N,N,N,N,N,N,3-7 DAYS,Y,N,N,N,Y,N,Y,N,N,N,N,N,N,3-7 DAYS,Y,N,N,N,Y,N,N,,,,0,2,1,52,0,0,N,N,N,N,Y,Y,Y,Y,Y,Y,Y,Y,Y,Y,Y,Y,N,,,,,0,0,0.0,0.0,,Colquitt,N,N,POINT (-83.768144 31.127970000000005),Week 14 - Aug 23
08/23/2020,115545,JONESBORO NURSING AND REHABILITATION CENTER,2650 HIGHWAY 138 SE,JONESBORO,GA,30236,Y,Y,1,13,0,39,0,1,3,26,0,4,129,99,,,,,Y,N,N,N,N,N,N,3-7 DAYS,Y,N,N,N,Y,N,Y,N,N,N,N,N,N,3-7 DAYS,N,N,N,N,N,N,,,,,0,7,0,4,0,0,N,N,N,N,Y,Y,Y,Y,Y,Y,Y,Y,Y,Y,Y,Y,N,,,,,0,0,393.9,40.4,10.3,Clayton,N,N,POINT (-84.30511100000001 33.537243),Week 14 - Aug 23
08/23/2020,115627,"OAKS NURSING HOME, INC, THE",777 NURSING HOME ROAD,MARSHALLVILLE,GA,31057,Y,Y,0,0,0,0,0,0,0,0,0,0,60,58,,,,,Y,N,N,N,N,N,N,3-7 DAYS,Y,N,N,N,Y,N,Y,N,N,N,N,N,N,3-7 DAYS,Y,N,N,N,Y,N,N,,,,0,3,0,0,0,0,N,N,N,N,Y,Y,Y,Y,Y,Y,Y,Y,Y,Y,Y,Y,N,,,,,0,0,0.0,0.0,,Macon,N,N,POINT (-84.00049600000001 32.445314),Week 14 - Aug 23
08/23/2020,115330,DELMAR GARDENS OF SMYRNA,404 KING SPRINGS VILLAGE PKWY,SMYRNA,GA,30082,Y,Y,0,7,0,25,0,15,0,29,0,4,120,83,,,,,Y,N,N,N,N,N,N,3-7 DAYS,Y,N,N,N,Y,N,Y,N,N,N,N,N,N,3-7 DAYS,N,N,N,N,N,N,,,,,0,11,0,1,0,0,N,N,N,N,Y,Y,Y,Y,Y,Y,Y,Y,Y,Y,Y,Y,N,,,,,0,0,301.2,48.2,16.0,Cobb,N,N,POINT (-84.516695 33.855946),Week 14 - Aug 23
08/23/2020,115427,"THOMASVILLE HEALTH & REHAB, LLC",120 SKYLINE DRIVE,THOMASVILLE,GA,31757,Y,Y,0,5,0,27,0,0,0,9,0,3,52,37,,,,,Y,N,N,N,N,N,N,N/A,N,N,N,N,N,N,Y,N,N,N,N,N,N,3-7 DAYS,N,N,N,N,N,N,Y,0,0,Y,0,8,0,3,0,0,N,N,N,N,Y,Y,Y,Y,Y,Y,Y,Y,Y,Y,Y,Y,N,,,,,0,0,729.7,81.1,11.1,Thomas,N,N,POINT (-83.937149 30.853395),Week 14 - Aug 23
08/23/2020,115496,LEGACY HEALTH AND REHABILITATION,1201 SILOAM ROAD,GREENSBORO,GA,30642,Y,Y,0,9,3,18,2,13,1,6,1,3,50,37,,,,,Y,N,N,N,N,N,N,3-7 DAYS,Y,Y,N,N,N,N,Y,N,N,N,N,N,N,3-7 DAYS,Y,N,N,N,Y,N,N,,,,2,9,0,15,0,0,Y,N,Y,Y,Y,Y,Y,Y,Y,Y,Y,Y,Y,Y,Y,Y,N,,,,,81.1,27,486.5,81.1,16.7,Greene,Y,N,POINT (-83.172474 33.572877),Week 14 - Aug 23
08/23/2020,115428,OAKVIEW HEALTH AND REHABILITATION,960  HIGHLAND AVENUE,SUMMERVILLE,GA,30747,Y,Y,0,0,0,0,3,7,2,8,0,0,151,128,,,,,Y,N,N,N,N,N,N,3-7 DAYS,Y,Y,N,N,N,N,Y,N,N,N,N,N,N,3-7 DAYS,N,N,N,N,N,N,Y,0,0,Y,3,7,4,15,0,0,N,N,N,N,Y,Y,Y,Y,Y,Y,Y,Y,Y,Y,Y,Y,N,,,,,0,0,0.0,0.0,,Chattooga,N,N,POINT (-85.338856 34.491118),Week 14 - Aug 23
08/23/2020,115628,PRUITTHEALTH - PALMYRA,1904 PALMYRA ROAD,ALBANY,GA,31702,Y,Y,0,1,0,0,1,17,0,10,0,0,250,160,,,,,Y,N,N,N,N,N,N,3-7 DAYS,Y,N,N,N,Y,N,Y,N,N,N,N,N,N,3-7 DAYS,Y,N,N,N,Y,N,N,,,,0,5,0,2,0,0,N,N,N,N,Y,Y,Y,Y,Y,Y,Y,Y,Y,Y,Y,Y,N,,,,,0,0,0.0,0.0,,Dougherty,N,N,POINT (-84.169078 31.603176),Week 14 - Aug 23
08/23/2020,115520,SEARS MANOR NURSING HOME,3311 LEE STREET,BRUNSWICK,GA,31521,Y,Y,0,0,1,2,0,0,0,6,0,0,100,62,,,,,Y,N,N,N,N,N,N,3-7 DAYS,Y,N,Y,N,Y,N,Y,N,N,N,N,N,N,>7 DAYS,Y,N,Y,N,N,N,,,,,0,6,0,41,0,0,Y,N,N,N,Y,Y,Y,Y,Y,Y,Y,Y,Y,Y,Y,Y,N,,,,,16.1,0,32.3,0.0,0.0,Glynn,N,N,POINT (-81.494973 31.175864),Week 14 - Aug 23
08/23/2020,115469,"WESTBURY CONYERS, LLC",1420 MILSTEAD ROAD,CONYERS,GA,30012,Y,Y,0,1,13,28,0,0,1,7,0,0,173,137,,,,,Y,N,N,N,N,N,N,3-7 DAYS,Y,N,N,N,N,Y,Y,N,N,N,N,N,N,3-7 DAYS,Y,N,N,N,N,Y,N,,,,2,16,0,0,0,0,Y,N,N,N,N,N,Y,Y,Y,Y,Y,Y,Y,Y,Y,Y,N,,,,,94.9,0,204.4,0.0,0.0,Rockdale,Y,N,POINT (-83.999361 33.680303),Week 14 - Aug 23
08/23/2020,115319,FIFTH AVENUE HEALTH CARE,505 NORTH FIFTH  AVENUE,ROME,GA,30165,Y,Y,0,1,0,4,0,20,0,1,0,0,100,74,,,,,Y,N,N,N,N,N,N,3-7 DAYS,Y,N,N,N,N,Y,Y,N,N,N,N,N,N,3-7 DAYS,Y,N,N,Y,N,N,,,,,0,10,0,0,0,0,Y,N,Y,N,Y,Y,Y,Y,Y,Y,Y,Y,Y,Y,Y,Y,N,,,,,0,0,54.1,0.0,0.0,Floyd,N,N,POINT (-85.175869 34.260024),Week 14 - Aug 23
08/23/2020,115353,RIVERSIDE HEALTH AND REHABILITATION,101 OLD TALBOTTON  RD,THOMASTON,GA,30286,Y,Y,1,4,1,52,0,26,3,27,3,10,73,49,,,,,Y,N,N,N,N,N,N,3-7 DAYS,N,N,N,N,N,N,Y,N,N,N,N,N,N,3-7 DAYS,N,N,N,N,N,N,N,,,,0,15,0,0,0,0,N,N,N,Y,Y,Y,Y,Y,Y,Y,Y,Y,Y,Y,Y,Y,N,,,,,20.4,61.2,1061.2,204.1,19.2,Upson,N,N,POINT (-84.335567 32.876536),Week 14 - Aug 23
08/23/2020,115012,NORTH DECATUR HEALTH AND REHABILITATION CENTER,2787 NORTH DECATUR ROAD,DECATUR,GA,30033,Y,Y,0,0,0,2,0,0,1,15,0,1,73,63,,,,,Y,N,N,N,N,N,N,1-2 DAYS,Y,N,N,N,N,Y,Y,N,N,N,N,N,N,1-2 DAYS,N,N,N,N,N,N,N,,,,1,8,0,0,0,0,N,N,Y,N,Y,Y,Y,Y,Y,Y,Y,Y,Y,Y,Y,Y,N,,,,,0,0,31.7,15.9,50.0,DeKalb,N,N,POINT (-84.27880600000002 33.793409),Week 14 - Aug 23
08/23/2020,115524,THE PAVILION AT BRANDON WILDE,4275 OWENS ROAD,EVANS,GA,30809,Y,Y,0,3,0,14,0,0,0,4,0,3,65,44,,,,,Y,N,N,N,N,N,N,3-7 DAYS,N,N,N,N,N,N,Y,N,N,N,N,N,N,3-7 DAYS,Y,N,N,N,Y,N,,,,,0,8,0,0,0,0,N,N,N,N,Y,Y,Y,Y,Y,Y,Y,Y,Y,Y,Y,Y,N,,,,,0,0,318.2,68.2,21.4,Columbia,N,N,POINT (-82.123793 33.523743),Week 14 - Aug 23
08/23/2020,115279,HIGH SHOALS HEALTH AND REHABILITATION,3450 NEW HIGH SHOALS RD,BISHOP,GA,30621,Y,Y,1,2,1,48,1,4,0,14,0,8,100,66,,,,,Y,N,N,N,N,N,N,3-7 DAYS,Y,Y,Y,N,N,N,N,N,N,N,N,Y,N,3-7 DAYS,Y,Y,Y,N,N,N,N,,,,1,12,0,0,0,0,N,N,N,N,Y,Y,Y,Y,Y,Y,Y,Y,Y,Y,Y,Y,N,,,,,15.2,0,727.3,121.2,16.7,Oconee,N,N,POINT (-83.480587 33.835147),Week 14 - Aug 23
08/23/2020,115290,"PLACE AT DEANS BRIDGE, THE",3235 DEANS BRIDGE ROAD,AUGUSTA,GA,30906,Y,Y,0,0,6,7,0,0,2,4,2,3,100,74,,,,,Y,N,N,N,N,N,N,3-7 DAYS,Y,N,N,Y,N,N,Y,N,N,N,N,N,N,3-7 DAYS,Y,N,N,Y,N,N,,,,,0,1,0,2,0,0,N,N,N,N,Y,Y,Y,Y,Y,Y,Y,Y,Y,Y,Y,Y,N,,,,,81.1,27,94.6,40.5,42.9,Richmond,Y,N,POINT (-82.06487 33.421235),Week 14 - Aug 23
08/23/2020,115395,WINTHROP HEALTH AND REHABILITATION,12 CHATEAU DRIVE,ROME,GA,30161,Y,Y,0,0,5,33,0,0,4,6,2,4,100,68,,,,,Y,N,N,N,N,N,N,3-7 DAYS,Y,N,N,Y,N,N,N,N,Y,N,N,Y,N,>7 DAYS,N,N,N,N,N,N,Y,0,0,Y,1,53,0,3,0,0,Y,N,Y,Y,Y,Y,Y,Y,Y,Y,Y,Y,Y,Y,Y,Y,N,,,,,73.5,29.4,485.3,58.8,12.1,Floyd,Y,N,POINT (-85.153394 34.222028),Week 14 - Aug 23
08/23/2020,115706,WILDWOOD HEALTH AND REHAB,184 PIN HOOK ROAD,TALKING ROCK,GA,30175,Y,Y,0,1,0,12,0,24,2,5,0,0,44,39,,,,,Y,N,N,N,N,N,N,1-2 DAYS,N,N,N,N,N,N,Y,N,N,N,N,N,N,1-2 DAYS,N,N,N,N,N,N,N,,,,0,1,1,4,0,0,N,N,N,N,Y,Y,Y,Y,Y,Y,Y,Y,Y,Y,Y,Y,N,,,,,0,0,307.7,0.0,0.0,Pickens,N,N,,Week 14 - Aug 23
08/23/2020,115688,MOUNTAIN VIEW HEALTH CARE,547 WARWOMAN ROAD,CLAYTON,GA,30525,Y,Y,0,1,0,41,0,15,0,17,0,0,117,88,,,,,Y,N,N,N,N,N,N,N/A,N,N,N,N,N,N,Y,N,N,N,N,N,N,3-7 DAYS,N,N,N,N,N,N,Y,0,0,Y,0,12,1,31,0,0,Y,N,Y,Y,Y,Y,Y,Y,Y,Y,Y,Y,Y,Y,Y,Y,N,,,,,0,0,465.9,0.0,0.0,Rabun,N,N,POINT (-83.387073 34.879819),Week 14 - Aug 23
08/23/2020,115468,PRUITTHEALTH - BLUE RIDGE,99 OUIDA STREET,BLUE RIDGE,GA,30513,Y,Y,0,2,0,8,0,0,0,0,0,0,101,78,,,,,Y,N,N,N,N,N,N,3-7 DAYS,Y,N,N,N,Y,N,Y,N,N,N,N,N,N,3-7 DAYS,Y,N,N,N,Y,N,N,,,,0,0,0,0,0,0,N,N,N,N,Y,Y,Y,Y,Y,Y,Y,Y,Y,Y,Y,Y,N,,,,,0,0,102.6,0.0,0.0,Fannin,N,N,POINT (-84.322461 34.858039),Week 14 - Aug 23
08/23/2020,115593,BAYVIEW NURSING HOME,12884 CLEVELAND STREET WEST,NAHUNTA,GA,31553,Y,Y,0,5,1,29,1,8,0,4,0,1,63,46,,,,,Y,N,N,N,N,N,N,3-7 DAYS,Y,Y,N,N,N,N,Y,N,N,N,N,N,N,3-7 DAYS,N,N,N,N,N,N,N,,,,5,10,2,6,0,0,N,N,N,N,Y,Y,Y,Y,Y,Y,Y,Y,Y,Y,Y,Y,N,,,,,21.7,0,630.4,21.7,3.4,Brantley,N,N,POINT (-81.994259 31.202263),Week 14 - Aug 23
08/23/2020,115615,"BAPTIST VILLAGE, INC.",2650 CARSWELL AVE,WAYCROSS,GA,31502,Y,Y,0,8,0,43,3,198,2,50,0,8,254,176,,,,,Y,N,N,N,N,N,N,1-2 DAYS,Y,Y,N,N,Y,N,Y,N,N,N,N,N,N,3-7 DAYS,Y,Y,N,N,Y,N,Y,1,0,Y,1,48,9,267,0,0,Y,N,Y,Y,Y,N,Y,N,Y,N,Y,N,Y,Y,Y,Y,N,,,,,0,0,244.3,45.5,18.6,Ware,N,N,POINT (-82.414236 31.213024000000004),Week 14 - Aug 23
08/23/2020,115616,PRUITTHEALTH - FRANKLIN,360 SOUTH RIVER ROAD,FRANKLIN,GA,30217,Y,Y,0,0,0,6,0,0,0,5,0,0,78,68,,,,,Y,N,N,N,N,N,N,3-7 DAYS,Y,N,N,N,Y,N,Y,N,N,N,N,N,N,3-7 DAYS,Y,N,N,N,Y,N,N,,,,0,1,0,0,0,0,N,N,N,N,Y,Y,Y,Y,Y,Y,Y,Y,Y,Y,Y,Y,N,,,,,0,0,88.2,0.0,0.0,Heard,N,N,POINT (-85.099794 33.272729),Week 14 - Aug 23
08/23/2020,115532,SOCIAL CIRCLE NSG & REHAB CTR,671 NORTH CHEROKEE ROAD,SOCIAL CIRCLE,GA,30025,Y,Y,1,1,3,15,2,2,0,1,0,1,65,55,,,,,Y,N,N,N,N,N,N,3-7 DAYS,Y,Y,N,N,N,N,Y,N,N,N,N,N,N,3-7 DAYS,N,N,N,N,N,N,Y,0,0,N,0,12,0,1,0,0,Y,N,Y,N,Y,Y,Y,Y,Y,Y,Y,Y,Y,Y,Y,Y,N,,,,,54.5,0,272.7,18.2,6.7,Walton,Y,N,POINT (-83.712577 33.665593),Week 14 - Aug 23
08/23/2020,115324,BAINBRIDGE HEALTH AND REHAB,1155  WEST COLLEGE STREET,BAINBRIDGE,GA,39819,Y,Y,3,8,0,54,0,10,3,19,1,6,100,72,,,,,Y,N,N,N,N,N,N,3-7 DAYS,Y,N,N,N,N,Y,N,N,Y,N,N,N,N,3-7 DAYS,N,N,N,N,N,N,N,,,,0,16,0,5,0,0,Y,N,Y,N,Y,Y,Y,Y,Y,Y,Y,Y,Y,Y,Y,Y,,,,,,0,13.9,750.0,83.3,11.1,Decatur,N,N,POINT (-84.59247600000002 30.897750000000002),Week 14 - Aug 23
08/23/2020,115569,FULTON CENTER FOR REHABILITATION LLC,2850 SPRINGDALE ROAD SW,ATLANTA,GA,30315,Y,Y,0,6,0,38,0,15,0,8,0,8,109,101,,,,,Y,N,N,N,N,N,N,>7 DAYS,N,N,N,N,N,N,Y,N,N,N,N,N,N,3-7 DAYS,N,N,N,N,N,N,Y,0,0,Y,0,13,0,11,0,0,Y,N,Y,N,Y,Y,Y,Y,Y,Y,Y,Y,Y,Y,Y,Y,N,,,,,0,0,376.2,79.2,21.1,Fulton,N,N,POINT (-84.415758 33.67673),Week 14 - Aug 23
08/23/2020,115605,WAYCROSS HEALTH AND REHABILITATION,1910 DOROTHY STREET,WAYCROSS,GA,31501,Y,Y,0,0,0,0,0,1,0,0,0,0,92,57,,,,,Y,N,N,N,N,N,N,3-7 DAYS,Y,N,N,N,Y,N,Y,N,N,N,N,N,N,>7 DAYS,Y,N,N,N,Y,N,N,,,,0,7,0,1,0,0,Y,N,Y,N,Y,Y,Y,Y,Y,Y,Y,Y,Y,Y,Y,Y,N,,,,,0,0,0.0,0.0,,Ware,N,N,POINT (-82.357641 31.235147),Week 14 - Aug 23
08/23/2020,115287,CHULIO HILLS HEALTH AND REHAB,1170 CHULIO ROAD,ROME,GA,30161,Y,Y,0,0,0,18,4,56,2,13,0,1,100,62,,,,,Y,N,N,N,N,N,N,3-7 DAYS,Y,Y,N,N,Y,N,N,N,Y,N,N,N,N,3-7 DAYS,Y,Y,N,N,Y,N,N,,,,0,20,1,36,0,0,Y,N,Y,Y,Y,Y,Y,Y,Y,Y,Y,Y,Y,Y,Y,Y,Y,12,5,Y,Y,0,0,290.3,16.1,5.6,Floyd,N,N,POINT (-85.147944 34.214042),Week 14 - Aug 23
08/23/2020,115276,PRUITTHEALTH - MARIETTA,70 SAINE DRIVE SW,MARIETTA,GA,30008,Y,Y,0,11,0,127,1,25,0,4,0,3,119,95,,,,,Y,N,N,N,N,N,N,3-7 DAYS,Y,N,N,N,Y,N,Y,N,N,N,N,N,N,3-7 DAYS,Y,N,N,N,Y,N,N,,,,0,13,0,7,0,0,N,N,N,N,Y,Y,Y,Y,Y,Y,Y,Y,Y,Y,Y,Y,N,,,,,0,0,1336.8,31.6,2.4,Cobb,N,N,POINT (-84.556764 33.916387),Week 14 - Aug 23
08/23/2020,115617,PRUITTHEALTH - FITZGERALD,185 BOWEN'S MILL HIGHWAY,FITZGERALD,GA,31750,Y,Y,0,0,10,11,0,0,0,1,0,0,78,56,,,,,Y,N,N,N,N,N,N,3-7 DAYS,Y,N,N,N,Y,N,Y,N,N,N,N,N,N,3-7 DAYS,Y,N,N,N,Y,N,N,,,,4,6,0,0,0,0,N,N,N,N,Y,Y,Y,Y,Y,Y,Y,Y,Y,Y,Y,Y,N,,,,,178.6,0,196.4,0.0,0.0,Ben Hill,Y,N,POINT (-83.247465 31.72859),Week 14 - Aug 23
08/23/2020,115610,CANDLER SKILLED NURSING UNIT,5353 REYNOLDS STREET,SAVANNAH,GA,31405,Y,Y,0,0,0,8,0,0,0,0,0,0,22,22,,,,,Y,N,N,N,N,N,N,1-2 DAYS,N,N,N,N,N,N,Y,N,N,N,N,N,N,1-2 DAYS,N,N,N,N,N,N,N,,,,0,3,0,11,0,0,N,N,N,N,Y,Y,Y,Y,Y,Y,Y,Y,Y,Y,Y,Y,N,,,,,0,0,363.6,0.0,0.0,Chatham,N,N,POINT (-81.101731 32.027361000000006),Week 14 - Aug 23
08/23/2020,115346,BOLINGREEN HEALTH AND REHABILITATION,529 BOLINGREEN DRIVE,MACON,GA,31210,Y,Y,0,1,0,66,0,164,2,24,1,14,121,66,,,,,Y,N,N,N,N,N,N,3-7 DAYS,Y,Y,N,N,N,N,Y,N,N,N,N,N,N,3-7 DAYS,N,N,N,N,N,N,Y,0,0,Y,0,40,0,30,0,0,Y,N,Y,N,Y,Y,Y,Y,Y,Y,Y,Y,Y,Y,Y,Y,N,,,,,0,15.2,1000.0,212.1,21.2,Monroe,N,N,POINT (-83.765283 32.939608),Week 14 - Aug 23
08/23/2020,115144,RIVERDALE CENTER FOR NURSING AND HEALING,315 UPPER RIVERDALE ROAD,RIVERDALE,GA,30274,Y,Y,0,25,0,29,0,54,0,8,0,2,152,129,,,,,Y,N,N,N,N,N,N,N/A,N,N,N,N,N,N,Y,N,N,N,N,N,N,1-2 DAYS,Y,N,N,N,N,Y,N,,,,0,7,0,3,0,0,N,N,N,N,Y,Y,Y,Y,Y,Y,Y,Y,Y,Y,Y,Y,N,,,,,0,0,224.8,15.5,6.9,Clayton,N,N,POINT (-84.379419 33.580811),Week 14 - Aug 23
08/23/2020,115401,PRUITTHEALTH - SPRING VALLEY,651 RHODES DRIVE,ELBERTON,GA,30635,Y,Y,0,0,0,0,0,4,0,4,0,0,60,48,,,,,Y,N,N,N,N,N,N,3-7 DAYS,Y,N,N,N,Y,N,Y,N,N,N,N,N,N,3-7 DAYS,Y,N,N,N,Y,N,N,,,,0,1,0,4,0,0,N,N,N,N,Y,Y,Y,Y,Y,Y,Y,Y,Y,Y,Y,Y,N,,,,,0,0,0.0,0.0,,Elbert,N,N,POINT (-82.889197 34.101357),Week 14 - Aug 23
08/23/2020,115280,CHATSWORTH HEALTH CARE CENTER,102 HOSPITAL DRIVE,CHATSWORTH,GA,30705,Y,Y,0,2,0,0,0,0,2,8,0,0,120,109,,,,,Y,N,N,N,N,N,N,N/A,N,N,N,N,N,N,Y,N,N,N,N,N,N,3-7 DAYS,N,N,N,N,N,N,N,,,,1,1,0,0,0,0,N,N,N,N,Y,Y,Y,Y,Y,Y,Y,Y,Y,Y,Y,Y,N,,,,,0,0,0.0,0.0,,Murray,N,N,POINT (-84.783822 34.779793),Week 14 - Aug 23
08/23/2020,115595,EATONTON HEALTH AND REHABILITATION,125 SPARTA HIGHWAY 16 EAST,EATONTON,GA,31024,Y,Y,0,6,0,5,0,2,0,8,0,4,88,61,,,,,Y,N,N,N,N,N,N,3-7 DAYS,Y,N,N,N,N,Y,Y,N,N,N,N,N,N,>7 DAYS,N,N,N,N,N,N,N,,,,0,2,0,1,0,0,N,N,Y,Y,Y,Y,Y,Y,Y,Y,Y,Y,Y,Y,Y,Y,N,,,,,0,0,82.0,65.6,80.0,Putnam,N,N,POINT (-83.371771 33.333945),Week 14 - Aug 23
08/23/2020,115684,SENIOR CARE CENTER - ST MARYS,805 DILWORTH STREET,SAINT MARYS,GA,31558,Y,Y,0,20,0,5,0,0,0,37,0,0,78,54,,,,,Y,N,N,N,N,N,N,3-7 DAYS,Y,N,N,Y,Y,N,Y,N,N,N,N,N,N,3-7 DAYS,Y,N,N,Y,Y,N,Y,0,0,Y,1,13,0,0,0,0,N,N,N,N,Y,Y,Y,Y,Y,Y,Y,Y,Y,Y,Y,Y,N,,,,,0,0,92.6,0.0,0.0,Camden,N,N,POINT (-81.557264 30.732066),Week 14 - Aug 23
08/23/2020,115564,PIONEER HEALTH OF CENTRAL GEORGIA,712 PATTERSON STREET,BYROMVILLE,GA,31007,N,,0,6,0,43,0,1,0,9,0,9,102,78,,,,,,,,,,,,,,,,,,,,,,,,,,,,,,,,,,,,,0,15,0,2,0,0,,,,,,,,,,,,,,,,,,,,,,0,0,551.3,115.4,20.9,Dooly,,,POINT (-83.910643 32.20394900000001),Week 14 - Aug 23
08/23/2020,115631,PRUITTHEALTH - GRANDVIEW,165 WINSTON DRIVE,ATHENS,GA,30607,Y,Y,1,12,0,3,0,1,0,11,0,11,72,60,,,,,Y,N,N,N,N,N,N,3-7 DAYS,Y,N,N,N,Y,N,Y,N,N,N,N,N,N,3-7 DAYS,Y,N,N,N,Y,N,N,,,,0,4,0,0,0,0,N,N,N,N,Y,Y,Y,Y,Y,Y,Y,Y,Y,Y,Y,Y,N,,,,,0,0,50.0,183.3,366.7,Clarke,N,N,POINT (-83.395398 33.976057),Week 14 - Aug 23
08/23/2020,115492,NHC HEALTHCARE FT OGLETHORPE,2403 BATTLEFIELD PKWY,FORT OGLETHORPE,GA,30742,Y,Y,0,0,0,3,0,0,3,20,0,0,135,130,,,,,Y,N,N,N,N,N,N,3-7 DAYS,Y,Y,N,N,N,N,Y,N,N,N,N,N,N,3-7 DAYS,Y,Y,N,N,N,N,N,,,,0,3,0,3,0,0,Y,N,Y,N,Y,Y,Y,Y,Y,Y,Y,Y,Y,Y,Y,Y,N,,,,,0,0,23.1,0.0,0.0,Catoosa,N,N,POINT (-85.226329 34.944419),Week 14 - Aug 23
08/23/2020,115466,AUTUMN LANE HEALTH AND REHABILITATION,302 GEORGIA 18 EAST,GRAY,GA,31032,Y,Y,1,5,0,3,0,21,0,16,0,0,85,74,,,,,Y,N,N,N,N,N,N,3-7 DAYS,N,N,N,N,N,N,Y,N,N,N,N,N,N,3-7 DAYS,N,N,N,N,N,N,N,,,,0,3,0,7,0,0,Y,N,Y,N,Y,Y,Y,Y,Y,Y,Y,Y,Y,Y,Y,Y,N,,,,,0,0,40.5,0.0,0.0,Jones,N,N,POINT (-83.528124 32.998107),Week 14 - Aug 23
08/23/2020,115596,GRACE HEALTHCARE OF TUCKER,2165 IDLEWOOD ROAD,TUCKER,GA,30084,Y,Y,0,20,0,47,0,0,0,13,0,6,136,101,,,,,Y,N,N,N,N,N,N,1-2 DAYS,Y,N,N,N,N,Y,Y,N,N,N,N,N,N,1-2 DAYS,N,N,N,N,N,N,N,,,,0,15,0,1,0,0,N,N,N,N,Y,Y,Y,Y,Y,Y,Y,Y,Y,Y,Y,Y,N,,,,,0,0,465.3,59.4,12.8,DeKalb,N,N,POINT (-84.213293 33.847244),Week 14 - Aug 23
08/23/2020,115542,SADIE G. MAYS HEALTH & REHABILITATION CENTER,1821 ANDERSON AVENUE NW,ATLANTA,GA,30314,Y,Y,0,28,0,57,1,7,1,35,0,9,206,143,,,,,Y,N,N,N,N,N,N,3-7 DAYS,Y,N,N,N,Y,Y,Y,N,N,N,N,N,N,3-7 DAYS,Y,N,N,N,Y,N,N,,,,0,41,0,0,0,0,Y,N,Y,Y,Y,N,Y,N,Y,N,Y,N,Y,N,Y,N,N,,,,,0,0,398.6,62.9,15.8,Fulton,N,N,,Week 14 - Aug 23
08/23/2020,115348,ETOWAH LANDING,809 SOUTH BROAD STREET,ROME,GA,30161,Y,Y,0,0,0,0,0,0,0,0,0,0,100,85,,,,,Y,N,N,N,N,N,N,3-7 DAYS,N,N,N,N,N,N,Y,N,N,N,N,N,N,1-2 DAYS,Y,N,N,N,Y,N,N,,,,0,1,0,0,0,0,N,N,N,N,Y,Y,Y,Y,Y,Y,Y,Y,Y,Y,Y,Y,N,,,,,0,0,0.0,0.0,,Floyd,N,N,POINT (-85.183124 34.240614),Week 14 - Aug 23
08/23/2020,115618,EAGLE HEALTH & REHABILITATION,405 S COLLEGE ST,STATESBORO,GA,30458,Y,Y,0,0,0,0,0,1,0,5,0,0,99,45,,,,,Y,N,N,N,N,N,N,3-7 DAYS,Y,N,N,N,N,Y,Y,N,N,N,N,N,N,3-7 DAYS,N,N,N,N,N,N,N,,,,0,5,0,0,0,0,N,N,N,N,Y,Y,Y,Y,Y,Y,Y,Y,Y,Y,Y,Y,N,,,,,0,0,0.0,0.0,,Bulloch,N,N,POINT (-81.786545 32.439324),Week 14 - Aug 23
08/23/2020,115495,"PREMIER ESTATES OF DUBLIN, LLC",1634 TELFAIR STREET,DUBLIN,GA,31021,Y,Y,2,5,1,37,3,17,0,15,0,6,104,80,,,,,Y,N,N,N,N,N,N,3-7 DAYS,Y,Y,N,N,N,N,Y,N,N,N,N,N,N,3-7 DAYS,N,N,N,N,N,N,N,,,,0,14,0,7,0,0,N,N,N,N,Y,N,Y,N,Y,Y,Y,N,Y,Y,Y,N,N,,,,,12.5,0,462.5,75.0,16.2,Laurens,N,N,POINT (-82.920626 32.519212),Week 14 - Aug 23
08/23/2020,115498,"PRESBYTERIAN HOME, QUITMAN, IN",1901 WEST SCREVEN STREET,QUITMAN,GA,31643,Y,Y,1,2,3,47,6,26,3,23,1,14,188,159,,,,,Y,N,N,N,N,N,N,3-7 DAYS,Y,Y,N,N,N,N,Y,N,N,N,N,N,N,<1 DAY,N,N,N,N,N,N,Y,2,1,Y,0,37,0,62,0,0,Y,N,Y,N,Y,Y,Y,Y,Y,Y,Y,Y,Y,Y,Y,Y,N,,,,,18.9,6.3,295.6,88.1,29.8,Brooks,Y,N,POINT (-83.58049 30.785709000000004),Week 14 - Aug 23
08/23/2020,115322,BRIARWOOD HEALTH AND REHABILITATION CENTER,3888 LAVISTA ROAD,TUCKER,GA,30084,Y,N,,,,,,,,,,,,,,,,,,,,,,,,,,,,,,,,,,,,,,,,,,,,,,,,,,,,,,,,,,,,,,,,,,,,,,,,,,,,,,,,,DeKalb,,,POINT (-84.258372 33.84342300000001),Week 14 - Aug 23
08/23/2020,115546,SAVANNAH SQUARE HEALTH CENTER,1 SAVANNAH SQUARE DRIVE,SAVANNAH,GA,31406,Y,Y,0,0,0,0,0,0,0,1,0,0,40,21,,,,,Y,N,N,N,N,N,N,3-7 DAYS,Y,N,N,Y,N,N,Y,N,N,N,N,N,N,3-7 DAYS,Y,N,N,Y,N,N,N,,,,0,0,0,0,0,0,N,N,N,N,Y,Y,Y,Y,Y,Y,Y,Y,Y,Y,Y,Y,N,,,,,0,0,0.0,0.0,,Chatham,N,N,POINT (-81.136725 31.999252000000002),Week 14 - Aug 23
08/23/2020,115145,ANDERSON MILL HEALTH AND REHABILITATION CENTER,2130 ANDERSON MILL RD,AUSTELL,GA,30106,Y,Y,0,0,3,73,0,0,0,26,0,9,170,101,,,,,Y,N,N,N,N,N,N,1-2 DAYS,Y,Y,N,N,N,N,Y,N,N,N,N,N,N,1-2 DAYS,N,N,N,N,N,N,N,,,,2,26,0,0,0,0,N,N,N,N,Y,Y,Y,Y,Y,Y,Y,Y,Y,Y,Y,Y,N,,,,,29.7,0,722.8,89.1,12.3,Cobb,Y,N,POINT (-84.615814 33.848821),Week 14 - Aug 23
08/23/2020,115147,KENTWOOD NURSING FACILITY,1227 WEST WHEELER PARKWAY,AUGUSTA,GA,30909,Y,Y,0,26,0,0,0,0,0,1,0,0,100,63,,,,,Y,N,N,N,N,N,N,N/A,N,N,N,N,N,N,Y,N,N,N,N,N,N,3-7 DAYS,N,N,N,N,N,N,N,,,,0,2,0,0,0,0,N,N,N,N,Y,Y,Y,Y,Y,Y,Y,Y,Y,Y,Y,Y,N,,,,,0,0,0.0,0.0,,Richmond,N,N,POINT (-82.098438 33.479916),Week 14 - Aug 23
08/23/2020,115351,MUSCOGEE MANOR & REHABILITATION CTR,7150 MANOR ROAD,COLUMBUS,GA,31907,Y,Y,0,26,0,34,0,2,0,26,0,24,170,90,,,,,Y,N,N,N,N,N,N,1-2 DAYS,Y,Y,N,N,N,N,Y,N,N,N,N,N,N,1-2 DAYS,Y,N,N,Y,N,N,N,,,,2,25,0,0,0,0,Y,N,Y,Y,Y,Y,Y,Y,Y,Y,Y,Y,Y,Y,Y,Y,N,,,,,0,0,377.8,266.7,70.6,Muscogee,N,N,POINT (-84.867984 32.49348),Week 14 - Aug 23
08/23/2020,115327,WILLOWWOOD HEALTHCARE AND REHABILITATION,4595 CANTRELL ROAD,FLOWERY BRANCH,GA,30542,Y,Y,0,1,0,0,0,0,0,0,0,0,100,85,,,,,Y,N,N,N,N,N,N,3-7 DAYS,N,N,N,N,N,N,Y,N,N,N,N,N,N,3-7 DAYS,N,N,N,N,N,N,N,,,,1,6,0,0,0,0,N,N,N,N,Y,N,Y,N,Y,Y,Y,Y,Y,N,Y,N,N,,,,,0,0,0.0,0.0,,Hall,N,N,POINT (-83.910134 34.190425),Week 14 - Aug 23
08/23/2020,115039,MILLER NURSING HOME,206 GRACE ST,COLQUITT,GA,39837,Y,Y,0,3,0,2,0,75,0,12,0,0,157,133,,,,,Y,N,N,N,N,N,N,1-2 DAYS,Y,N,Y,N,Y,N,Y,N,N,N,N,N,N,1-2 DAYS,Y,Y,N,N,Y,N,N,,,,0,13,2,67,0,0,N,N,N,N,Y,Y,Y,Y,Y,Y,Y,Y,Y,Y,Y,Y,Y,20,0,Y,Y,0,0,15.0,0.0,0.0,Miller,N,N,POINT (-84.735961 31.175146999999996),Week 14 - Aug 23
08/23/2020,115382,SPARTA HEALTH AND REHABILITATION,11744 HIGHWAY 22 E,SPARTA,GA,31087,Y,Y,0,9,0,35,0,32,0,15,0,14,81,41,,,,,Y,N,N,N,N,N,N,N/A,N,N,N,N,N,N,Y,N,N,N,N,N,N,3-7 DAYS,N,N,N,N,N,N,Y,0,0,Y,0,8,0,1,0,0,Y,N,Y,Y,Y,Y,Y,Y,Y,Y,Y,Y,Y,Y,Y,Y,N,,,,,0,0,853.7,341.5,40.0,Hancock,N,N,,Week 14 - Aug 23
08/23/2020,115361,BRENTWOOD HEALTH AND REHABILITATION,115 BRENTWOOD DRIVE,WAYNESBORO,GA,30830,Y,Y,0,5,0,12,0,3,0,11,0,2,103,63,,,,,Y,N,N,N,N,N,N,3-7 DAYS,Y,N,N,N,Y,N,Y,N,N,N,N,N,N,3-7 DAYS,N,N,N,N,N,N,N,,,,0,9,0,4,0,0,N,N,N,N,Y,Y,Y,Y,Y,Y,Y,Y,Y,Y,Y,Y,N,,,,,0,0,190.5,31.7,16.7,Burke,N,N,POINT (-82.010128 33.0835),Week 14 - Aug 23
08/23/2020,115559,FRIENDSHIP HEALTH AND REHAB,161 FRIENDSHIP ROAD,CLEVELAND,GA,30528,Y,Y,0,0,0,0,0,25,0,6,0,0,89,65,,,,,Y,N,N,N,N,N,N,>7 DAYS,Y,N,N,N,N,Y,Y,N,N,N,N,N,N,>7 DAYS,N,N,N,N,N,N,N,,,,0,5,0,32,0,0,N,N,N,N,Y,Y,Y,Y,Y,Y,Y,Y,Y,Y,Y,Y,N,,,,,0,0,0.0,0.0,,White,N,N,POINT (-83.760514 34.53837),Week 14 - Aug 23
08/23/2020,115686,NANCY HART CENTER FOR NURSING AND HEALING LLC,2117 DOCTOR WARD ROAD,ELBERTON,GA,30635,Y,Y,0,2,0,0,0,2,0,14,0,0,67,44,,,,,Y,N,N,N,N,N,N,3-7 DAYS,N,N,N,N,N,N,Y,N,N,N,N,N,N,3-7 DAYS,N,N,N,N,N,N,N,,,,0,3,0,10,0,0,N,N,N,N,Y,Y,Y,Y,Y,Y,Y,Y,Y,Y,Y,Y,,,,,,0,0,0.0,0.0,,Elbert,N,N,POINT (-83.325787 33.702392),Week 14 - Aug 23
08/23/2020,115412,TIFTON HEALTH AND REHABILITATION CENTER,1451 NEWTON DRIVE,TIFTON,GA,31794,Y,Y,0,0,0,30,0,0,0,24,0,9,100,84,,,,,Y,N,N,N,N,N,N,1-2 DAYS,N,N,N,N,N,N,Y,N,N,N,N,N,N,1-2 DAYS,N,N,N,N,N,N,N,,,,1,6,0,0,0,0,N,N,Y,N,Y,Y,Y,Y,Y,Y,Y,Y,Y,Y,Y,Y,N,,,,,0,0,357.1,107.1,30.0,Tift,N,N,POINT (-83.488296 31.458561),Week 14 - Aug 23
08/23/2020,115455,PRUITTHEALTH - TOOMSBORO,210 MAIN STREET,TOOMSBORO,GA,31090,Y,Y,0,18,0,19,0,1,0,9,0,4,62,50,,,,,Y,N,N,N,N,N,N,3-7 DAYS,N,N,N,N,N,N,Y,N,N,N,N,N,N,3-7 DAYS,N,N,N,N,N,N,N,,,,2,19,0,0,0,0,N,N,N,N,Y,Y,Y,Y,Y,Y,Y,Y,Y,Y,Y,Y,N,,,,,0,0,380.0,80.0,21.1,Wilkinson,N,N,POINT (-83.078469 32.819193),Week 14 - Aug 23
08/23/2020,115376,SOUTHLAND HEALTHCARE AND REHAB CENTER,606 SIMMONS ST,DUBLIN,GA,31040,Y,Y,0,2,5,27,0,0,0,4,0,2,106,83,,,,,Y,N,N,N,N,N,N,3-7 DAYS,Y,N,N,N,N,Y,Y,N,N,N,N,N,N,3-7 DAYS,N,N,N,N,N,N,N,,,,1,4,0,0,0,0,Y,N,Y,N,Y,N,Y,N,Y,Y,Y,Y,Y,N,Y,Y,N,,,,,60.2,0,325.3,24.1,7.4,Laurens,Y,N,POINT (-82.913952 32.518359),Week 14 - Aug 23
08/23/2020,115354,LAGRANGE HEALTH AND REHAB,2111 WEST POINT ROAD,LAGRANGE,GA,30240,Y,Y,0,16,0,62,0,14,0,21,0,19,138,67,,,,,Y,N,N,N,N,N,N,3-7 DAYS,N,N,N,N,N,N,Y,N,N,N,N,N,N,3-7 DAYS,N,N,N,N,N,N,N,,,,0,18,0,11,0,0,Y,N,Y,N,N,N,Y,Y,Y,Y,Y,Y,Y,Y,Y,Y,N,,,,,0,0,925.4,283.6,30.6,Troup,N,N,POINT (-85.078297 33.023597),Week 14 - Aug 23
08/23/2020,115598,CAMELLIA HEALTH & REHABILITATION,700 EAST LONG STREET,CLAXTON,GA,30417,Y,Y,0,0,0,0,0,0,0,0,0,0,78,48,,,,,Y,N,N,N,N,N,N,3-7 DAYS,Y,N,N,N,N,Y,Y,N,N,N,N,N,N,3-7 DAYS,N,N,N,N,N,N,N,,,,0,3,0,0,0,0,Y,N,Y,N,Y,Y,Y,Y,Y,Y,Y,Y,Y,Y,Y,Y,N,,,,,0,0,0.0,0.0,,Evans,N,N,POINT (-81.89624 32.165347),Week 14 - Aug 23
08/23/2020,115512,PRUITTHEALTH - WEST ATLANTA,2645 WHITING STREET N.W.,ATLANTA,GA,30318,Y,Y,0,0,3,4,0,3,0,1,0,0,120,77,,,,,Y,N,N,N,N,N,N,3-7 DAYS,Y,N,N,N,Y,N,Y,N,N,N,N,N,N,3-7 DAYS,Y,N,N,N,Y,N,Y,0,0,Y,2,17,0,3,0,0,N,N,N,N,Y,Y,Y,Y,Y,Y,Y,Y,Y,Y,Y,Y,N,,,,,39,0,51.9,0.0,0.0,Fulton,Y,N,POINT (-84.473988 33.7791),Week 14 - Aug 23
08/23/2020,115288,PRUITTHEALTH - MACON,2255 ANTHONY ROAD,MACON,GA,31204,Y,Y,0,51,1,81,0,0,0,39,0,27,228,170,,,,,Y,N,N,N,N,N,N,3-7 DAYS,Y,N,N,N,Y,N,Y,N,N,N,N,N,N,3-7 DAYS,Y,N,N,N,Y,N,Y,0,0,Y,1,135,0,0,0,0,N,N,N,N,Y,Y,Y,Y,Y,Y,Y,Y,Y,Y,Y,Y,Y,15,0,Y,N,5.9,0,476.5,158.8,33.3,Bibb,N,N,POINT (-83.679775 32.822595),Week 14 - Aug 23
08/23/2020,115384,"OAKS - CARROLLTON SKILLED NURSING, THE",921 OLD NEWNAN ROAD,CARROLLTON,GA,30117,Y,Y,0,2,0,1,0,0,0,0,0,0,42,36,,,,,Y,N,N,N,N,N,N,3-7 DAYS,N,N,N,N,N,N,Y,N,N,N,N,N,N,3-7 DAYS,N,N,N,N,N,N,N,,,,0,3,0,0,0,0,N,N,N,N,Y,Y,Y,Y,Y,Y,Y,Y,Y,Y,Y,Y,N,,,,,0,0,27.8,0.0,0.0,Carroll,N,N,POINT (-85.040802 33.569648),Week 14 - Aug 23
08/23/2020,115150,AMARA HEALTHCARE & REHAB,2021 SCOTT ROAD,AUGUSTA,GA,30906,Y,Y,0,0,0,0,0,0,0,0,0,0,193,80,,,,,Y,N,N,N,N,N,N,3-7 DAYS,N,N,N,N,N,N,Y,N,N,N,N,N,N,3-7 DAYS,N,N,N,N,N,N,N,,,,0,0,0,0,0,0,N,N,N,N,Y,Y,Y,Y,Y,Y,Y,Y,Y,Y,Y,Y,N,,,,,0,0,0.0,0.0,,Richmond,N,N,POINT (-82.012897 33.431055),Week 14 - Aug 23
08/23/2020,115356,DUBLINAIR HEALTH & REHAB,300 INDUSTRIAL BLVD,DUBLIN,GA,31021,Y,Y,2,6,2,88,0,22,6,41,5,24,149,84,,,,,Y,N,N,N,N,N,N,3-7 DAYS,Y,Y,Y,N,N,N,Y,N,N,N,N,N,N,3-7 DAYS,Y,Y,N,N,N,N,N,,,,0,41,0,46,0,0,Y,N,Y,Y,Y,N,Y,N,Y,N,Y,N,Y,N,Y,N,N,,,,,23.8,59.5,1047.6,285.7,27.3,Laurens,N,N,POINT (-82.943855 32.528808),Week 14 - Aug 23
08/23/2020,115619,GLENVUE HEALTH AND REHAB,721 NORTH VETERANS BLVD,GLENNVILLE,GA,30427,Y,Y,0,0,0,1,0,7,0,3,0,0,130,116,,,,,Y,N,N,N,N,N,N,3-7 DAYS,N,N,N,N,N,N,Y,N,N,N,N,N,N,3-7 DAYS,N,N,N,N,N,N,Y,0,0,Y,1,4,1,38,0,0,Y,N,Y,Y,Y,N,Y,N,Y,N,Y,N,Y,N,Y,N,N,,,,,0,0,8.6,0.0,0.0,Tattnall,N,N,POINT (-81.92579 31.945175000000003),Week 14 - Aug 23
08/23/2020,115660,ROSELANE HEALTH AND REHABILITATION CENTER,613 ROSELANE STREET,MARIETTA,GA,30064,Y,Y,9,38,0,94,0,2,3,34,3,19,137,119,,,,,Y,N,N,N,N,N,N,1-2 DAYS,Y,N,N,N,N,Y,Y,N,N,N,N,N,N,1-2 DAYS,N,N,N,N,N,N,N,,,,0,29,0,0,0,0,N,N,N,N,Y,Y,Y,Y,Y,Y,Y,Y,Y,Y,Y,Y,N,,,,,0,25.2,789.9,159.7,20.2,Cobb,N,N,POINT (-84.556603 33.966919),Week 14 - Aug 23
08/23/2020,115357,OCONEE HEALTH AND REHABILITATION,107 RIDGEVIEW DR,OCONEE,GA,31067,Y,N,0,0,15,30,2,8,2,2,2,2,50,35,,,,,Y,N,N,N,N,N,N,3-7 DAYS,Y,Y,N,N,Y,N,Y,N,N,N,N,N,N,3-7 DAYS,N,N,N,N,N,N,Y,0,0,Y,4,10,0,6,0,0,Y,N,Y,N,Y,Y,Y,Y,Y,Y,Y,Y,Y,Y,Y,Y,N,,,,,428.6,57.1,857.1,57.1,6.7,Washington,Y,N,POINT (-82.952686 32.856202),Week 14 - Aug 23
08/23/2020,115045,MAGNOLIA MANOR OF COLUMBUS NURSING CENTER - WEST,2000 WARM SPRINGS RD,COLUMBUS,GA,31904,Y,Y,0,1,0,8,0,2,0,0,0,0,166,116,,,,,Y,N,N,N,N,N,N,3-7 DAYS,N,N,N,N,N,N,Y,N,N,N,N,N,N,3-7 DAYS,N,N,N,N,N,N,,,,,1,8,0,1,0,0,N,N,Y,N,Y,Y,Y,Y,Y,Y,Y,Y,Y,Y,Y,Y,N,,,,,0,0,69.0,0.0,0.0,Muscogee,N,N,POINT (-84.962281 32.497167),Week 14 - Aug 23
08/23/2020,115326,PRUITTHEALTH - MAGNOLIA MANOR,3003 VETERANS PARKWAY S,MOULTRIE,GA,31788,Y,Y,0,0,0,2,0,52,0,8,0,0,100,71,,,,,Y,N,N,N,N,N,N,3-7 DAYS,Y,N,N,N,Y,N,Y,N,N,N,N,N,N,3-7 DAYS,Y,N,N,N,Y,N,N,,,,3,5,0,2,0,0,N,N,N,N,Y,Y,Y,Y,Y,Y,Y,Y,Y,Y,Y,Y,N,,,,,0,0,28.2,0.0,0.0,Colquitt,N,N,POINT (-83.771224 31.132814),Week 14 - Aug 23
08/23/2020,115582,MAGNOLIA MANOR OF ST SIMONS REHAB & NURSING CENTER,2255 FREDERICA ROAD,SAINT SIMONS ISLAND,GA,31522,Y,Y,0,0,0,39,0,35,3,15,3,13,125,69,,,,,Y,N,N,N,N,N,N,1-2 DAYS,N,N,N,N,N,N,Y,N,N,N,N,N,N,3-7 DAYS,N,N,N,N,N,N,N,,,,0,14,0,12,0,0,N,N,N,N,Y,Y,Y,Y,Y,Y,Y,Y,Y,Y,Y,Y,N,,,,,0,43.5,565.2,188.4,33.3,Glynn,N,N,POINT (-81.38422 31.167724000000003),Week 14 - Aug 23
08/23/2020,115385,"PRUITTHEALTH - CRESTWOOD, LLC",415 PENDLETON PLACE,VALDOSTA,GA,31602,Y,Y,0,1,1,36,0,4,0,10,0,0,79,55,,,,,Y,N,N,N,N,N,N,3-7 DAYS,Y,N,N,N,Y,N,Y,N,N,N,N,N,N,3-7 DAYS,Y,N,N,N,Y,N,N,,,,3,20,0,11,0,0,N,N,N,N,Y,Y,Y,Y,Y,Y,Y,Y,Y,Y,Y,Y,N,,,,,18.2,0,654.5,0.0,0.0,Lowndes,N,N,POINT (-83.281765 30.864068),Week 14 - Aug 23
08/23/2020,115258,WELLSTAR PAULDING NURSING CTR,600 WEST MEMORIAL DRIVE,DALLAS,GA,30132,Y,Y,0,2,10,28,2,27,1,10,1,4,182,145,,,,,Y,N,N,N,N,N,N,3-7 DAYS,Y,Y,Y,N,N,N,Y,N,N,N,N,N,N,3-7 DAYS,Y,Y,Y,N,N,N,N,,,,3,24,5,39,0,0,Y,N,Y,N,Y,Y,Y,Y,Y,Y,Y,Y,Y,Y,Y,Y,N,,,,,69,6.9,193.1,27.6,14.3,Paulding,Y,N,POINT (-84.852944 33.920511),Week 14 - Aug 23
08/23/2020,115044,AZALEA HEALTH AND REHABILITATION CENTER,1600 ANTHONY ROAD,AUGUSTA,GA,30907,Y,Y,0,0,0,1,0,0,0,25,0,0,99,83,,,,,Y,N,N,N,N,N,N,1-2 DAYS,N,N,N,N,N,N,Y,N,N,N,N,N,N,1-2 DAYS,Y,N,Y,N,N,N,N,,,,2,9,0,0,0,0,N,N,N,N,Y,Y,Y,Y,Y,Y,Y,Y,Y,Y,Y,Y,N,,,,,0,0,12.0,0.0,0.0,Richmond,N,N,POINT (-82.019625 33.465862),Week 14 - Aug 23
08/23/2020,115424,LAKE CROSSING HEALTH CENTER,6698 WASHINGTON ROAD,APPLING,GA,30802,Y,Y,0,16,0,80,0,18,1,21,0,12,100,69,,,,,Y,N,N,N,N,N,N,3-7 DAYS,N,N,N,N,N,N,Y,N,N,N,N,N,N,3-7 DAYS,N,N,N,N,N,N,,,,,0,49,0,55,0,0,Y,N,Y,Y,Y,Y,Y,Y,Y,Y,Y,Y,Y,Y,Y,Y,N,,,,,0,0,1159.4,173.9,15.0,Columbia,N,N,POINT (-82.33650200000001 33.67421),Week 14 - Aug 23
08/23/2020,115421,WOODSTOCK NURSING & REHAB CTR,105 ARNOLD MILL ROAD,WOODSTOCK,GA,30188,Y,Y,0,3,0,2,2,3,1,17,0,0,171,139,,,,,Y,N,N,N,N,N,N,3-7 DAYS,Y,Y,N,N,N,N,Y,N,N,N,N,N,N,3-7 DAYS,N,N,N,N,N,N,N,,,,0,3,0,2,0,0,N,N,Y,N,Y,Y,Y,Y,Y,Y,Y,Y,Y,Y,Y,Y,N,,,,,0,0,14.4,0.0,0.0,Cherokee,N,N,POINT (-84.515942 34.101228),Week 14 - Aug 23
08/23/2020,115291,WINDERMERE HEALTH AND REHABILITATION CENTER,3618 J DEWEY GRAY CIRCLE,AUGUSTA,GA,30909,Y,Y,0,0,1,77,0,0,0,17,0,11,120,79,,,,,Y,N,N,N,N,N,N,1-2 DAYS,N,N,N,N,N,N,Y,N,N,N,N,N,N,1-2 DAYS,N,N,N,N,N,N,N,,,,0,42,0,0,0,0,N,N,Y,N,Y,Y,Y,Y,Y,Y,Y,Y,Y,Y,Y,Y,N,,,,,12.7,0,974.7,139.2,14.3,Richmond,N,N,POINT (-82.095398 33.48476),Week 14 - Aug 23
08/23/2020,115387,OXLEY PARK HEALTH AND REHABILITATION,181 OXLEY DRIVE,LYONS,GA,30436,Y,Y,0,0,6,13,8,16,0,4,0,0,104,76,,,,,Y,N,N,N,N,N,N,3-7 DAYS,Y,Y,N,N,N,N,Y,N,N,N,N,N,N,3-7 DAYS,Y,N,N,N,Y,N,N,,,,1,11,9,29,0,0,Y,N,Y,N,Y,N,Y,Y,Y,Y,Y,Y,Y,Y,Y,Y,N,,,,,78.9,0,171.1,0.0,0.0,Toombs,Y,N,POINT (-82.339608 32.205362),Week 14 - Aug 23
08/23/2020,115629,PRUITTHEALTH - SYLVESTER,104 MONK STREET,SYLVESTER,GA,31791,Y,Y,0,11,0,12,0,15,0,27,0,12,117,79,,,,,Y,N,N,N,N,N,N,3-7 DAYS,Y,N,N,N,Y,N,Y,N,N,N,N,N,N,3-7 DAYS,Y,N,N,N,Y,N,N,,,,0,19,0,1,0,0,N,N,N,N,Y,Y,Y,Y,Y,Y,Y,Y,Y,Y,Y,Y,N,,,,,0,0,151.9,151.9,100.0,Worth,N,N,POINT (-83.824092 31.531366),Week 14 - Aug 23
08/23/2020,115283,MANOR CARE REHABILITATION CENTER - MARIETTA,4360 JOHNSON FERRY PLACE,MARIETTA,GA,30068,Y,Y,3,6,3,62,0,3,1,11,1,4,117,72,,,,,Y,N,N,N,N,N,N,1-2 DAYS,Y,Y,Y,N,N,N,Y,N,N,N,N,N,N,1-2 DAYS,Y,N,Y,N,N,N,N,,,,0,33,0,30,0,0,N,N,N,N,Y,N,Y,Y,Y,Y,Y,N,Y,Y,Y,Y,N,,,,,41.7,13.9,861.1,55.6,6.5,Cobb,Y,N,POINT (-84.422466 33.981232),Week 14 - Aug 23
08/23/2020,115419,"OAKS - ATHENS SKILLED NURSING, THE",490 KATHWOOD DR,ATHENS,GA,30607,Y,Y,0,8,0,0,0,0,0,26,0,0,148,108,,,,,Y,N,N,N,N,N,N,N/A,N,N,N,N,N,N,Y,N,N,N,N,N,N,3-7 DAYS,N,N,N,N,N,N,N,,,,0,3,0,1,0,0,N,N,N,N,Y,Y,Y,Y,Y,Y,Y,Y,Y,Y,Y,Y,N,,,,,0,0,0.0,0.0,,Clarke,N,N,POINT (-83.404812 33.98724),Week 14 - Aug 23
08/23/2020,115393,"OAKS - SCENIC VIEW SKILLED NURSING, THE",205 PEACH ORCHARD ROAD,BALDWIN,GA,30511,Y,Y,0,29,0,104,1,60,0,29,0,20,148,89,,,,,Y,N,N,N,N,N,N,3-7 DAYS,Y,N,N,N,Y,N,Y,N,N,N,N,N,N,3-7 DAYS,Y,N,N,N,Y,N,Y,0,0,Y,1,47,0,20,0,0,N,N,N,N,Y,Y,Y,Y,Y,Y,Y,Y,Y,Y,Y,Y,N,,,,,0,0,1168.5,224.7,19.2,Habersham,N,N,POINT (-83.53588000000002 34.498334),Week 14 - Aug 23
08/23/2020,115325,PRUITTHEALTH - WASHINGTON,112 HOSPITAL DRIVE,WASHINGTON,GA,30673,Y,Y,0,0,0,1,0,0,0,0,0,0,47,35,,,,,Y,N,N,N,N,N,N,3-7 DAYS,N,N,N,N,N,N,Y,N,N,N,N,N,N,3-7 DAYS,N,N,N,N,N,N,N,,,,0,4,0,0,0,0,N,N,N,N,Y,Y,Y,Y,Y,Y,Y,Y,Y,Y,Y,Y,N,,,,,0,0,28.6,0.0,0.0,Wilkes,N,N,POINT (-82.743627 33.728033),Week 14 - Aug 23
08/23/2020,115246,MANOR CARE REHABILITATION CENTER - DECATUR,2722 NORTH DECATUR ROAD,DECATUR,GA,30033,Y,Y,1,32,0,43,0,21,1,13,0,3,136,92,,,,,Y,N,N,N,N,N,N,3-7 DAYS,Y,N,N,N,N,Y,Y,N,N,N,N,N,N,3-7 DAYS,N,N,N,N,N,N,N,,,,0,7,0,22,0,0,N,N,N,N,Y,N,Y,Y,Y,Y,Y,N,Y,Y,Y,Y,N,,,,,0,0,467.4,32.6,7.0,DeKalb,N,N,POINT (-84.281843 33.792424),Week 14 - Aug 23
08/23/2020,115379,PRUITTHEALTH - MONROE,4796 HIGHWAY 42 NORTH,FORSYTH,GA,31029,Y,Y,0,0,0,8,0,2,0,11,0,0,83,70,,,,,Y,N,N,N,N,N,N,3-7 DAYS,Y,N,N,N,Y,N,Y,N,N,N,N,N,N,3-7 DAYS,Y,N,N,N,Y,N,N,,,,1,4,0,6,0,0,N,N,N,N,Y,Y,Y,Y,Y,Y,Y,Y,Y,Y,Y,Y,N,,,,,0,0,114.3,0.0,0.0,Monroe,N,N,POINT (-83.955963 33.154129),Week 14 - Aug 23
08/23/2020,115663,REGENCY PARK HEALTH AND REHABILITATION,1212 BROADRICK DRIVE,DALTON,GA,30720,Y,Y,0,0,0,5,0,0,0,0,0,0,100,69,,,,,Y,N,N,N,N,N,N,3-7 DAYS,Y,N,N,N,N,Y,Y,N,N,N,N,N,N,3-7 DAYS,Y,N,N,N,N,Y,,,,,1,8,0,5,0,0,Y,N,Y,Y,Y,Y,Y,Y,Y,Y,Y,Y,Y,Y,Y,Y,N,,,,,0,0,72.5,0.0,0.0,Whitfield,N,N,POINT (-84.985536 34.784083),Week 14 - Aug 23
08/23/2020,115463,"WESTBURY MCDONOUGH, LLC",198 HAMPTON STREET,MCDONOUGH,GA,30253,Y,Y,1,3,14,47,9,31,6,32,4,10,159,96,,,,,Y,N,N,N,N,N,N,3-7 DAYS,Y,Y,N,Y,N,Y,Y,N,N,N,N,N,N,3-7 DAYS,Y,N,N,N,N,Y,N,,,,6,28,2,10,0,0,N,N,N,N,Y,Y,Y,Y,Y,Y,Y,Y,Y,Y,Y,Y,N,,,,,145.8,41.7,489.6,104.2,21.3,Henry,Y,N,POINT (-84.153801 33.442471),Week 14 - Aug 23
08/23/2020,115538,POWDER SPRINGS TRANSITIONAL CARE AND REHAB,3460 POWDER SPRINGS ROAD,POWDER SPRINGS,GA,30127,Y,Y,0,47,0,7,0,0,2,33,0,26,208,146,,,,,Y,N,N,N,N,N,N,3-7 DAYS,Y,N,N,N,Y,N,Y,N,N,N,N,N,N,3-7 DAYS,Y,N,N,N,Y,N,,,,,0,41,0,0,0,0,N,N,N,N,Y,Y,Y,Y,Y,Y,Y,Y,Y,Y,Y,Y,N,,,,,0,0,47.9,178.1,371.4,Cobb,N,N,POINT (-84.654884 33.859745),Week 14 - Aug 23
08/23/2020,115516,PRUITTHEALTH - LILBURN,788 INDIAN TRAIL ROAD,LILBURN,GA,30047,Y,Y,0,72,2,100,0,5,0,25,0,21,152,106,,,,,Y,N,N,N,N,N,N,3-7 DAYS,Y,N,N,N,Y,N,Y,N,N,N,N,N,N,3-7 DAYS,Y,N,N,N,Y,N,N,,,,1,44,0,0,0,0,N,N,N,N,Y,Y,Y,Y,Y,Y,Y,Y,Y,Y,Y,Y,N,,,,,18.9,0,943.4,198.1,21.0,Gwinnett,N,N,,Week 14 - Aug 23
08/23/2020,115541,CROSSVIEW CARE CENTER,402 E. BAY ST,PINEVIEW,GA,31071,Y,N,,,,,,,,,,,,,,,,,,,,,,,,,,,,,,,,,,,,,,,,,,,,,,,,,,,,,,,,,,,,,,,,,,,,,,,,,,,,,,,,,Wilcox,,,POINT (-83.493132 32.11086),Week 14 - Aug 23
08/23/2020,115536,WINDER HEALTH CARE & REHAB CTR,263 E MAY STREET,WINDER,GA,30680,Y,Y,0,10,0,78,0,145,1,24,0,16,163,104,,,,,Y,N,N,N,N,N,N,>7 DAYS,Y,N,N,N,Y,N,Y,N,N,N,N,N,N,3-7 DAYS,Y,N,N,N,Y,N,N,,,,0,2,0,0,0,0,N,N,N,N,Y,Y,Y,Y,Y,Y,Y,Y,Y,Y,Y,Y,N,,,,,0,0,750.0,153.8,20.5,Barrow,N,N,POINT (-83.710449 33.980676),Week 14 - Aug 23
08/23/2020,115461,TOWNSEND PARK HEALTH AND REHABILITATION,196 NORTH DIXIE AVENUE,CARTERSVILLE,GA,30120,Y,Y,2,10,0,57,0,7,0,26,0,12,124,89,,,,,Y,N,N,N,N,N,N,3-7 DAYS,N,N,N,N,N,N,Y,N,N,N,N,N,N,3-7 DAYS,Y,N,N,Y,N,N,Y,0,0,Y,0,20,1,16,0,0,N,N,N,N,Y,Y,Y,Y,Y,Y,Y,Y,Y,Y,Y,Y,N,,,,,0,0,640.4,134.8,21.1,Bartow,N,N,POINT (-84.787599 34.172447),Week 14 - Aug 23
08/23/2020,115482,EAST LAKE ARBOR,304 FIFTH  AVENUE,DECATUR,GA,30030,Y,Y,0,3,0,0,0,0,0,3,0,2,94,77,,,,,Y,N,N,N,N,N,N,>7 DAYS,N,N,N,N,N,N,N,Y,Y,Y,N,N,N,>7 DAYS,N,N,N,N,N,N,Y,0,0,Y,0,0,0,0,0,0,Y,N,Y,N,Y,Y,N,N,Y,Y,Y,Y,Y,N,Y,Y,N,,,,,0,0,0.0,26.0,,DeKalb,N,N,POINT (-84.305186 33.753077),Week 14 - Aug 23
08/23/2020,115106,EFFINGHAM CARE & REHABILITATION CENTER,459 HIGHWAY 119 SOUTH,SPRINGFIELD,GA,31329,Y,Y,2,3,17,35,0,4,7,10,6,9,105,82,,,,,Y,N,N,N,N,N,N,1-2 DAYS,Y,Y,Y,Y,Y,N,Y,N,N,N,N,N,N,1-2 DAYS,Y,Y,Y,Y,Y,N,N,,,,5,27,0,14,0,0,N,N,N,N,Y,Y,Y,Y,Y,Y,Y,Y,Y,Y,Y,Y,N,,,,,207.3,73.2,426.8,109.8,25.7,Effingham,Y,N,POINT (-81.321664 32.364734),Week 14 - Aug 23
08/23/2020,115671,SCOTT HEALTH & REHABILITATION,12 SMITH LANE,ADRIAN,GA,31002,Y,Y,0,0,0,1,0,0,0,3,0,0,59,52,,,,,Y,N,N,N,N,N,N,N/A,N,N,N,N,N,N,Y,N,N,N,N,N,N,3-7 DAYS,N,N,N,N,N,N,N,,,,0,3,1,4,0,0,N,N,N,N,Y,Y,Y,Y,Y,Y,Y,Y,Y,Y,Y,Y,N,,,,,0,0,19.2,0.0,0.0,Johnson,N,N,POINT (-82.585938 32.531683),Week 14 - Aug 23
08/23/2020,115334,PRUITTHEALTH - AUGUSTA,2541 MILLEDGEVILLE ROAD,AUGUSTA,GA,30904,Y,Y,0,26,0,46,0,32,2,22,2,16,100,76,,,,,Y,N,N,N,N,N,N,3-7 DAYS,Y,N,N,N,Y,N,Y,N,N,N,N,N,N,3-7 DAYS,Y,N,N,N,Y,N,N,,,,0,20,0,8,0,0,N,N,N,N,Y,Y,Y,Y,Y,Y,Y,Y,Y,Y,Y,Y,N,,,,,0,26.3,605.3,210.5,34.8,Richmond,N,N,POINT (-82.018451 33.446654),Week 14 - Aug 23
08/23/2020,115592,COUNTRYSIDE HEALTH CENTER,233 CARROLLTON  STREET,BUCHANAN,GA,30113,Y,Y,0,0,0,0,0,0,0,0,0,0,61,53,,,,,Y,N,N,N,N,N,N,N/A,N,N,N,N,N,N,Y,N,N,N,N,N,N,>7 DAYS,N,N,N,N,N,N,N,,,,0,0,0,0,0,0,N,N,Y,N,Y,N,Y,Y,Y,Y,Y,Y,Y,Y,Y,Y,N,,,,,0,0,0.0,0.0,,Haralson,N,N,POINT (-85.186099 33.799015),Week 14 - Aug 23
08/23/2020,115266,MITCHELL COUNTY NURSING HOMES,37 SOUTH ELLIS STREET,CAMILLA,GA,31730,Y,Y,0,5,0,3,0,13,0,4,0,0,48,39,,,,,Y,N,N,N,N,N,N,1-2 DAYS,N,N,N,N,N,N,Y,N,N,N,N,N,N,1-2 DAYS,N,N,N,N,N,N,N,,,,0,3,0,15,0,0,N,N,N,N,Y,Y,Y,Y,Y,Y,Y,Y,Y,Y,Y,Y,N,,,,,0,0,76.9,0.0,0.0,Mitchell,N,N,POINT (-84.204867 31.230465),Week 14 - Aug 23
08/23/2020,115645,NORTHSIDE GWINNETT EXTENDED CARE CENTER,650 PROFESSIONAL DRIVE,LAWRENCEVILLE,GA,30046,Y,Y,0,0,0,0,0,0,0,3,0,0,89,39,,,,,Y,N,N,N,N,N,N,1-2 DAYS,N,N,N,N,N,N,Y,N,N,N,N,N,N,1-2 DAYS,Y,N,N,N,Y,N,N,,,,0,5,0,0,0,0,N,N,N,N,Y,Y,Y,Y,Y,Y,Y,Y,Y,Y,Y,Y,N,,,,,0,0,0.0,0.0,,Gwinnett,N,N,POINT (-84.01396 33.962288),Week 14 - Aug 23
08/23/2020,115381,CEDAR SPRINGS HEALTH AND REHAB,148 CASON ROAD,CEDARTOWN,GA,30125,Y,Y,0,0,0,0,0,5,0,1,0,0,116,58,,,,,Y,N,N,N,N,N,N,3-7 DAYS,Y,N,N,N,Y,N,Y,N,N,N,N,N,N,3-7 DAYS,Y,Y,N,N,N,N,N,,,,0,2,1,16,0,0,N,N,N,N,Y,Y,Y,Y,Y,Y,Y,Y,Y,Y,Y,Y,N,,,,,0,0,0.0,0.0,,Polk,N,N,POINT (-85.252002 33.993151),Week 14 - Aug 23
08/23/2020,115673,LAUREL PARK AT HENRY MED CTR,1050 HOSPITAL DRIVE,STOCKBRIDGE,GA,30281,Y,Y,0,2,0,1,0,2,0,5,0,0,89,74,,,,,Y,N,N,N,N,N,N,3-7 DAYS,Y,N,N,N,Y,N,Y,N,N,N,N,N,N,3-7 DAYS,Y,N,N,N,Y,N,N,,,,1,1,0,0,0,0,N,N,N,N,Y,Y,Y,Y,Y,Y,Y,Y,Y,Y,Y,Y,N,,,,,0,0,13.5,0.0,0.0,Henry,N,N,POINT (-84.227304 33.513071),Week 14 - Aug 23
08/23/2020,115690,"D SCOTT HUDGENS CENTER FOR SKILLED NURSING, THE",3500 ANNANDALE LANE,SUWANEE,GA,30024,Y,Y,0,0,0,0,0,0,0,2,0,0,32,31,,,,,Y,N,N,N,N,N,N,3-7 DAYS,Y,N,N,N,Y,N,Y,N,N,N,N,N,N,3-7 DAYS,Y,N,N,N,Y,N,N,,,,0,0,0,0,0,0,N,N,N,N,Y,Y,Y,Y,Y,Y,Y,Y,Y,Y,Y,Y,N,,,,,0,0,0.0,0.0,,Gwinnett,N,N,POINT (-84.066584 34.038199),Week 14 - Aug 23
08/23/2020,115296,LENBROOK,"3747 PEACHTREE ROAD, NE",ATLANTA,GA,30319,Y,Y,1,4,0,4,0,11,0,7,0,2,60,46,,,,,Y,N,N,N,N,N,N,3-7 DAYS,Y,Y,N,N,N,N,Y,N,N,N,N,N,N,3-7 DAYS,Y,Y,N,N,N,N,N,,,,0,4,0,8,0,0,Y,N,Y,N,Y,Y,Y,Y,Y,Y,Y,Y,Y,Y,Y,Y,N,,,,,0,0,87.0,43.5,50.0,DeKalb,N,N,POINT (-84.349914 33.856462),Week 14 - Aug 23
08/23/2020,115146,ORCHARD VIEW REHABILITATION & SKILLED NURSING CTR,8414 WHITESVILLE ROAD,COLUMBUS,GA,31907,Y,Y,0,4,0,14,0,0,0,24,0,10,200,137,,,,,Y,N,N,N,N,N,N,3-7 DAYS,Y,N,Y,N,N,N,Y,N,N,N,N,N,N,3-7 DAYS,Y,N,N,N,Y,N,N,,,,4,50,0,1,0,1,Y,Y,Y,Y,Y,Y,Y,Y,Y,Y,Y,Y,Y,Y,Y,Y,N,,,,,0,0,102.2,73.0,71.4,Muscogee,N,N,POINT (-84.969274 32.572395),Week 14 - Aug 23
08/23/2020,115643,PARKSIDE POST ACUTE AND REHABILITATION,3000 LENORA CHURCH DRIVE,SNELLVILLE,GA,30078,Y,Y,1,23,0,58,2,41,1,22,1,9,167,143,,,,,Y,N,N,N,N,N,N,3-7 DAYS,Y,Y,N,N,N,N,Y,N,N,N,N,N,N,3-7 DAYS,Y,N,N,N,N,Y,N,,,,0,38,0,3,0,0,N,N,N,N,Y,Y,Y,Y,Y,Y,Y,Y,Y,Y,Y,Y,N,,,,,0,7,405.6,62.9,15.5,Gwinnett,N,N,POINT (-84.008308 33.837228),Week 14 - Aug 23
08/23/2020,115414,HARBORVIEW HEALTH SYSTEMS JESUP,1090 W ORANGE ST,JESUP,GA,31545,Y,Y,0,0,0,87,0,5,0,7,0,3,90,79,,,,,Y,N,N,N,N,N,N,3-7 DAYS,N,N,N,N,N,N,Y,N,N,N,N,N,N,3-7 DAYS,N,N,N,N,N,N,Y,0,0,Y,0,82,0,0,0,0,N,N,N,N,Y,Y,Y,Y,Y,Y,Y,Y,Y,Y,Y,Y,N,,,,,0,0,1101.3,38.0,3.4,Wayne,N,N,POINT (-81.895642 31.611707),Week 14 - Aug 23
08/23/2020,115642,AZALEA HEALTH AND REHABILITATION,300 CEDAR ROAD,METTER,GA,30439,Y,Y,0,0,0,1,0,0,1,9,0,0,84,69,,,,,Y,N,N,N,N,N,N,3-7 DAYS,N,N,N,N,N,N,Y,N,N,N,N,N,N,>7 DAYS,N,N,N,N,N,N,N,,,,0,1,0,2,0,0,Y,N,Y,Y,Y,N,Y,Y,Y,Y,Y,Y,Y,Y,Y,Y,N,,,,,0,0,14.5,0.0,0.0,Candler,N,N,POINT (-82.065108 32.403604),Week 14 - Aug 23
08/23/2020,115560,GATEWAY HEALTH AND REHAB,3201 WESTMORELAND ROAD,CLEVELAND,GA,30528,Y,Y,0,2,2,30,0,19,5,14,5,7,60,43,,,,,Y,N,N,N,N,N,N,3-7 DAYS,Y,Y,N,Y,N,N,Y,N,N,N,N,N,N,3-7 DAYS,Y,Y,N,Y,N,N,N,,,,3,22,4,31,0,0,Y,N,Y,N,Y,Y,Y,Y,Y,Y,Y,Y,Y,Y,Y,Y,N,,,,,46.5,116.3,697.7,162.8,23.3,White,N,N,POINT (-83.759391 34.542311),Week 14 - Aug 23
08/23/2020,115490,PRESBYTERIAN VILLAGE,2000 EAST-WEST CONNECTOR,AUSTELL,GA,30106,Y,Y,0,0,0,1,0,28,3,15,0,0,107,81,,,,,N,N,Y,N,N,N,N,3-7 DAYS,Y,N,N,N,Y,N,N,N,Y,N,N,N,N,3-7 DAYS,N,N,N,N,N,N,,,,,0,4,0,1,0,0,N,N,N,N,Y,Y,Y,Y,Y,Y,Y,Y,Y,Y,Y,Y,N,,,,,0,0,12.3,0.0,0.0,Cobb,N,N,POINT (-84.613423 33.854758),Week 14 - Aug 23
08/23/2020,115487,NEW HORIZONS LIMESTONE,2020 BEVERLY ROAD NE,GAINESVILLE,GA,30501,Y,Y,0,4,5,126,1,57,0,14,0,12,118,94,,,,,Y,N,N,N,N,N,N,3-7 DAYS,Y,Y,Y,Y,Y,N,Y,N,N,N,N,N,N,3-7 DAYS,Y,Y,Y,N,Y,N,,,,,2,40,0,15,0,0,N,N,N,N,Y,Y,Y,Y,Y,Y,Y,Y,Y,Y,Y,Y,,,,,,53.2,0,1340.4,127.7,9.5,Hall,Y,N,POINT (-83.800644 34.320939),Week 14 - Aug 23
08/23/2020,115657,SOUTHERN PINES,801 ELBERTA ROAD,WARNER ROBINS,GA,31093,Y,Y,0,2,0,13,0,0,0,5,0,1,66,49,,,,,Y,N,N,N,N,N,N,3-7 DAYS,N,N,N,N,N,N,Y,N,N,N,N,N,N,3-7 DAYS,Y,Y,N,N,N,N,N,,,,1,3,0,0,0,0,Y,N,Y,Y,Y,Y,Y,Y,Y,Y,Y,Y,Y,Y,Y,Y,N,,,,,0,0,265.3,20.4,7.7,Houston,N,N,POINT (-83.631624 32.639444),Week 14 - Aug 23
08/23/2020,115670,ROCKDALE HEALTHCARE CENTER,1510 RENIASSANCE DRIVE,CONYERS,GA,30012,Y,Y,0,0,0,0,0,0,0,6,0,0,102,90,,,,,Y,N,N,N,N,N,N,3-7 DAYS,N,N,N,N,N,N,Y,N,N,N,N,N,N,3-7 DAYS,N,N,N,N,N,N,,,,,0,14,0,5,0,0,N,N,Y,N,Y,Y,Y,Y,Y,Y,Y,Y,Y,Y,Y,N,N,,,,,0,0,0.0,0.0,,Rockdale,N,N,POINT (-83.988488 33.681285),Week 14 - Aug 23
08/23/2020,115483,DAWSON HEALTH AND REHABILITATION,1159 GEORGIA  AVE. S.E.,DAWSON,GA,39842,Y,Y,3,7,2,3,1,2,0,1,0,1,70,45,,,,,Y,N,N,N,N,N,N,1-2 DAYS,Y,N,Y,N,N,N,N,N,N,N,N,Y,N,,N,N,N,N,N,N,N,,,,1,3,0,0,0,0,N,N,N,N,Y,Y,Y,Y,Y,Y,Y,Y,Y,Y,Y,Y,N,,,,,44.4,0,66.7,22.2,33.3,Terrell,N,N,POINT (-84.432459 31.766108999999997),Week 14 - Aug 23
08/23/2020,115457,MADISON HEALTH AND REHAB,2036 SOUTH MAIN STREET,MADISON,GA,30650,Y,Y,0,0,0,23,0,0,0,4,0,4,70,57,,,,,Y,N,N,N,N,N,N,N/A,N,N,N,N,N,N,Y,N,N,N,N,N,N,3-7 DAYS,N,N,N,N,N,N,N,,,,0,6,0,3,0,0,N,N,N,N,Y,Y,Y,Y,Y,Y,Y,Y,Y,Y,Y,Y,N,,,,,0,0,403.5,70.2,17.4,Morgan,N,N,POINT (-83.480233 33.583723),Week 14 - Aug 23
08/23/2020,115509,PRUITTHEALTH - ATHENS HERITAGE,960 HAWTHORNE AVENUE,ATHENS,GA,30606,Y,Y,0,2,0,1,0,10,0,17,0,0,104,92,,,,,Y,N,N,N,N,N,N,3-7 DAYS,Y,N,N,N,Y,N,Y,N,N,N,N,N,N,3-7 DAYS,Y,N,N,N,Y,N,N,,,,1,3,0,0,0,0,N,N,N,N,Y,Y,Y,Y,Y,Y,Y,Y,Y,Y,Y,Y,N,,,,,0,0,10.9,0.0,0.0,Clarke,N,N,POINT (-83.414564 33.968928),Week 14 - Aug 23
08/23/2020,115484,PROVIDENCE HEALTHCARE,1011 SOUTH GREEN STREET,THOMASTON,GA,30286,Y,Y,0,9,0,13,0,40,0,6,0,4,96,80,,,,,Y,N,N,N,N,N,N,3-7 DAYS,N,N,N,N,N,N,Y,N,N,N,N,N,N,3-7 DAYS,Y,N,Y,N,N,N,,,,,1,33,0,0,0,0,Y,N,N,N,Y,Y,Y,Y,Y,Y,Y,Y,Y,Y,Y,Y,Y,10,0,Y,Y,0,0,162.5,50.0,30.8,Upson,N,N,POINT (-84.343435 32.876237),Week 14 - Aug 23
08/23/2020,115410,"OAKS - LIMESTONE, THE",2560 FLINTRIDGE ROAD,GAINESVILLE,GA,30501,Y,Y,0,11,0,3,0,1,0,0,0,0,104,75,,,,,Y,N,N,N,N,N,N,3-7 DAYS,Y,N,N,N,Y,N,Y,N,N,N,N,N,N,3-7 DAYS,Y,N,N,N,Y,N,N,,,,0,1,0,0,0,0,N,N,N,N,Y,Y,Y,Y,Y,Y,Y,Y,Y,Y,Y,Y,N,,,,,0,0,40.0,0.0,0.0,Hall,N,N,POINT (-83.808977 34.328359),Week 14 - Aug 23
08/23/2020,115708,CHURCH HOME REHABILITATION AND HEALTHCARE,2470 HWY 41 N,FORT VALLEY,GA,31030,Y,Y,0,0,0,0,0,0,0,3,0,0,75,59,,,,,Y,N,N,N,N,N,N,1-2 DAYS,Y,N,N,Y,N,N,Y,N,N,N,N,N,N,1-2 DAYS,N,N,N,N,N,N,N,,,,0,3,1,2,0,0,Y,N,Y,Y,Y,Y,Y,Y,Y,Y,Y,Y,Y,Y,Y,Y,N,,,,,0,0,0.0,0.0,,Houston,N,N,POINT (-83.720206 32.52978),Week 14 - Aug 23
08/23/2020,115449,HART CARE CENTER,261 FAIRVIEW AVENUE,HARTWELL,GA,30643,Y,Y,0,1,0,33,0,24,3,10,2,5,116,70,,,,,Y,N,N,N,N,N,N,3-7 DAYS,Y,N,N,Y,N,N,Y,N,N,N,N,N,N,3-7 DAYS,Y,Y,N,N,N,N,N,,,,1,36,0,22,0,0,N,N,N,N,Y,Y,Y,Y,Y,Y,Y,Y,Y,Y,Y,Y,N,,,,,0,28.6,471.4,71.4,15.2,Hart,N,N,POINT (-82.919119 34.351199),Week 14 - Aug 23
08/23/2020,115022,"WILLIAM BREMAN JEWISH HOME, THE",3150 HOWELL MILL ROAD N.W.,ATLANTA,GA,30327,Y,Y,0,2,0,12,0,0,0,7,0,3,96,81,,,,,Y,N,N,N,N,N,N,1-2 DAYS,Y,N,N,N,Y,N,Y,N,N,N,N,N,N,1-2 DAYS,Y,N,N,N,Y,N,N,,,,0,23,0,0,0,0,N,N,N,N,Y,Y,Y,Y,Y,Y,Y,Y,Y,Y,Y,Y,N,,,,,0,0,148.1,37.0,25.0,Fulton,N,N,POINT (-84.427225 33.840611),Week 14 - Aug 23
08/23/2020,115452,PRUITTHEALTH - SHEPHERD HILLS,800 PATTERSON RD,LA FAYETTE,GA,30728,Y,Y,0,0,0,1,0,0,0,2,0,0,112,110,,,,,Y,N,N,N,N,N,N,N/A,N,N,N,N,N,N,Y,N,N,N,N,N,N,3-7 DAYS,N,N,N,N,N,N,N,,,,0,0,0,0,0,0,N,N,N,N,Y,Y,Y,Y,Y,Y,Y,Y,Y,Y,Y,Y,N,,,,,0,0,9.1,0.0,0.0,Walker,N,N,POINT (-85.267678 34.697713),Week 14 - Aug 23
08/23/2020,115537,RENAISSANCE CENTER FOR NURSING AND HEALING,415 AIRPORT ROAD,GRIFFIN,GA,30223,Y,Y,0,0,1,1,0,0,1,2,1,1,148,125,,,,,Y,N,N,N,N,N,N,3-7 DAYS,Y,N,N,Y,N,N,Y,N,N,N,N,N,N,3-7 DAYS,Y,N,N,Y,N,N,N,,,,3,42,0,0,0,0,N,N,N,N,Y,Y,Y,Y,Y,Y,Y,Y,Y,Y,Y,Y,N,,,,,8,8,8.0,8.0,100.0,Spalding,N,Y,POINT (-84.28157 33.22288),Week 14 - Aug 23
08/23/2020,115682,BUDD TERRACE AT WESLEY WOODS,"1833 CLIFTON ROAD, NE",ATLANTA,GA,30329,Y,Y,9,105,0,7,0,0,2,10,0,6,236,159,,,,,Y,N,N,N,N,N,N,1-2 DAYS,Y,Y,N,N,Y,N,Y,N,N,N,N,N,N,1-2 DAYS,Y,Y,N,N,Y,N,N,,,,0,10,0,0,0,0,N,N,N,N,Y,Y,Y,Y,Y,Y,Y,Y,Y,Y,Y,Y,N,,,,,0,0,44.0,37.7,85.7,DeKalb,N,N,POINT (-84.331837 33.80193),Week 14 - Aug 23
08/23/2020,115728,ARCHWAY TRANSITIONAL CARE CENTER,4373 HOUSTON AVENUE,MACON,GA,31206,Y,Y,0,0,5,41,4,38,0,8,0,6,100,79,,,,,Y,N,N,N,N,N,N,3-7 DAYS,Y,Y,Y,N,N,N,Y,N,N,N,N,N,N,3-7 DAYS,N,N,N,N,N,N,N,,,,0,9,0,12,0,0,Y,N,Y,Y,Y,Y,Y,Y,Y,N,Y,Y,Y,Y,Y,Y,N,,,,,63.3,0,519.0,75.9,14.6,Bibb,Y,N,POINT (-83.658854 32.78491),Week 14 - Aug 23
08/23/2020,115709,TWIN FOUNTAINS HOME,1400 HOGANSVILLE ROAD,LAGRANGE,GA,30240,Y,Y,0,1,0,6,0,5,0,2,0,2,112,82,,,,,Y,N,N,N,N,N,N,3-7 DAYS,Y,N,N,N,N,Y,Y,N,N,N,N,N,N,3-7 DAYS,N,N,N,N,N,N,Y,0,0,Y,0,10,1,7,0,0,Y,N,Y,Y,N,N,Y,Y,Y,Y,Y,Y,Y,Y,Y,Y,N,,,,,0,0,73.2,24.4,33.3,Troup,N,N,POINT (-84.995696 33.056323),Week 14 - Aug 23
08/23/2020,115729,ROCKMART HEALTH,528 HUNTER STREET,ROCKMART,GA,30153,Y,Y,0,1,0,1,0,0,0,2,0,0,73,38,,,,,Y,N,N,N,N,N,N,3-7 DAYS,Y,N,N,N,N,Y,Y,N,N,N,N,N,N,3-7 DAYS,Y,N,N,N,N,Y,,,,,0,1,0,0,0,0,Y,N,Y,Y,Y,Y,Y,Y,Y,Y,Y,Y,Y,Y,Y,Y,N,,,,,0,0,26.3,0.0,0.0,Polk,N,N,POINT (-85.042524 34.006854),Week 14 - Aug 23
08/23/2020,115710,HILL HAVEN NURSING HOME,880 RIDGEWAY ROAD,COMMERCE,GA,30529,Y,Y,0,0,0,0,0,2,0,3,0,0,70,62,,,,,Y,N,N,N,N,N,N,N/A,N,N,N,N,N,N,Y,N,N,N,N,N,N,3-7 DAYS,N,N,N,N,N,N,N,,,,0,4,0,0,0,0,N,N,N,N,Y,Y,Y,Y,Y,Y,Y,Y,Y,Y,Y,Y,N,,,,,0,0,0.0,0.0,,Jackson,N,N,POINT (-83.475301 34.21821),Week 14 - Aug 23
08/23/2020,115718,MARSH'S EDGE,111 RENEGAR WAY,SAINT SIMONS ISLAND,GA,31522,Y,Y,0,0,0,1,0,0,0,0,0,0,20,15,,,,,Y,N,N,N,N,N,N,3-7 DAYS,Y,Y,N,N,N,N,Y,N,N,N,N,N,N,3-7 DAYS,N,N,N,N,N,N,N,,,,0,1,0,0,0,0,N,N,N,N,Y,Y,Y,Y,Y,Y,Y,Y,Y,Y,Y,Y,N,,,,,0,0,66.7,0.0,0.0,Glynn,N,N,POINT (-81.380968 31.225139000000002),Week 14 - Aug 23
08/23/2020,115719,PRUITTHEALTH - ROME,2 THREE MILE ROAD NE,ROME,GA,30165,Y,Y,0,0,1,6,0,0,0,0,0,0,100,83,,,,,Y,N,N,N,N,N,N,3-7 DAYS,N,N,N,N,N,N,Y,N,N,N,N,N,N,3-7 DAYS,N,N,N,N,N,N,N,,,,9,28,0,0,0,0,N,N,N,N,Y,Y,Y,Y,Y,Y,Y,Y,Y,Y,Y,Y,N,,,,,12,0,72.3,0.0,0.0,Floyd,N,N,POINT (-85.175972 34.299371),Week 14 - Aug 23
08/23/2020,115720,EVERGREEN HEALTH AND REHABILITATION CENTER,"139 MORAN LAKE ROAD, NE",ROME,GA,30161,Y,Y,0,0,1,2,0,0,0,0,0,0,100,87,,,,,Y,N,N,N,N,N,N,3-7 DAYS,Y,N,N,N,Y,N,Y,N,N,N,N,N,N,>7 DAYS,Y,N,N,N,Y,N,,,,,0,2,0,4,0,0,N,N,N,N,Y,Y,Y,Y,Y,Y,Y,Y,Y,Y,Y,Y,N,,,,,11.5,0,23.0,0.0,0.0,Floyd,N,N,POINT (-85.111098 34.259118),Week 14 - Aug 23
08/23/2020,115721,SENIOR CARE CENTER - BRUNSWICK,2611 WILDWOOD DRIVE,BRUNSWICK,GA,31520,Y,Y,3,10,9,49,0,1,2,20,2,7,200,165,,,,,Y,N,N,N,N,N,N,3-7 DAYS,Y,N,N,N,N,Y,Y,N,N,N,N,N,N,3-7 DAYS,Y,N,N,N,N,Y,N,,,,2,38,7,28,0,0,Y,N,Y,Y,Y,Y,Y,Y,Y,Y,Y,Y,Y,Y,Y,Y,N,,,,,54.5,12.1,297.0,42.4,14.3,Glynn,Y,N,POINT (-81.4824 31.17544),Week 14 - Aug 23
08/23/2020,115722,ANSLEY PARK HEALTH AND REHABILITATION,450 NEWNAN LAKES BLVD,NEWNAN,GA,30263,Y,Y,0,0,0,0,0,0,0,0,0,0,66,40,,,,,Y,N,N,N,N,N,N,3-7 DAYS,N,N,N,N,N,N,Y,N,N,N,N,N,N,3-7 DAYS,N,N,N,N,N,N,N,,,,1,1,0,1,0,0,N,N,N,N,Y,Y,Y,Y,Y,Y,Y,Y,Y,Y,Y,Y,N,,,,,0,0,0.0,0.0,,Coweta,N,N,POINT (-84.763944 33.376705),Week 14 - Aug 23
08/23/2020,115723,SALUDE - THE ART OF RECOVERY,601 NORTHOLT PARKWAY,SUWANEE,GA,30024,Y,Y,0,0,1,1,0,9,0,5,0,0,64,59,,,,,Y,N,N,N,N,N,N,3-7 DAYS,Y,N,Y,N,N,N,Y,N,N,N,N,N,N,3-7 DAYS,Y,N,Y,N,N,N,,,,,0,4,0,16,0,0,N,N,N,N,Y,Y,Y,Y,Y,Y,Y,Y,Y,Y,Y,Y,N,,,,,16.9,0,16.9,0.0,0.0,Gwinnett,N,Y,POINT (-84.05786 34.031208),Week 14 - Aug 23
08/23/2020,115711,MEMORIAL MANOR NURSING HOME,1500 EAST SHOTWELL STREET,BAINBRIDGE,GA,39819,Y,N,,,,,,,,,,,,,,,,,,,,,,,,,,,,,,,,,,,,,,,,,,,,,,,,,,,,,,,,,,,,,,,,,,,,,,,,,,,,,,,,,Decatur,,,POINT (-84.55367 30.903781000000002),Week 14 - Aug 23
08/23/2020,115730,OCEANSIDE HEALTH AND REHAB,7 ROSEWOOD AVENUE,TYBEE ISLAND,GA,31328,Y,Y,0,6,0,0,0,1,0,2,0,0,85,69,,,,,Y,N,N,N,N,N,N,3-7 DAYS,Y,N,N,N,Y,N,Y,N,N,N,N,N,N,3-7 DAYS,N,N,N,N,N,N,N,,,,0,3,0,1,0,0,N,N,Y,N,Y,Y,Y,Y,Y,Y,Y,Y,Y,Y,Y,Y,N,,,,,0,0,0.0,0.0,,Chatham,N,N,POINT (-80.843141 32.016726),Week 14 - Aug 23
08/23/2020,115713,PALEMON GASKINS MEM NSG HOME,710 NORTH IRWIN AVENUE,OCILLA,GA,31774,Y,Y,0,0,0,1,0,0,0,1,0,0,30,25,,,,,Y,N,N,N,N,N,N,N/A,N,N,N,N,N,N,Y,N,N,N,N,N,N,3-7 DAYS,N,N,N,N,N,N,N,,,,0,5,0,0,0,0,Y,N,Y,N,Y,Y,Y,Y,Y,Y,Y,Y,Y,Y,Y,Y,N,,,,,0,0,40.0,0.0,0.0,Irwin,N,N,POINT (-83.250331 31.602797),Week 14 - Aug 23
08/23/2020,115732,BOSTICK NURSING CENTER,1700 BOSTICK CIRCLE,MILLEDGEVILLE,GA,31061,N,,0,0,0,4,0,0,0,1,0,1,280,204,,,,,,,,,,,,,,,,,,,,,,,,,,,,,,,,,,,,,0,2,0,0,0,0,,,,,,,,,,,,,,,,,,,,,,0,0,19.6,4.9,25.0,Baldwin,,,,Week 14 - Aug 23
08/23/2020,115715,OAKS HEALTH CTR AT THE MARSHES OF SKIDAWAY ISLAND,95 SKIDAWAY ISLAND PARK ROAD,SAVANNAH,GA,31411,Y,Y,0,0,0,0,0,0,0,3,0,0,23,15,,,,,Y,N,N,N,N,N,N,N/A,N,N,N,N,N,N,Y,N,N,N,N,N,N,3-7 DAYS,N,N,N,N,N,N,N,,,,0,2,0,22,0,0,N,N,N,N,Y,Y,Y,Y,Y,Y,Y,Y,Y,Y,Y,Y,N,,,,,0,0,0.0,0.0,,Chatham,N,N,POINT (-81.058137 31.943277),Week 14 - Aug 23
08/23/2020,115733,GLEN EAGLE HEALTHCARE AND REHAB,206 MAIN STREET EAST,ABBEVILLE,GA,31001,Y,Y,0,1,0,0,0,0,0,2,0,0,101,64,,,,,Y,N,N,N,N,N,N,3-7 DAYS,Y,N,N,N,Y,N,Y,N,N,N,N,N,N,3-7 DAYS,Y,N,N,N,N,Y,N,,,,0,2,0,0,0,0,Y,N,N,N,Y,Y,Y,Y,Y,Y,Y,Y,Y,Y,Y,Y,N,,,,,0,0,0.0,0.0,,Wilcox,N,N,POINT (-83.30268 31.992509),Week 14 - Aug 23
08/23/2020,115712,SEMINOLE MANOR NURSING HOME,100 FLORENCE STREET,DONALSONVILLE,GA,39845,Y,Y,0,0,0,0,0,0,1,23,0,0,75,57,,,,,Y,N,N,N,N,N,N,3-7 DAYS,Y,N,N,N,Y,N,Y,N,N,N,N,N,N,3-7 DAYS,Y,N,N,N,Y,N,N,,,,1,2,0,0,0,0,Y,N,Y,Y,Y,Y,Y,Y,Y,Y,Y,Y,Y,Y,Y,Y,N,,,,,0,0,0.0,0.0,,Seminole,N,N,POINT (-84.717864 31.300172),Week 14 - Aug 23
08/23/2020,11A186,GEORGIA REGIONAL ATLANTA LTC,"3073 PANTHERSVILLE RD, SNF BLDG. #17",DECATUR,GA,30034,Y,Y,0,0,0,10,0,0,0,0,0,0,56,21,,,,,Y,N,N,N,N,N,N,3-7 DAYS,Y,N,N,N,N,Y,N,N,Y,N,N,N,N,3-7 DAYS,N,N,N,N,N,N,N,,,,0,9,0,0,0,0,N,N,N,N,Y,Y,Y,Y,Y,Y,Y,Y,Y,Y,Y,Y,N,,,,,0,0,476.2,0.0,0.0,DeKalb,N,N,POINT (-84.271981 33.694288),Week 14 - Aug 23
08/23/2020,115717,RELIABLE HEALTH & REHAB AT LAKEWOOD,"1980 ARROW STREET, SW",ATLANTA,GA,30310,Y,Y,0,6,0,41,0,20,0,9,0,5,100,71,,,,,Y,N,N,N,N,N,N,>7 DAYS,Y,Y,N,N,N,N,Y,N,N,N,N,N,N,>7 DAYS,N,N,N,N,N,N,N,,,,0,23,0,10,0,0,Y,N,Y,Y,Y,Y,Y,Y,Y,Y,Y,Y,Y,Y,Y,Y,N,,,,,0,0,577.5,70.4,12.2,Fulton,N,N,POINT (-84.42602 33.699165),Week 14 - Aug 23
08/23/2020,115771,CAMBRIDGE POST ACUTE CARE CENTER,2020 MCGEE ROAD,SNELLVILLE,GA,30078,Y,Y,0,13,0,44,0,0,1,11,0,6,144,111,,,,,Y,N,N,N,N,N,N,1-2 DAYS,Y,N,N,N,Y,N,Y,N,N,N,N,N,N,1-2 DAYS,Y,N,N,N,Y,N,N,,,,0,11,0,2,0,0,N,N,N,N,Y,Y,Y,Y,Y,Y,Y,Y,Y,Y,Y,Y,N,,,,,0,0,396.4,54.1,13.6,Gwinnett,N,N,POINT (-84.036993 33.857768),Week 14 - Aug 23
08/23/2020,115714,NORTHRIDGE HEALTH AND REHABILITATION,100 MEDICAL CENTER DRIVE,COMMERCE,GA,30529,Y,Y,0,1,0,55,0,125,1,38,0,9,136,107,,,,,Y,N,N,N,N,N,N,3-7 DAYS,Y,N,N,N,N,Y,Y,N,N,N,N,N,N,3-7 DAYS,N,N,N,N,N,N,Y,0,0,Y,0,5,0,18,0,0,Y,N,Y,Y,Y,N,Y,N,Y,N,Y,Y,Y,Y,Y,Y,N,,,,,0,0,514.0,84.1,16.4,Jackson,N,N,POINT (-83.469196 34.218844),Week 14 - Aug 23
08/23/2020,11A200,GRACEWOOD NSG FACILITY(UNIT 9),"100 MYRTLE BLVD., EAST CENTRAL REG HOSP",GRACEWOOD,GA,30812,Y,Y,0,0,0,5,0,2,0,0,0,0,56,21,,,,,Y,N,N,N,N,N,N,1-2 DAYS,N,N,N,N,N,N,N,N,N,Y,N,N,N,>7 DAYS,N,N,N,N,N,N,,,,,0,5,0,2,0,0,N,N,N,N,Y,Y,Y,Y,Y,Y,Y,Y,Y,Y,Y,Y,N,,,,,0,0,238.1,0.0,0.0,Richmond,N,N,,Week 14 - Aug 23
08/23/2020,115716,SPRING HARBOR AT GREEN ISLAND,200 SPRING HARBOR DRIVE,COLUMBUS,GA,31904,Y,Y,0,1,0,0,0,5,1,11,0,0,40,20,,,,,Y,N,N,N,N,N,N,N/A,N,N,N,N,N,N,Y,N,N,N,N,N,N,3-7 DAYS,N,N,N,N,N,N,N,,,,0,4,1,14,0,0,N,N,N,N,Y,Y,Y,Y,Y,Y,Y,Y,Y,Y,Y,Y,N,,,,,0,0,0.0,0.0,,Muscogee,N,N,POINT (-84.997817 32.551948),Week 14 - Aug 23
08/23/2020,115724,CHELSEY PARK HEALTH AND REHABILITATION,200 MOUNTAIN PARK DRIVE,DAHLONEGA,GA,30533,Y,Y,0,0,0,2,0,5,0,0,0,0,60,50,,,,,Y,N,N,N,N,N,N,3-7 DAYS,Y,N,N,N,Y,N,Y,N,N,N,N,N,N,3-7 DAYS,Y,N,N,N,Y,N,N,,,,0,8,2,13,0,0,Y,N,Y,N,Y,Y,Y,Y,Y,Y,Y,Y,Y,Y,Y,Y,N,,,,,0,0,40.0,0.0,0.0,Lumpkin,N,N,POINT (-83.976728 34.524246),Week 14 - Aug 23
08/23/2020,115725,HARRINGTON PARK HEALTH AND REHABILITATION,511 PLEASANT HOME ROAD,AUGUSTA,GA,30907,Y,Y,0,1,0,1,0,27,1,8,0,0,58,48,,,,,Y,N,N,N,N,N,N,3-7 DAYS,Y,N,N,N,Y,N,Y,N,N,N,N,N,N,3-7 DAYS,N,N,N,N,N,N,N,,,,0,3,0,9,0,0,N,N,Y,N,Y,Y,Y,Y,Y,Y,Y,Y,Y,Y,Y,Y,N,,,,,0,0,20.8,0.0,0.0,Richmond,N,N,POINT (-82.079969 33.501422),Week 14 - Aug 23
08/23/2020,115726,MEADOWS PARK HEALTH AND REHABILITATION,119 MEADOWS PARKWAY WEST,VIDALIA,GA,30474,Y,Y,0,0,0,1,0,46,0,0,0,0,75,62,,,,,Y,N,N,N,N,N,N,3-7 DAYS,Y,Y,N,N,Y,N,Y,N,N,N,N,N,N,3-7 DAYS,N,N,N,N,N,N,N,,,,0,5,0,10,0,0,N,N,Y,N,Y,Y,Y,Y,Y,Y,Y,Y,Y,Y,Y,Y,N,,,,,0,0,16.1,0.0,0.0,Toombs,N,N,POINT (-82.413097 32.218272),Week 14 - Aug 23
08/23/2020,115727,ADVANCED HEALTH AND REHAB OF TWIGGS COUNTY,113 SPRING VALLEY ROAD,JEFFERSONVILLE,GA,31044,Y,Y,0,0,1,38,0,0,6,10,4,8,131,93,,,,,Y,N,N,N,N,N,N,3-7 DAYS,Y,N,Y,N,N,N,Y,N,N,N,N,N,N,3-7 DAYS,Y,N,Y,N,N,N,Y,0,0,Y,2,15,0,0,0,0,Y,N,Y,N,Y,Y,Y,Y,Y,Y,Y,Y,Y,Y,Y,Y,N,,,,,10.8,43,408.6,86.0,21.1,Twiggs,N,N,POINT (-83.3232 32.676868),Week 14 - Aug 23
