Week Ending,Federal Provider Number,Provider Name,Provider Address,Provider City,Provider State,Provider Zip Code,Submitted Data,Passed Quality Assurance Check,Residents Weekly Admissions COVID-19,Residents Total Admissions COVID-19,Residents Weekly Confirmed COVID-19,Residents Total Confirmed COVID-19,Residents Weekly Suspected COVID-19,Residents Total Suspected COVID-19,Residents Weekly All Deaths,Residents Total All Deaths,Residents Weekly COVID-19 Deaths,Residents Total COVID-19 Deaths,Number of All Beds,Total Number of Occupied Beds,Resident Access to Testing in Facility,Laboratory Type Is State Health Dept,Laboratory Type Is Private Lab,Laboratory Type Is Other,Able to Test or Obtain Resources to Test All Current Residents Within Next 7 Days,Reason for Not Testing Residents - Lack of PPE for Personnel ,Reason for Not Testing Residents - Lack of Supplies,Reason for Not Testing Residents  - Lack of Access to Laboratory,Reason for Not Testing Residents - Lack of Access to Trained Personnel ,Reason for Not Testing Residents  - Uncertainty About Reimbursement,Reason for Not Testing Residents  - Other,During Past Two Weeks Average Time to Receive Resident Test Results,Has Facility Performed Resident Tests Since Last Report,Tested Residents with New Signs or Symptoms,Tested Asymptomatic Residents in a Unit or Section After a New Case,Tested Asymptomatic Residents Facility-Wide After a New Case,Tested Asymptomatic Residents Without Known Exposure as Surveillance,Tested Another Subgroup of Residents,Able to Test or Obtain Resources to Test All Staff and/or Personnel Within Next 7 Days,Reason for Not Testing Staff and/or Personnel - Lack of PPE for Personnel ,Reason for Not Testing Staff and/or Personnel - Lack of Supplies,Reason for Not Testing Staff and/or Personnel - Lack of Access to Laboratory,Reason for Not Testing Staff and/or Personnel  - Lack of Access to Trained Personnel ,Reason for Not Testing Staff and/or Personnel - Uncertainty About Reimbursement,Reason for Not Testing Staff and/or Personnel - Other,During Past Two Weeks Average Time to Receive Staff and/or Personnel Test Results,Has Facility Performed Staff and/or Personnel Tests Since Last Report,Tested Staff and/or Personnel with New Signs or Symptoms,Tested Asymptomatic Staff and/or Personnel in a Unit or Section After a New Case,Tested Asymptomatic Staff and/or Personnel Facility-Wide After a New Case,Tested Asymptomatic Staff and/or Personnel Without Known Exposure as Surveillance,Tested Another Subgroup of Staff and/or Personnel,In-House Point-of-Care Test Machine,COVID-19 Point-of-Care Tests Performed on Residents Since Last Report,COVID-19 Point-of-Care Tests Performed on Staff and/or Personnel Since Last Report,Enough Supplies to Test All Staff and/or Personnel Using Point-of-Care Test Machine,Staff Weekly Confirmed COVID-19,Staff Total Confirmed COVID-19,Staff Weekly Suspected COVID-19,Staff Total Suspected COVID-19,Staff Weekly COVID-19 Deaths,Staff Total COVID-19 Deaths,Shortage of Nursing Staff,Shortage of Clinical Staff,Shortage of Aides,Shortage of Other Staff,Any Current Supply of N95 Masks,One-Week Supply of N95 Masks,Any Current Supply of Surgical Masks,One-Week Supply of Surgical Masks,Any Current Supply of Eye Protection,One-Week Supply of Eye Protection,Any Current Supply of Gowns,One-Week Supply of Gowns,Any Current Supply of Gloves,One-Week Supply of Gloves,Any Current Supply of Hand Sanitizer,One-Week Supply of Hand Sanitizer,Ventilator Dependent Unit,Number of Ventilators in Facility,Number of Ventilators in Use for COVID-19,Any Current Supply of Ventilator Supplies,One-Week Supply of Ventilator Supplies,"Weekly Resident Confirmed COVID-19 Cases Per 1,000 Residents","Weekly Resident COVID-19 Deaths Per 1,000 Residents","Total Resident Confirmed COVID-19 Cases Per 1,000 Residents","Total Resident COVID-19 Deaths Per 1,000 Residents",Total Residents COVID-19 Deaths as a Percentage of Confirmed COVID-19 Cases,County,Three or More Confirmed COVID-19 Cases This Week,Initial Confirmed COVID-19 Case This Week,Geolocation,Reporting Interval
08/30/2020,185166,HARLAN HEALTH AND REHABILITATION CENTER,200 MEDICAL CENTER DRIVE,HARLAN,KY,40831,Y,Y,0,0,0,0,0,0,0,0,0,0,143,134,,,,,Y,N,N,N,N,N,N,3-7 DAYS,N,N,N,N,N,N,Y,N,N,N,N,N,N,3-7 DAYS,Y,N,N,N,Y,N,Y,0,0,N,1,2,0,0,0,0,Y,N,Y,N,Y,Y,Y,Y,Y,Y,Y,Y,Y,Y,Y,Y,N,,,,,0,0,0.0,0.0,,Harlan,N,N,POINT (-83.31268200000001 36.808504),Week 15 - Aug 30
08/30/2020,185304,PRESTONSBURG HEALTH CARE CENTER,147 NORTH HIGHLAND AVENUE,PRESTONSBURG,KY,41653,Y,Y,0,0,0,0,0,0,0,4,0,0,54,43,,,,,Y,N,N,N,N,N,N,1-2 DAYS,N,N,N,N,N,N,Y,N,N,N,N,N,N,1-2 DAYS,Y,N,N,N,Y,N,N,,,,0,0,0,0,0,0,N,N,N,N,Y,Y,Y,Y,Y,Y,Y,Y,Y,Y,Y,Y,N,,,,,0,0,0.0,0.0,,Floyd,N,N,POINT (-82.772001 37.669625),Week 15 - Aug 30
08/30/2020,185434,THE HERITAGE,192 BACON CREEK ROAD,CORBIN,KY,40702,Y,Y,0,0,0,0,0,0,0,10,0,0,85,78,,,,,Y,N,N,N,N,N,N,1-2 DAYS,N,N,N,N,N,N,Y,N,N,N,N,N,N,1-2 DAYS,Y,N,N,N,Y,N,N,,,,2,4,0,1,0,0,N,N,N,N,Y,Y,Y,Y,Y,Y,Y,Y,Y,Y,Y,Y,N,,,,,0,0,0.0,0.0,,Whitley,N,N,POINT (-84.117033 36.91597500000001),Week 15 - Aug 30
08/30/2020,185013,"BRIGHTON CORNERSTONE GROUP, LLC",55 EAST NORTH STREET,MADISONVILLE,KY,42431,Y,Y,0,0,0,0,0,0,0,3,0,0,69,46,,,,,Y,N,N,N,N,N,N,N/A,N,N,N,N,N,N,Y,N,N,N,N,N,N,3-7 DAYS,Y,N,N,N,Y,N,N,,,,0,0,0,0,0,0,N,N,N,N,Y,Y,Y,Y,Y,Y,Y,Y,Y,Y,Y,Y,N,,,,,0,0,0.0,0.0,,Hopkins,N,N,POINT (-87.496494 37.335405),Week 15 - Aug 30
08/30/2020,185250,OAKMONT MANOR,1100 GRANDVIEW DRIVE,FLATWOODS,KY,41139,Y,Y,0,0,0,0,0,0,0,6,0,0,85,74,,,,,Y,N,N,N,N,N,N,3-7 DAYS,Y,N,N,Y,N,N,Y,N,N,N,N,N,N,3-7 DAYS,Y,N,N,Y,N,N,N,,,,1,1,1,7,0,0,N,N,Y,N,Y,Y,Y,Y,Y,Y,Y,Y,Y,Y,Y,Y,N,,,,,0,0,0.0,0.0,,Greenup,N,N,POINT (-82.711326 38.531916),Week 15 - Aug 30
08/30/2020,185210,THE WILLOWS AT HARRODSBURG,180 LUCKY MAN WAY,HARRODSBURG,KY,40330,Y,Y,0,0,0,0,0,1,3,4,0,0,43,37,,,,,Y,N,N,N,N,N,N,,,N,N,N,N,N,Y,N,N,N,N,N,N,,,N,N,N,N,N,,,,,0,1,0,0,0,0,N,N,N,N,Y,Y,Y,Y,Y,Y,Y,Y,Y,Y,Y,Y,N,,,,,0,0,0.0,0.0,,Mercer,N,N,,Week 15 - Aug 30
08/30/2020,185194,THE FORUM AT BROOKSIDE,200 BROOKSIDE DRIVE,LOUISVILLE,KY,40243,Y,Y,0,5,1,21,0,6,1,20,0,6,60,38,,,,,Y,N,N,N,N,N,N,3-7 DAYS,Y,N,N,N,Y,N,Y,N,N,N,N,N,N,3-7 DAYS,Y,N,N,N,Y,N,N,,,,0,21,0,16,0,0,N,N,N,N,Y,N,Y,Y,Y,Y,Y,N,Y,Y,Y,Y,N,,,,,26.3,0,552.6,157.9,28.6,Jefferson,N,N,POINT (-85.554603 38.24651),Week 15 - Aug 30
08/30/2020,185320,LIFE CARE CENTER OF LA CENTER,252 W. 5TH STREET,LA CENTER,KY,42056,Y,Y,0,0,0,0,0,1,0,5,0,0,70,50,,,,,Y,N,N,N,N,N,N,<1 DAY,Y,N,Y,N,N,N,Y,N,N,N,N,N,N,1-2 DAYS,Y,N,N,N,Y,N,N,,,,1,2,0,0,0,0,N,N,N,N,Y,Y,Y,Y,Y,Y,Y,Y,Y,Y,Y,Y,N,,,,,0,0,0.0,0.0,,Ballard,N,N,,Week 15 - Aug 30
08/30/2020,185208,CARMEL MANOR,100 CARMEL MANOR ROAD,FORT THOMAS,KY,41075,Y,Y,2,6,4,15,0,5,5,5,5,5,95,54,,,,,Y,N,N,N,N,N,N,3-7 DAYS,Y,N,N,Y,N,N,Y,N,N,N,N,N,N,3-7 DAYS,Y,N,N,Y,N,N,N,,,,2,15,0,0,0,0,Y,N,Y,N,Y,N,Y,Y,Y,Y,Y,Y,Y,Y,Y,Y,N,,,,,74.1,92.6,277.8,92.6,33.3,Campbell,Y,N,POINT (-84.440133 39.064219),Week 15 - Aug 30
08/30/2020,185225,ROSEDALE GREEN,4250 GLENN AVENUE,COVINGTON,KY,41015,Y,Y,0,29,9,82,0,23,0,64,0,23,176,125,,,,,Y,N,N,N,N,N,N,<1 DAY,Y,N,N,Y,N,N,Y,N,N,N,N,N,N,<1 DAY,Y,N,N,Y,N,N,N,,,,4,37,0,3,0,0,N,N,N,N,Y,Y,Y,Y,Y,Y,Y,Y,Y,Y,Y,Y,,,,,,72,0,656.0,184.0,28.0,Kenton,Y,N,POINT (-84.496073 39.042486),Week 15 - Aug 30
08/30/2020,185312,STONECREEK HEALTH AND REHABILITATION,4747 ALBEN BARKLEY DRIVE,PADUCAH,KY,42001,Y,Y,0,0,6,15,0,0,1,2,1,1,90,72,,,,,Y,N,N,N,N,N,N,3-7 DAYS,Y,N,N,Y,Y,N,Y,N,N,N,N,N,N,3-7 DAYS,Y,N,N,N,Y,N,N,,,,0,10,0,1,0,0,N,N,N,N,Y,Y,Y,Y,Y,Y,Y,Y,Y,Y,Y,Y,N,,,,,83.3,13.9,208.3,13.9,6.7,McCracken,Y,N,POINT (-88.659253 37.056282),Week 15 - Aug 30
08/30/2020,185171,PARKVIEW NURSING & REHABILITATION CENTER,544 LONE OAK ROAD,PADUCAH,KY,42003,Y,Y,0,0,0,0,1,2,0,6,0,0,228,196,,,,,Y,N,N,N,N,N,N,1-2 DAYS,Y,Y,N,N,N,N,Y,N,N,N,N,N,N,1-2 DAYS,Y,N,N,N,Y,N,N,,,,0,7,0,14,0,0,N,N,N,N,Y,Y,Y,Y,Y,Y,Y,Y,Y,Y,Y,Y,N,,,,,0,0,0.0,0.0,,McCracken,N,N,POINT (-88.638506 37.063076),Week 15 - Aug 30
08/30/2020,185229,BARREN COUNTY NURSING AND REHABILITATION,300 WESTWOOD STREET,GLASGOW,KY,42141,Y,Y,0,0,0,0,0,0,0,14,0,0,94,87,,,,,Y,N,N,N,N,N,N,1-2 DAYS,Y,Y,N,N,N,N,Y,N,N,N,N,N,N,3-7 DAYS,Y,N,N,N,Y,N,N,,,,0,0,0,0,0,0,N,N,N,N,Y,Y,Y,Y,Y,Y,Y,Y,Y,Y,Y,Y,N,,,,,0,0,0.0,0.0,,Barren,N,N,POINT (-85.933626 36.994685),Week 15 - Aug 30
08/30/2020,185112,NIM HENSON GERIATRIC CENTER,420 JETT DRIVE,JACKSON,KY,41339,Y,Y,0,0,0,0,0,0,4,40,0,0,122,60,,,,,Y,N,N,N,N,N,N,1-2 DAYS,N,N,N,N,N,N,Y,N,N,N,N,N,N,1-2 DAYS,Y,N,N,N,N,Y,N,,,,0,0,0,0,0,0,Y,N,Y,N,Y,N,Y,N,Y,N,Y,N,Y,N,Y,N,N,,,,,0,0,0.0,0.0,,Breathitt,N,N,POINT (-83.370482 37.563814),Week 15 - Aug 30
08/30/2020,185305,SPRINGHURST HEALTH AND REHAB,3001 N. HURSTBOURNE PARKWAY,LOUISVILLE,KY,40241,Y,Y,0,0,0,1,0,1,0,5,0,1,,45,,,,,Y,N,N,N,N,N,N,,,N,N,N,N,N,Y,N,N,N,N,N,N,,,N,N,N,N,N,,,,,1,5,0,0,0,0,N,N,N,N,Y,Y,Y,Y,Y,Y,Y,Y,Y,Y,Y,Y,N,,,,,0,0,22.2,22.2,100.0,Jefferson,N,N,POINT (-85.575383 38.292995),Week 15 - Aug 30
08/30/2020,185234,CALVERT CITY CONVALESCENT CENTER,1201 FIFTH AVE,CALVERT CITY,KY,42029,Y,Y,0,0,0,0,0,7,1,24,0,1,95,76,,,,,Y,N,N,N,N,N,N,1-2 DAYS,Y,N,N,N,N,Y,Y,N,N,N,N,N,N,1-2 DAYS,N,N,N,N,N,N,N,,,,0,2,0,4,0,0,Y,N,Y,N,Y,Y,Y,Y,Y,Y,Y,Y,Y,Y,Y,Y,N,,,,,0,0,0.0,13.2,,Marshall,N,N,POINT (-88.33534000000002 37.021792),Week 15 - Aug 30
08/30/2020,185237,CHEROKEE PARK REHABILITATION,2100 MILLVALE ROAD,LOUISVILLE,KY,40205,Y,Y,0,0,1,1,0,0,0,0,0,0,104,78,,,,,Y,N,N,N,N,N,N,3-7 DAYS,Y,N,N,Y,N,N,Y,N,N,N,N,N,N,1-2 DAYS,Y,N,N,N,Y,N,,,,,1,6,0,0,0,0,N,N,N,N,Y,Y,Y,Y,Y,Y,Y,Y,Y,Y,Y,Y,N,,,,,12.8,0,12.8,0.0,0.0,Jefferson,N,Y,POINT (-85.685628 38.232716),Week 15 - Aug 30
08/30/2020,185170,BRADFORD SQUARE CENTER,1040 US 127 SOUTH,FRANKFORT,KY,40601,Y,Y,0,2,0,2,0,3,0,18,0,0,100,82,,,,,Y,N,N,N,N,N,N,3-7 DAYS,Y,N,N,N,Y,N,Y,N,N,N,N,N,N,3-7 DAYS,N,N,N,N,N,N,,,,,0,1,0,8,0,0,N,N,N,N,N,N,N,N,N,N,N,N,Y,Y,Y,Y,N,,,,,0,0,24.4,0.0,0.0,Franklin,N,N,POINT (-84.89553500000001 38.177722),Week 15 - Aug 30
08/30/2020,185148,WILLIAMSBURG HEALTH AND REHABILITATION CENTER,287 N ELEVENTH STREET,WILLIAMSBURG,KY,40769,Y,Y,1,1,3,3,0,0,0,1,0,0,125,110,,,,,Y,N,N,N,N,N,N,1-2 DAYS,Y,Y,Y,N,N,N,Y,N,N,N,N,N,N,1-2 DAYS,Y,Y,Y,N,Y,N,,,,,3,5,0,0,0,0,N,N,N,N,Y,Y,Y,Y,Y,Y,Y,Y,Y,Y,Y,Y,N,,,,,27.3,0,27.3,0.0,0.0,Whitley,Y,Y,POINT (-84.172085 36.739628),Week 15 - Aug 30
08/30/2020,185291,REDBANKS COLONIAL TERRACE,142 ROGER POWELL RD,SEBREE,KY,42455,Y,Y,0,0,0,0,0,0,0,0,0,0,84,65,,,,,Y,N,N,N,N,N,N,N/A,N,N,N,N,N,N,Y,N,N,N,N,N,N,3-7 DAYS,N,N,N,N,N,N,N,,,,0,0,0,0,0,0,N,N,N,N,Y,Y,Y,Y,Y,Y,Y,Y,Y,Y,Y,Y,N,,,,,0,0,0.0,0.0,,Webster,N,N,POINT (-87.533922 37.600595),Week 15 - Aug 30
08/30/2020,185256,PARKVIEW POST-ACUTE AND REHABILITATION CENTER,200 NURSING HOME LANE,PIKEVILLE,KY,41501,Y,Y,0,0,0,0,0,9,1,43,0,0,118,104,,,,,Y,N,N,N,N,N,N,1-2 DAYS,N,N,N,N,N,N,Y,N,N,N,N,N,N,1-2 DAYS,N,N,N,N,N,N,,,,,0,3,0,5,0,0,N,N,N,N,Y,Y,Y,Y,Y,Y,Y,Y,Y,Y,Y,Y,N,,,,,0,0,0.0,0.0,,Pike,N,N,POINT (-82.538295 37.376919),Week 15 - Aug 30
08/30/2020,185334,"BEAVER DAM NURSING & REHAB CENTER, INC",1595 S US HIGHWAY 231,BEAVER DAM,KY,42320,Y,Y,0,0,1,1,1,11,0,0,0,0,58,57,,,,,Y,N,N,N,N,N,N,<1 DAY,Y,N,N,Y,N,N,Y,N,N,N,N,N,N,<1 DAY,Y,N,N,Y,N,N,N,,,,3,5,13,51,0,0,Y,N,Y,N,Y,Y,Y,N,Y,Y,Y,N,Y,Y,Y,Y,N,,,,,17.5,0,17.5,0.0,0.0,Ohio,N,Y,POINT (-86.851839 37.376486),Week 15 - Aug 30
08/30/2020,185306,RIDGEWOOD TERRACE NURSING HOME,150 CORNWALL DRIVE,MADISONVILLE,KY,42431,Y,Y,0,19,0,68,0,46,0,17,0,25,110,68,,,,,Y,N,N,N,N,N,N,N/A,Y,N,N,N,Y,N,Y,N,N,N,N,N,N,1-2 DAYS,Y,N,N,N,Y,N,N,,,,1,28,0,59,0,0,N,N,Y,N,Y,Y,Y,Y,Y,Y,Y,Y,Y,Y,Y,Y,N,,,,,0,0,1000.0,367.6,36.8,Hopkins,N,N,POINT (-87.486472 37.355481),Week 15 - Aug 30
08/30/2020,185415,ELLIOTT NURSING AND REHABILITATION,"RT 32  EAST, HOWARD CREEK RD",SANDY HOOK,KY,41171,Y,Y,0,0,0,0,0,0,2,9,0,0,75,63,,,,,Y,N,N,N,N,N,N,3-7 DAYS,Y,N,N,Y,N,N,Y,N,N,N,N,N,N,3-7 DAYS,Y,N,N,N,Y,N,,,,,2,3,0,0,0,0,N,N,N,N,Y,Y,Y,Y,Y,Y,Y,Y,Y,Y,Y,Y,N,,,,,0,0,0.0,0.0,,Elliott,N,N,,Week 15 - Aug 30
08/30/2020,185276,LORETTO MOTHERHOUSE INFIRMARY,515 NERINX ROAD,NERINX,KY,40049,Y,Y,0,0,0,1,0,1,0,7,0,0,55,50,,,,,Y,N,N,N,N,N,N,3-7 DAYS,Y,N,N,N,Y,N,Y,N,N,N,N,N,N,1-2 DAYS,Y,N,N,N,Y,N,N,,,,0,1,0,0,0,0,N,N,N,N,Y,Y,Y,Y,Y,Y,Y,Y,Y,Y,Y,Y,N,,,,,0,0,20.0,0.0,0.0,Marion,N,N,POINT (-85.396178 37.658883),Week 15 - Aug 30
08/30/2020,185207,MAYSVILLE NURSING AND REHABILITATION FACILITY,620 PARKER ROAD,MAYSVILLE,KY,41056,Y,Y,0,1,0,0,0,4,1,7,0,0,130,94,,,,,Y,N,N,N,N,N,N,1-2 DAYS,Y,N,N,N,N,Y,Y,N,N,N,N,N,N,1-2 DAYS,Y,N,N,N,N,Y,,,,,0,1,0,6,0,0,N,N,Y,N,Y,N,Y,Y,Y,Y,Y,Y,Y,Y,Y,Y,N,,,,,0,0,0.0,0.0,,Mason,N,N,POINT (-83.794123 38.636145),Week 15 - Aug 30
08/30/2020,185257,"GREEN HILL REHAB AND CARE, LLC",213 INDUSTRIAL ROAD,GREENSBURG,KY,42743,Y,Y,0,0,20,57,0,0,5,7,5,7,113,85,,,,,Y,N,N,N,N,N,N,1-2 DAYS,Y,Y,Y,Y,Y,N,Y,N,N,N,N,N,N,1-2 DAYS,Y,Y,Y,Y,N,N,N,,,,10,30,1,6,0,0,N,N,N,N,Y,Y,Y,Y,Y,Y,Y,Y,Y,Y,Y,Y,N,,,,,235.3,58.8,670.6,82.4,12.3,Green,Y,N,POINT (-85.49311 37.245538),Week 15 - Aug 30
08/30/2020,185172,TUG VALLEY ARH SKILLED NURSING FACILITY,260 HOSPITAL DRIVE,SOUTH WILLIAMSON,KY,41503,Y,Y,0,0,0,0,0,0,0,0,0,0,35,17,,,,,Y,N,N,N,N,N,N,3-7 DAYS,N,N,N,N,N,N,Y,N,N,N,N,N,N,3-7 DAYS,Y,N,N,N,Y,N,N,,,,0,0,0,0,0,0,N,N,Y,N,Y,Y,Y,Y,Y,Y,Y,Y,Y,Y,Y,Y,N,,,,,0,0,0.0,0.0,,Pike,N,N,POINT (-82.296581 37.676373),Week 15 - Aug 30
08/30/2020,185282,SOUTH SHORE NURSING & REHABILITATION,JAMES E. HANNAH DRIVE,SOUTH SHORE,KY,41175,Y,Y,0,0,0,0,0,0,0,7,0,0,60,49,,,,,Y,N,N,N,N,N,N,N/A,N,N,N,N,N,N,Y,N,N,N,N,N,N,3-7 DAYS,N,N,N,N,N,N,N,,,,0,0,0,0,0,0,N,N,Y,N,Y,Y,Y,Y,Y,Y,Y,Y,Y,Y,Y,Y,N,,,,,0,0,0.0,0.0,,Greenup,N,N,,Week 15 - Aug 30
08/30/2020,185261,WURTLAND NURSING & REHABILITATION,100 WURTLAND AVENUE,WURTLAND,KY,41144,Y,Y,0,0,0,0,0,0,0,0,0,0,124,102,,,,,Y,N,N,N,N,N,N,3-7 DAYS,Y,N,N,N,Y,N,Y,N,N,N,N,N,N,3-7 DAYS,Y,N,N,N,Y,N,,,,,0,1,0,0,0,0,Y,N,Y,N,Y,Y,Y,Y,Y,Y,Y,Y,Y,Y,Y,Y,N,,,,,0,0,0.0,0.0,,Greenup,N,N,POINT (-82.786848 38.55107600000001),Week 15 - Aug 30
08/30/2020,185314,"PIONEER TRACE GROUP, LLC",115 PIONEER TRACE,FLEMINGSBURG,KY,41041,Y,Y,0,0,0,0,0,0,0,6,0,0,92,72,,,,,Y,N,N,N,N,N,N,N/A,N,N,N,N,N,N,Y,N,N,N,N,N,N,1-2 DAYS,Y,N,N,N,N,Y,,,,,0,1,0,0,0,0,N,N,N,N,Y,Y,Y,Y,Y,Y,Y,Y,Y,Y,Y,Y,,,,,,0,0,0.0,0.0,,Fleming,N,N,POINT (-83.755615 38.421496000000005),Week 15 - Aug 30
08/30/2020,185173,CUMBERLAND NURSING AND REHABILITATION CENTER,200 NORFLEET DRIVE,SOMERSET,KY,42501,Y,N,0,0,16,43,1,1,0,0,0,0,93,82,,,,,Y,N,N,N,N,N,N,1-2 DAYS,Y,N,Y,Y,N,N,Y,N,N,N,N,N,N,1-2 DAYS,Y,N,N,Y,Y,N,N,,,,10,18,8,13,0,0,N,N,N,N,Y,Y,Y,Y,Y,Y,Y,Y,Y,Y,Y,Y,N,,,,,195.1,0,524.4,0.0,0.0,Pulaski,Y,N,POINT (-84.597099 37.084013),Week 15 - Aug 30
08/30/2020,185201,SIGNATURE HEALTHCARE AT TANBARK REHAB & WELLNESS C,1121 TANBARK ROAD,LEXINGTON,KY,40515,Y,Y,0,0,7,14,0,0,0,0,0,0,34,6,,,,,Y,N,N,N,N,N,N,1-2 DAYS,Y,Y,Y,Y,Y,N,Y,N,N,N,N,N,N,1-2 DAYS,Y,Y,Y,Y,Y,N,N,,,,7,18,0,3,0,0,N,N,N,N,Y,Y,Y,Y,Y,Y,Y,Y,Y,Y,Y,Y,N,,,,,1166.7,0,2333.3,0.0,0.0,Fayette,Y,N,POINT (-84.49472 37.968153),Week 15 - Aug 30
08/30/2020,185047,"FULTON NURSING AND REHABILITATION, LLC",1004 HOLIDAY LANE,FULTON,KY,42041,Y,Y,0,0,0,3,0,8,1,3,0,0,60,41,,,,,Y,N,N,N,N,N,N,1-2 DAYS,N,N,N,N,N,N,Y,N,N,N,N,N,N,1-2 DAYS,Y,N,N,N,N,Y,Y,0,0,Y,0,5,0,9,0,0,N,N,N,N,Y,Y,Y,Y,Y,Y,Y,Y,Y,Y,Y,Y,N,,,,,0,0,73.2,0.0,0.0,Fulton,N,N,POINT (-88.89322 36.518173),Week 15 - Aug 30
08/30/2020,185258,LAKE WAY NURSING AND REHABILITATION CENTER,2607 MAIN STREET HWY 641 SOUTH,BENTON,KY,42025,Y,Y,0,1,0,0,0,0,0,10,0,0,96,69,,,,,Y,N,N,N,N,N,N,3-7 DAYS,Y,N,N,N,Y,N,Y,N,N,N,N,N,N,3-7 DAYS,Y,N,N,N,N,Y,N,,,,0,1,0,0,0,0,N,N,N,N,N,N,Y,Y,Y,Y,Y,Y,Y,Y,Y,Y,N,,,,,0,0,0.0,0.0,,Marshall,N,N,,Week 15 - Aug 30
08/30/2020,185336,SPRINGFIELD NURSING AND REHABILITATION CENTER,420 EAST GRUNDY AVENUE,SPRINGFIELD,KY,40069,Y,Y,0,0,0,0,0,0,0,2,0,0,70,61,,,,,Y,N,N,N,N,N,N,1-2 DAYS,Y,N,N,N,Y,N,Y,N,N,N,N,N,N,1-2 DAYS,Y,N,N,N,Y,N,N,,,,0,0,0,0,0,0,N,N,N,N,Y,Y,Y,Y,Y,Y,Y,Y,Y,Y,Y,Y,N,,,,,0,0,0.0,0.0,,Washington,N,N,POINT (-85.212708 37.686434),Week 15 - Aug 30
08/30/2020,185440,VILLAGE CARE CENTER,2990 RIGGS AVENUE,ERLANGER,KY,41018,Y,Y,0,1,0,0,2,28,0,24,0,0,100,89,,,,,Y,N,N,N,N,N,N,1-2 DAYS,Y,Y,Y,N,N,N,Y,N,N,N,N,N,N,1-2 DAYS,Y,Y,Y,N,Y,N,Y,0,0,Y,0,4,1,88,0,0,N,N,N,N,N,N,Y,Y,Y,Y,Y,N,Y,Y,Y,Y,N,,,,,0,0,0.0,0.0,,Kenton,N,N,POINT (-84.595785 39.030835),Week 15 - Aug 30
08/30/2020,185363,GLASGOW STATE NURSING FACILITY,207 STATE AVENUE,GLASGOW,KY,42141,Y,Y,0,0,0,0,0,4,1,4,0,0,75,59,,,,,Y,N,N,N,N,N,N,1-2 DAYS,N,N,N,N,N,N,Y,N,N,N,N,N,N,1-2 DAYS,Y,N,N,N,Y,N,N,,,,0,1,0,16,0,0,N,N,N,N,Y,Y,Y,Y,Y,Y,Y,Y,Y,Y,Y,Y,N,,,,,0,0,0.0,0.0,,Barren,N,N,POINT (-85.909251 37.011303),Week 15 - Aug 30
08/30/2020,185446,BLUEGRASS CARE & REHABILITATION CENTER,3576 PIMLICO PARKWAY,LEXINGTON,KY,40517,Y,Y,0,0,0,10,0,0,0,0,0,0,124,105,,,,,Y,N,N,N,N,N,N,1-2 DAYS,Y,N,N,Y,N,N,Y,N,N,N,N,N,N,1-2 DAYS,Y,N,N,Y,N,N,N,,,,1,8,0,0,0,0,N,N,N,N,Y,Y,Y,Y,Y,Y,Y,Y,Y,Y,Y,Y,N,,,,,0,0,95.2,0.0,0.0,Fayette,N,N,POINT (-84.471547 37.98028000000001),Week 15 - Aug 30
08/30/2020,185232,CHRISTIAN HEALTH CENTER,116 SOUTH COMMONWEALTH AVENUE,CORBIN,KY,40702,Y,Y,0,1,0,49,0,5,0,17,0,6,106,78,,,,,Y,N,N,N,N,N,N,3-7 DAYS,N,N,N,N,N,N,Y,N,N,N,N,N,N,3-7 DAYS,Y,N,N,N,Y,N,N,,,,0,20,0,5,0,0,N,N,N,N,Y,Y,Y,Y,Y,Y,Y,Y,Y,Y,Y,Y,N,,,,,0,0,628.2,76.9,12.2,Whitley,N,N,POINT (-84.074619 36.953411),Week 15 - Aug 30
08/30/2020,185221,SALYERSVILLE NURSING AND REHABILITATION CENTER,662 PARKWAY DRIVE,SALYERSVILLE,KY,41465,Y,Y,0,0,0,0,0,0,0,0,0,0,142,104,,,,,Y,N,N,N,N,N,N,1-2 DAYS,Y,N,N,N,Y,N,Y,N,N,N,N,N,N,1-2 DAYS,Y,N,N,N,Y,N,Y,0,0,Y,0,0,0,0,0,0,N,N,N,N,Y,Y,Y,Y,Y,Y,Y,Y,Y,Y,Y,Y,N,,,,,0,0,0.0,0.0,,Magoffin,N,N,POINT (-83.058355 37.745464000000005),Week 15 - Aug 30
08/30/2020,185122,LANDMARK OF LOUISVILLE REHABILITATION AND NURSING,1155 EASTERN PARKWAY,LOUISVILLE,KY,40217,Y,Y,0,8,18,80,0,52,2,29,0,12,252,184,,,,,Y,N,N,N,N,N,N,1-2 DAYS,Y,Y,N,N,Y,N,Y,N,N,N,N,N,N,1-2 DAYS,Y,Y,N,N,Y,N,N,,,,7,38,0,1,0,0,Y,N,Y,N,Y,Y,Y,Y,Y,Y,Y,Y,Y,Y,Y,Y,N,,,,,97.8,0,434.8,65.2,15.0,Jefferson,Y,N,POINT (-85.727132 38.225483),Week 15 - Aug 30
08/30/2020,185038,THE PAVILION AT KENTON,401 EAST 20TH STREET,COVINGTON,KY,41014,Y,Y,0,0,0,1,0,0,0,1,0,0,82,70,,,,,Y,N,N,N,N,N,N,3-7 DAYS,Y,Y,N,N,N,Y,Y,N,N,N,N,N,N,1-2 DAYS,Y,N,N,N,Y,N,,,,,0,2,0,0,0,0,N,N,N,N,Y,Y,Y,Y,Y,Y,Y,Y,Y,Y,Y,Y,N,,,,,0,0,14.3,0.0,0.0,Kenton,N,N,POINT (-84.500181 39.067958),Week 15 - Aug 30
08/30/2020,185360,GALLATIN NURSING & REHAB,499 CENTER STREET,WARSAW,KY,41095,Y,Y,0,15,0,40,0,8,2,15,0,8,120,92,,,,,Y,N,N,N,N,N,N,1-2 DAYS,Y,N,N,N,Y,N,Y,N,N,N,N,N,N,1-2 DAYS,Y,N,N,N,Y,N,N,,,,0,11,0,7,0,0,N,N,N,N,Y,Y,Y,Y,Y,Y,Y,Y,Y,Y,Y,Y,N,,,,,0,0,434.8,87.0,20.0,Gallatin,N,N,POINT (-84.604775 39.02524),Week 15 - Aug 30
08/30/2020,185407,LAKE CUMBERLAND REGIONAL HOSPITAL SCU,305 LANGDON STREET,SOMERSET,KY,42503,Y,N,,,,,,,,,,,,,,,,,,,,,,,,,,,,,,,,,,,,,,,,,,,,,,,,,,,,,,,,,,,,,,,,,,,,,,,,,,,,,,,,,Pulaski,,,POINT (-84.617956 37.086576),Week 15 - Aug 30
08/30/2020,185160,LEXINGTON COUNTRY PLACE,700 MASON HEADLEY ROAD,LEXINGTON,KY,40504,Y,Y,0,3,0,3,0,8,0,8,0,0,94,81,,,,,Y,N,N,N,N,N,N,1-2 DAYS,Y,N,N,N,Y,N,Y,N,N,N,N,N,N,1-2 DAYS,Y,N,N,N,Y,N,N,,,,0,0,0,16,0,0,N,N,N,N,Y,Y,Y,Y,Y,Y,Y,Y,Y,Y,Y,Y,N,,,,,0,0,37.0,0.0,0.0,Fayette,N,N,POINT (-84.528178 38.035542),Week 15 - Aug 30
08/30/2020,185048,COLONIAL CENTER,2365 NASHVILLE ROAD,BOWLING GREEN,KY,42101,Y,Y,0,1,0,2,0,0,0,8,0,1,48,40,,,,,Y,N,N,N,N,N,N,3-7 DAYS,Y,N,N,N,Y,N,Y,N,N,N,N,N,N,3-7 DAYS,Y,Y,N,N,Y,N,,,,,0,0,0,2,0,0,N,N,N,N,N,N,N,N,N,N,N,N,Y,Y,Y,Y,N,,,,,0,0,50.0,25.0,50.0,Warren,N,N,POINT (-86.466914 36.9636),Week 15 - Aug 30
08/30/2020,185295,"HARBORVIEW DOVER, LLC",112 DOVER DRIVE,GEORGETOWN,KY,40324,Y,Y,0,20,17,56,0,4,0,13,0,3,85,67,,,,,Y,N,N,N,N,N,N,1-2 DAYS,Y,Y,Y,Y,Y,N,Y,N,N,N,N,N,N,1-2 DAYS,Y,Y,Y,N,Y,N,N,,,,2,14,0,0,0,0,N,N,N,N,Y,Y,Y,Y,Y,Y,Y,Y,Y,Y,Y,Y,N,,,,,253.7,0,835.8,44.8,5.4,Scott,Y,N,POINT (-84.529762 38.215451),Week 15 - Aug 30
08/30/2020,185065,LANDMARK OF LANCASTER REHABILITATION AND NURSING C,308 WEST MAPLE AVENUE,LANCASTER,KY,40444,Y,Y,0,0,0,0,0,0,0,5,0,0,96,90,,,,,Y,N,N,N,N,N,N,1-2 DAYS,Y,Y,N,N,N,N,Y,N,N,N,N,N,N,1-2 DAYS,Y,N,N,N,Y,N,,,,,0,1,0,4,0,0,N,N,N,N,Y,Y,Y,Y,Y,Y,Y,Y,Y,Y,Y,Y,N,,,,,0,0,0.0,0.0,,Garrard,N,N,POINT (-84.585994 37.621362),Week 15 - Aug 30
08/30/2020,185316,PRINCETON NURSING & REHABILITATION,1333 WEST MAIN STREET,PRINCETON,KY,42445,Y,Y,0,0,0,0,0,0,0,23,0,0,104,79,,,,,Y,N,N,N,N,N,N,N/A,N,N,N,N,N,N,Y,N,N,N,N,N,N,3-7 DAYS,Y,N,N,N,Y,N,N,,,,1,3,0,0,0,0,N,N,N,N,Y,Y,N,N,Y,Y,Y,Y,Y,Y,Y,Y,N,,,,,0,0,0.0,0.0,,Caldwell,N,N,POINT (-87.889741 37.113003),Week 15 - Aug 30
08/30/2020,185134,HAZARD HEALTH AND REHABILITATION CENTER,390 PARK AVENUE,HAZARD,KY,41702,Y,Y,0,0,0,1,0,24,0,12,0,0,200,192,,,,,Y,N,N,N,N,N,N,1-2 DAYS,Y,Y,N,N,N,Y,Y,N,N,N,N,N,N,1-2 DAYS,Y,N,N,N,Y,N,,,,,2,3,2,16,0,0,N,N,N,N,Y,Y,Y,Y,Y,Y,Y,Y,Y,Y,Y,Y,N,,,,,0,0,5.2,0.0,0.0,Perry,N,N,POINT (-83.210994 37.281666),Week 15 - Aug 30
08/30/2020,185149,LANDMARK OF BARDSTOWN REHABILITATION AND NURSING,120 LIFE CARE WAY,BARDSTOWN,KY,40004,Y,Y,0,0,0,1,0,0,0,0,0,0,100,79,,,,,Y,N,N,N,N,N,N,1-2 DAYS,N,N,N,N,N,N,Y,N,N,N,N,N,N,1-2 DAYS,Y,N,N,N,Y,N,,,,,0,4,0,1,0,0,N,N,N,N,Y,Y,Y,Y,Y,Y,Y,Y,Y,Y,Y,Y,N,,,,,0,0,12.7,0.0,0.0,Nelson,N,N,POINT (-85.45615 37.81711),Week 15 - Aug 30
08/30/2020,185443,KENSINGTON CENTER,225 SAINT JOHN ROAD,ELIZABETHTOWN,KY,42701,Y,Y,0,0,0,2,0,13,0,18,0,2,82,68,,,,,Y,N,N,N,N,N,N,3-7 DAYS,Y,Y,Y,N,N,N,Y,N,N,N,N,N,N,3-7 DAYS,Y,N,N,N,Y,N,,,,,0,7,0,8,0,0,N,N,N,Y,N,N,N,N,N,N,N,N,Y,Y,Y,Y,N,,,,,0,0,29.4,29.4,100.0,Hardin,N,N,POINT (-85.873993 37.703086),Week 15 - Aug 30
08/30/2020,185003,LAUREL HEIGHTS HOME FOR THE ELDERLY,208 WEST TWELFTH STREET,LONDON,KY,40743,Y,Y,0,0,0,0,0,0,0,0,0,0,160,143,,,,,Y,N,N,N,N,N,N,1-2 DAYS,Y,N,N,N,Y,N,Y,N,N,N,N,N,N,1-2 DAYS,Y,Y,N,N,Y,N,N,,,,0,2,0,1,0,0,Y,N,Y,N,N,Y,N,Y,Y,Y,N,Y,Y,Y,Y,Y,N,,,,,0,0,0.0,0.0,,Laurel,N,N,,Week 15 - Aug 30
08/30/2020,185076,BRADFORD HEIGHTS NURSING & REHABILITATION,950 HIGHPOINT DRIVE,HOPKINSVILLE,KY,42240,Y,Y,0,2,0,0,0,0,0,0,0,0,100,91,,,,,Y,N,N,N,N,N,N,3-7 DAYS,N,N,N,N,N,N,Y,N,N,N,N,N,N,3-7 DAYS,Y,N,N,N,Y,N,N,,,,0,4,0,0,0,0,N,N,N,N,Y,Y,Y,Y,Y,Y,Y,Y,Y,Y,Y,Y,N,,,,,0,0,0.0,0.0,,Christian,N,N,POINT (-87.508006 36.88943),Week 15 - Aug 30
08/30/2020,185277,SIGNATURE HEALTHCARE AT HERITAGE HALL REHAB & WELL,331 SOUTH MAIN STREET,LAWRENCEBURG,KY,40342,Y,Y,0,0,0,0,0,0,0,5,0,0,94,78,,,,,Y,N,N,N,N,N,N,1-2 DAYS,N,N,N,N,N,N,Y,N,N,N,N,N,N,1-2 DAYS,Y,N,N,N,Y,N,N,,,,0,1,0,0,0,0,N,N,N,N,Y,Y,Y,Y,Y,Y,Y,Y,Y,Y,Y,Y,N,,,,,0,0,0.0,0.0,,Anderson,N,N,POINT (-84.89464 38.032492),Week 15 - Aug 30
08/30/2020,185340,SIGNATURE HEALTHCARE OF GLASGOW REHAB & WELLNESS C,220 WESTWOOD ST.,GLASGOW,KY,42141,Y,N,,,,,,,,,,,,,,,,,,,,,,,,,,,,,,,,,,,,,,,,,,,,,,,,,,,,,,,,,,,,,,,,,,,,,,,,,,,,,,,,,Barren,,,POINT (-85.933648 36.993664),Week 15 - Aug 30
08/30/2020,185118,SIGNATURE HEALTHCARE OF ELIZABETHTOWN,1117 WOODLAND DRIVE,ELIZABETHTOWN,KY,42701,Y,Y,0,1,0,1,0,0,0,0,0,0,112,73,,,,,Y,N,N,N,N,N,N,1-2 DAYS,N,N,N,N,N,N,Y,N,N,N,N,N,N,1-2 DAYS,N,N,N,N,N,N,N,,,,0,0,0,0,0,0,N,N,N,N,Y,Y,Y,Y,Y,Y,Y,Y,Y,Y,Y,Y,N,,,,,0,0,13.7,0.0,0.0,Hardin,N,N,POINT (-85.881132 37.714374),Week 15 - Aug 30
08/30/2020,185175,TREYTON OAK TOWERS,211 WEST OAK STREET,LOUISVILLE,KY,40203,Y,Y,0,10,0,31,0,0,0,24,0,16,60,39,,,,,Y,N,N,N,N,N,N,3-7 DAYS,Y,N,N,N,N,Y,Y,N,N,N,N,N,N,3-7 DAYS,Y,N,Y,N,Y,N,N,,,,0,18,0,1,0,0,N,N,N,N,Y,Y,Y,Y,Y,Y,Y,Y,Y,Y,Y,Y,N,,,,,0,0,794.9,410.3,51.6,Jefferson,N,N,POINT (-85.75718 38.234726),Week 15 - Aug 30
08/30/2020,185268,JEFFERSONTOWN REHABILITATION,3500 GOOD SAMARITAN WAY,JEFFERSONTOWN,KY,40299,Y,Y,0,0,0,1,0,9,1,15,0,1,98,78,,,,,Y,N,N,N,N,N,N,1-2 DAYS,N,N,N,N,N,N,Y,N,N,N,N,N,N,3-7 DAYS,Y,N,N,Y,Y,N,N,,,,1,1,0,0,0,0,N,N,N,N,Y,Y,Y,Y,Y,Y,Y,Y,Y,Y,Y,Y,N,,,,,0,0,12.8,12.8,100.0,Jefferson,N,N,POINT (-85.562493 38.196192),Week 15 - Aug 30
08/30/2020,185145,CEDAR RIDGE HEALTH CAMPUS,1217 US HIGHWAY 62 E,CYNTHIANA,KY,41031,Y,Y,0,0,0,0,0,0,1,6,0,0,55,48,,,,,Y,N,N,N,N,N,N,,,N,N,N,N,N,Y,N,N,N,N,N,N,,,N,N,N,N,N,,,,,1,1,0,0,0,0,N,N,N,N,Y,Y,Y,Y,Y,Y,Y,Y,Y,Y,Y,Y,N,,,,,0,0,0.0,0.0,,Harrison,N,N,POINT (-84.275725 38.399546),Week 15 - Aug 30
08/30/2020,185290,REGENCY CENTER,1550 RAYDALE DRIVE,LOUISVILLE,KY,40219,Y,Y,0,0,0,1,0,2,0,8,0,0,110,82,,,,,Y,N,N,N,N,N,N,1-2 DAYS,Y,N,N,N,Y,N,Y,N,N,N,N,N,N,1-2 DAYS,Y,N,N,N,Y,N,,,,,0,2,0,0,0,0,N,N,N,N,N,N,N,N,N,N,N,N,Y,Y,Y,Y,N,,,,,0,0,12.2,0.0,0.0,Jefferson,N,N,POINT (-85.67181100000002 38.122214),Week 15 - Aug 30
08/30/2020,185120,SIGNATURE HEALTHCARE AT HILLCREST,3740 OLD HARTFORD ROAD,OWENSBORO,KY,42303,Y,Y,0,0,0,0,0,0,0,0,0,0,140,128,,,,,Y,N,N,N,N,N,N,1-2 DAYS,N,N,N,N,N,N,Y,N,N,N,N,N,N,1-2 DAYS,N,N,N,N,N,N,N,,,,0,0,0,0,0,0,N,N,N,N,Y,Y,Y,Y,Y,Y,Y,Y,Y,Y,Y,Y,N,,,,,0,0,0.0,0.0,,Daviess,N,N,POINT (-87.08326 37.739103),Week 15 - Aug 30
08/30/2020,185271,GLENVIEW HEALTH CARE FACILITY,1002 GLENVIEW DRIVE,GLASGOW,KY,42141,Y,Y,0,1,0,34,0,0,3,8,3,6,60,48,,,,,Y,N,N,N,N,N,N,3-7 DAYS,Y,Y,N,Y,Y,N,Y,N,N,N,N,N,N,3-7 DAYS,Y,Y,N,Y,Y,N,N,,,,5,21,0,1,0,0,N,N,N,N,Y,Y,Y,Y,Y,Y,Y,Y,Y,Y,Y,Y,N,,,,,0,62.5,708.3,125.0,17.6,Barren,N,N,POINT (-85.90302 37.011494),Week 15 - Aug 30
08/30/2020,185302,HARDINSBURG NURSING AND REHABILITATION CENTER,101 FAIRGROUNDS ROAD,HARDINSBURG,KY,40143,Y,Y,0,0,0,0,0,0,0,2,0,0,63,52,,,,,Y,N,N,N,N,N,N,1-2 DAYS,N,N,N,N,N,N,Y,N,N,N,N,N,N,1-2 DAYS,Y,N,N,N,Y,N,,,,,0,0,0,3,0,0,Y,N,Y,Y,Y,Y,Y,Y,Y,Y,Y,Y,Y,Y,Y,Y,N,,,,,0,0,0.0,0.0,,Breckinridge,N,N,POINT (-86.44172800000001 37.768293),Week 15 - Aug 30
08/30/2020,185147,CHRISTIAN HEALTH CENTER,200 STERLING DRIVE,HOPKINSVILLE,KY,42240,Y,Y,0,0,0,0,0,3,0,6,0,0,116,95,,,,,Y,N,N,N,N,N,N,N/A,N,N,N,N,N,N,Y,N,N,N,N,N,N,1-2 DAYS,Y,N,N,N,Y,N,,,,,0,0,0,0,0,0,N,N,N,N,Y,Y,Y,Y,Y,Y,Y,Y,Y,Y,Y,Y,N,,,,,0,0,0.0,0.0,,Christian,N,N,POINT (-87.503916 36.856624),Week 15 - Aug 30
08/30/2020,185096,LANDMARK OF IROQUOIS PARK REHAB AND NURSING CENTER,900 GAGEL AVENUE,LOUISVILLE,KY,40216,Y,Y,0,4,0,0,0,0,1,9,0,0,120,91,,,,,Y,N,N,N,N,N,N,1-2 DAYS,Y,N,N,N,Y,N,Y,N,N,N,N,N,N,1-2 DAYS,Y,N,N,N,Y,N,,,,,0,0,0,5,0,0,N,N,N,N,Y,Y,Y,Y,Y,Y,Y,Y,Y,Y,Y,Y,N,,,,,0,0,0.0,0.0,,Jefferson,N,N,POINT (-85.806075 38.172763),Week 15 - Aug 30
08/30/2020,185267,CEDARS OF LEBANON NURSING CENTER,337 SOUTH HARRISON STREET,LEBANON,KY,40033,Y,Y,3,4,2,34,1,10,3,18,2,4,81,41,,,,,Y,N,N,N,N,N,N,1-2 DAYS,Y,N,N,Y,Y,N,Y,N,N,N,N,N,N,1-2 DAYS,Y,N,N,Y,Y,N,N,,,,4,16,0,27,0,0,N,N,Y,N,Y,Y,Y,Y,Y,Y,Y,Y,Y,Y,Y,Y,N,,,,,48.8,48.8,829.3,97.6,11.8,Marion,N,N,POINT (-85.248314 37.566834),Week 15 - Aug 30
08/30/2020,185046,SALEM SPRINGLAKE HEALTH & REHABILITATION CENTER,509 NORTH HAYDEN AVENUE,SALEM,KY,42078,Y,Y,0,0,0,0,0,0,0,0,0,0,75,41,,,,,Y,N,N,N,N,N,N,N/A,N,N,N,N,N,N,Y,N,N,N,N,N,N,1-2 DAYS,Y,N,N,N,Y,N,N,,,,0,0,0,0,0,0,N,N,N,N,Y,Y,Y,Y,Y,Y,Y,Y,Y,Y,Y,Y,N,,,,,0,0,0.0,0.0,,Livingston,N,N,POINT (-88.241043 37.27109),Week 15 - Aug 30
08/30/2020,185339,IRVINE NURSING AND REHABILITATION CENTER,411 BERTHA WALLACE DRIVE,IRVINE,KY,40336,Y,Y,0,1,0,0,0,0,0,13,0,0,88,77,,,,,Y,N,N,N,N,N,N,1-2 DAYS,N,N,N,N,N,N,Y,N,N,N,N,N,N,1-2 DAYS,Y,N,N,N,Y,N,N,,,,0,0,0,0,0,0,N,N,N,N,Y,Y,Y,Y,Y,Y,Y,Y,Y,Y,Y,Y,N,,,,,0,0,0.0,0.0,,Estill,N,N,POINT (-83.970696 37.708129),Week 15 - Aug 30
08/30/2020,185328,ST ELIZABETH FT THOMAS SNF,85 NORTH GRAND AVENUE,FORT THOMAS,KY,41075,Y,Y,6,68,0,8,0,19,0,6,0,6,26,15,,,,,Y,N,N,N,N,N,N,<1 DAY,Y,N,N,N,Y,N,Y,N,N,N,N,N,N,1-2 DAYS,Y,N,N,Y,Y,N,N,,,,0,1,0,0,0,0,N,N,N,N,Y,Y,Y,Y,Y,Y,Y,Y,Y,Y,Y,Y,N,,,,,0,0,533.3,400.0,75.0,Campbell,N,N,POINT (-84.464654 39.078281),Week 15 - Aug 30
08/30/2020,185224,BOWLING GREEN NURSING AND REHABILITATION CENTER,1561 NEWTON AVE.,BOWLING GREEN,KY,42104,Y,Y,0,5,0,11,0,6,2,8,0,0,66,58,,,,,Y,N,N,N,N,N,N,1-2 DAYS,Y,N,N,N,Y,N,Y,N,N,N,N,N,N,1-2 DAYS,Y,N,N,N,Y,N,Y,0,0,Y,0,10,0,20,0,0,N,N,N,N,Y,Y,Y,Y,Y,Y,Y,Y,Y,Y,Y,Y,N,,,,,0,0,189.7,0.0,0.0,Warren,N,N,POINT (-86.43927 36.974962),Week 15 - Aug 30
08/30/2020,185094,PIKEVILLE NURSING AND REHAB CENTER,260 SOUTH MAYO TRAIL,PIKEVILLE,KY,41501,Y,Y,0,0,0,0,0,9,1,20,0,0,106,83,,,,,Y,N,N,N,N,N,N,N/A,N,N,N,N,N,N,Y,N,N,N,N,N,N,1-2 DAYS,Y,N,N,N,Y,N,N,,,,0,0,0,8,0,0,N,N,N,N,Y,Y,Y,Y,Y,Y,Y,Y,Y,Y,Y,Y,N,,,,,0,0,0.0,0.0,,Pike,N,N,POINT (-82.53383700000002 37.470488),Week 15 - Aug 30
08/30/2020,185192,"ST MATTHEWS CARE AND REHAB CENTER, LLC",227 BROWNS LANE,LOUISVILLE,KY,40207,Y,Y,0,20,0,43,1,17,0,9,0,4,125,89,,,,,Y,N,N,N,N,N,N,1-2 DAYS,Y,Y,N,N,N,N,Y,N,N,N,N,N,N,1-2 DAYS,Y,N,N,N,Y,N,Y,0,0,Y,0,14,0,9,0,0,N,N,N,N,Y,Y,Y,Y,Y,Y,Y,Y,Y,Y,Y,Y,N,,,,,0,0,483.1,44.9,9.3,Jefferson,N,N,POINT (-85.645794 38.250182),Week 15 - Aug 30
08/30/2020,185193,HYDEN HEALTH AND REHABILITATION CENTER,21040 US HWY 421 SOUTH,HYDEN,KY,41749,Y,Y,0,0,0,0,0,0,0,0,0,0,94,90,,,,,Y,N,N,N,N,N,N,1-2 DAYS,Y,N,N,N,Y,N,Y,N,N,N,N,N,N,1-2 DAYS,Y,N,N,N,Y,N,,,,,0,0,0,1,0,0,Y,N,N,N,Y,Y,Y,Y,Y,Y,Y,Y,Y,Y,Y,Y,N,,,,,0,0,0.0,0.0,,Leslie,N,N,POINT (-83.374795 37.149536),Week 15 - Aug 30
08/30/2020,185436,WELLINGTON PARC OF OWENSBORO,2885 NEW HARTFORD ROAD,OWENSBORO,KY,42303,Y,Y,0,0,0,0,0,0,0,2,0,0,44,41,,,,,Y,N,N,N,N,N,N,N/A,N,N,N,N,N,N,Y,N,N,N,N,N,N,1-2 DAYS,N,N,N,N,N,N,N,,,,0,2,0,2,0,0,N,N,N,N,Y,Y,Y,Y,Y,Y,Y,Y,Y,Y,Y,Y,N,,,,,0,0,0.0,0.0,,Daviess,N,N,POINT (-87.095161 37.74438000000001),Week 15 - Aug 30
08/30/2020,185286,FAIR OAKS HEALTH AND REHABILITATION,1 SPARKS AVENUE,JAMESTOWN,KY,42629,Y,Y,0,2,0,12,0,0,0,19,0,1,114,101,,,,,Y,N,N,N,N,N,N,3-7 DAYS,N,N,N,N,N,N,Y,N,N,N,N,N,N,3-7 DAYS,Y,N,N,N,Y,N,N,,,,0,4,0,0,0,0,N,N,N,N,Y,Y,Y,Y,Y,Y,Y,Y,Y,Y,Y,Y,N,,,,,0,0,118.8,9.9,8.3,Russell,N,N,POINT (-85.068507 36.994366),Week 15 - Aug 30
08/30/2020,185150,KNOTT COUNTY HEALTH AND REHABILITATION CENTER,388 PERKINS MADDEN ROAD,HINDMAN,KY,41822,Y,Y,0,0,0,0,0,0,1,6,0,0,92,88,,,,,Y,N,N,N,N,N,N,1-2 DAYS,Y,N,N,N,Y,N,Y,N,N,N,N,N,N,1-2 DAYS,Y,N,N,N,Y,N,,,,,0,1,0,1,0,0,N,N,N,N,Y,Y,Y,Y,Y,Y,Y,Y,Y,Y,Y,Y,N,,,,,0,0,0.0,0.0,,Knott,N,N,POINT (-82.971362 37.320074),Week 15 - Aug 30
08/30/2020,185364,OWENTON CENTER,905 HWY 127 NORTH,OWENTON,KY,40359,Y,Y,0,0,0,0,0,1,2,11,0,0,100,85,,,,,Y,N,N,N,N,N,N,1-2 DAYS,Y,N,N,N,Y,N,Y,N,N,N,N,N,N,1-2 DAYS,N,N,N,N,N,N,,,,,0,0,0,1,0,0,N,N,N,N,N,N,N,N,N,N,N,N,Y,Y,Y,Y,N,,,,,0,0,0.0,0.0,,Owen,N,N,POINT (-84.839889 38.542014),Week 15 - Aug 30
08/30/2020,185246,ROCKCASTLE HEALTH AND REHABILITATION CENTER,371 WEST MAIN STREET,BRODHEAD,KY,40409,Y,Y,0,0,0,0,0,0,0,0,0,0,104,90,,,,,Y,N,N,N,N,N,N,<1 DAY,Y,N,N,N,Y,N,Y,N,N,N,N,N,N,<1 DAY,Y,N,N,N,Y,N,N,,,,0,0,0,0,0,0,N,N,N,N,Y,Y,Y,Y,Y,Y,Y,Y,Y,Y,Y,Y,N,,,,,0,0,0.0,0.0,,Rockcastle,N,N,POINT (-84.420163 37.405316),Week 15 - Aug 30
08/30/2020,185012,HILLSIDE CENTER,1500 PRIDE AVENUE,MADISONVILLE,KY,42431,Y,Y,0,0,0,1,0,4,0,2,0,0,71,59,,,,,Y,N,N,N,N,N,N,1-2 DAYS,Y,N,N,N,Y,N,Y,N,N,N,N,N,N,1-2 DAYS,Y,N,N,N,Y,N,,,,,0,4,0,0,0,0,N,N,N,N,N,N,N,N,N,N,N,N,Y,Y,Y,Y,N,,,,,0,0,16.9,0.0,0.0,Hopkins,N,N,POINT (-87.504575 37.346926),Week 15 - Aug 30
08/30/2020,185028,JOHNSON MATHERS NURSING HOME,2323 CONCRETE ROAD,CARLISLE,KY,40311,Y,Y,0,0,0,0,0,0,0,8,0,0,104,91,,,,,Y,N,N,N,N,N,N,3-7 DAYS,Y,N,N,N,Y,N,Y,N,N,N,N,N,N,3-7 DAYS,Y,N,N,N,Y,N,N,,,,0,1,0,0,0,0,N,N,N,N,Y,Y,Y,Y,Y,Y,Y,Y,Y,Y,Y,Y,N,,,,,0,0,0.0,0.0,,Nicholas,N,N,POINT (-84.058804 38.314852),Week 15 - Aug 30
08/30/2020,185240,MIDDLESBORO NURSING AND REHABILITATION FACILITY,235 NEW WILSON LANE,MIDDLESBORO,KY,40965,Y,Y,1,2,19,29,9,12,1,6,1,1,95,88,,,,,Y,N,N,N,N,N,N,3-7 DAYS,Y,Y,N,Y,Y,N,Y,N,N,N,N,N,N,3-7 DAYS,Y,Y,N,Y,Y,N,Y,0,0,Y,9,20,1,102,0,0,N,N,N,N,Y,Y,Y,Y,Y,Y,Y,Y,Y,Y,Y,Y,N,,,,,215.9,11.4,329.5,11.4,3.4,Bell,Y,N,POINT (-83.753056 36.615129),Week 15 - Aug 30
08/30/2020,185329,MORGANFIELD NURSING AND REHABILITATION CENTER,509 NORTH CARRIER STREET,MORGANFIELD,KY,42437,Y,Y,0,0,0,0,0,0,0,0,0,0,60,54,,,,,Y,N,N,N,N,N,N,1-2 DAYS,N,N,N,N,N,N,Y,N,N,N,N,N,N,1-2 DAYS,Y,N,N,N,N,Y,,,,,2,2,0,0,0,0,N,N,N,N,Y,Y,Y,Y,Y,Y,Y,Y,Y,Y,Y,Y,N,,,,,0,0,0.0,0.0,,Union,N,N,POINT (-87.906608 37.685325),Week 15 - Aug 30
08/30/2020,185337,LEE COUNTY CARE AND REHABILITATION CENTER,246 EAST MAIN STREET,BEATTYVILLE,KY,41311,Y,N,,,,,,,,,,,,,,,,,,,,,,,,,,,,,,,,,,,,,,,,,,,,,,,,,,,,,,,,,,,,,,,,,,,,,,,,,,,,,,,,,Lee,,,POINT (-83.703039 37.57232),Week 15 - Aug 30
08/30/2020,185213,WOLFE COUNTY HEALTH AND REHABILITATION CENTER,850 HWY 191,CAMPTON,KY,41301,Y,Y,0,0,0,0,0,9,0,0,0,0,100,95,,,,,Y,N,N,N,N,N,N,3-7 DAYS,N,N,N,N,N,N,Y,N,N,N,N,N,N,3-7 DAYS,N,N,N,N,N,N,N,,,,0,0,0,0,0,0,N,N,N,N,Y,Y,Y,Y,Y,Y,Y,Y,Y,Y,Y,Y,N,,,,,0,0,0.0,0.0,,Wolfe,N,N,POINT (-83.535515 37.740357),Week 15 - Aug 30
08/30/2020,185327,SIGNATURE HEALTHCARE OF SPENCER COUNTY,625 TAYLORSVILLE RD,TAYLORSVILLE,KY,40071,Y,Y,0,0,0,0,0,0,1,6,0,0,118,89,,,,,Y,N,N,N,N,N,N,N/A,N,N,N,N,N,N,Y,N,N,N,N,N,N,1-2 DAYS,Y,N,N,N,Y,N,N,,,,0,0,0,1,0,0,N,N,N,N,Y,Y,Y,Y,Y,Y,Y,Y,Y,Y,Y,Y,N,,,,,0,0,0.0,0.0,,Spencer,N,N,POINT (-85.340155 38.039927),Week 15 - Aug 30
08/30/2020,185272,RIVER HAVEN NURSING AND REHABILITATION CENTER,867 MCGUIRE AVENUE,PADUCAH,KY,42001,Y,Y,0,0,0,2,0,0,0,4,0,0,103,70,,,,,Y,N,N,N,N,N,N,1-2 DAYS,Y,N,N,N,Y,N,Y,N,N,N,N,N,N,1-2 DAYS,Y,N,N,N,Y,N,N,,,,0,0,1,10,0,0,N,N,N,N,Y,Y,Y,Y,Y,Y,Y,Y,Y,Y,Y,Y,N,,,,,0,0,28.6,0.0,0.0,McCracken,N,N,POINT (-88.639715 37.082331),Week 15 - Aug 30
08/30/2020,185164,BARBOURVILLE HEALTH AND REHABILITATION CENTER,65 MINTON HICKORY FARM ROAD,BARBOURVILLE,KY,40906,Y,Y,0,0,0,0,0,0,1,3,0,0,135,121,,,,,Y,N,N,N,N,N,N,3-7 DAYS,N,N,N,N,N,N,Y,N,N,N,N,N,N,1-2 DAYS,Y,N,N,N,Y,N,N,,,,0,1,0,0,0,0,N,N,N,N,Y,Y,Y,Y,Y,Y,Y,Y,Y,Y,Y,Y,N,,,,,0,0,0.0,0.0,,Knox,N,N,,Week 15 - Aug 30
08/30/2020,185142,MAYFIELD HEALTH AND REHABILITATION,401 INDIANA AVE,MAYFIELD,KY,42066,Y,Y,0,1,0,1,0,0,0,0,0,0,85,58,,,,,Y,N,N,N,N,N,N,3-7 DAYS,N,N,N,N,N,N,Y,N,N,N,N,N,N,3-7 DAYS,Y,Y,N,N,Y,N,Y,0,0,Y,0,4,1,2,0,0,N,N,N,N,Y,N,Y,Y,Y,Y,Y,Y,Y,Y,Y,Y,N,,,,,0,0,17.2,0.0,0.0,Graves,N,N,POINT (-88.630951 36.745287),Week 15 - Aug 30
08/30/2020,185400,HEARTHSTONE PLACE,506 ALLENSVILLE ROAD,ELKTON,KY,42220,Y,Y,0,4,0,14,5,8,3,8,1,5,60,50,,,,,Y,N,N,N,N,N,N,1-2 DAYS,Y,Y,N,N,N,N,Y,N,N,N,N,N,N,1-2 DAYS,N,N,N,N,N,N,N,,,,0,10,0,2,0,0,Y,N,Y,N,Y,Y,Y,Y,Y,Y,Y,Y,Y,Y,Y,Y,N,,,,,0,20,280.0,100.0,35.7,Todd,N,N,,Week 15 - Aug 30
08/30/2020,185349,SIGNATURE HEALTHCARE AT JEFFERSON PLACE REHAB & WE,1705 HERR LANE,LOUISVILLE,KY,40222,Y,Y,0,0,5,14,0,1,0,4,0,0,95,42,,,,,Y,N,N,N,N,N,N,1-2 DAYS,Y,N,N,Y,N,N,Y,N,N,N,N,N,N,1-2 DAYS,Y,N,N,Y,N,N,Y,0,0,Y,1,9,0,14,0,0,N,N,N,N,Y,Y,Y,Y,Y,Y,Y,Y,Y,Y,Y,Y,N,,,,,119,0,333.3,0.0,0.0,Jefferson,Y,N,POINT (-85.619797 38.274786),Week 15 - Aug 30
08/30/2020,185419,CHRISTIAN HEALTH CENTER,1800 WESTEN AVENUE,BOWLING GREEN,KY,42104,Y,Y,0,0,0,2,0,0,0,0,0,0,41,40,,,,,Y,N,N,N,N,N,N,3-7 DAYS,Y,N,N,N,Y,N,Y,N,N,N,N,N,N,3-7 DAYS,Y,N,N,N,Y,N,N,,,,0,9,0,0,0,0,N,N,N,N,Y,Y,Y,Y,Y,Y,Y,Y,Y,Y,Y,Y,N,,,,,0,0,50.0,0.0,0.0,Warren,N,N,POINT (-86.45004800000001 36.962703),Week 15 - Aug 30
08/30/2020,185331,FRANKLIN-SIMPSON NURSING AND REHABILITATION CENTER,414 ROBEY STREET,FRANKLIN,KY,42135,Y,Y,0,0,0,1,0,0,0,5,0,0,98,93,,,,,Y,N,N,N,N,N,N,3-7 DAYS,Y,N,N,N,Y,N,Y,N,N,N,N,N,N,3-7 DAYS,Y,N,N,N,Y,N,,,,,0,3,0,0,0,0,N,N,N,N,Y,Y,Y,Y,Y,Y,Y,Y,Y,Y,Y,Y,N,,,,,0,0,10.8,0.0,0.0,Simpson,N,N,POINT (-86.558082 36.726345),Week 15 - Aug 30
08/30/2020,185136,WESLEY MANOR,5012 EAST MANSLICK RD,LOUISVILLE,KY,40219,Y,Y,0,0,0,0,0,2,2,23,0,0,68,58,,,,,Y,N,N,N,N,N,N,N/A,N,N,N,N,N,N,Y,N,N,N,N,N,N,3-7 DAYS,N,N,N,N,N,N,N,,,,0,2,0,6,0,0,N,N,Y,Y,Y,Y,Y,Y,Y,Y,Y,Y,Y,Y,Y,Y,N,,,,,0,0,0.0,0.0,,Jefferson,N,N,POINT (-85.665539 38.117637),Week 15 - Aug 30
08/30/2020,185137,WESTMINSTER TERRACE,2116 BUECHEL BANK ROAD,LOUISVILLE,KY,40218,Y,Y,0,1,0,5,0,0,1,3,0,0,112,80,,,,,Y,N,N,N,N,N,N,3-7 DAYS,Y,N,Y,N,N,N,Y,N,N,N,N,N,N,3-7 DAYS,Y,N,N,N,Y,N,Y,0,0,Y,0,12,0,0,0,0,N,N,N,N,Y,Y,Y,Y,Y,Y,Y,Y,Y,Y,Y,Y,N,,,,,0,0,62.5,0.0,0.0,Jefferson,N,N,POINT (-85.64783 38.188884),Week 15 - Aug 30
08/30/2020,185165,"LYNDON WOODS CARE & REHAB, LLC",1101 LYNDON LANE,LOUISVILLE,KY,40222,Y,Y,0,1,0,0,0,1,0,23,0,0,141,113,,,,,Y,N,N,N,N,N,N,1-2 DAYS,N,N,N,N,N,N,Y,N,N,N,N,N,N,1-2 DAYS,N,N,N,N,N,N,Y,0,0,Y,0,2,0,0,0,0,N,N,N,N,Y,Y,Y,Y,Y,Y,Y,Y,Y,Y,Y,Y,N,,,,,0,0,0.0,0.0,,Jefferson,N,N,POINT (-85.610337 38.266638),Week 15 - Aug 30
08/30/2020,185177,GRAYSON NURSING AND REHABILITATION,505 WILLIAM THOMASON BYWAY,LEITCHFIELD,KY,42754,Y,Y,0,7,0,42,0,33,1,11,0,9,72,66,,,,,Y,N,N,N,N,N,N,N/A,N,N,N,N,N,N,Y,N,N,N,N,N,N,1-2 DAYS,N,N,N,N,N,N,N,,,,0,15,0,46,0,0,N,N,Y,N,Y,Y,Y,Y,Y,Y,Y,Y,Y,Y,Y,Y,N,,,,,0,0,636.4,136.4,21.4,Grayson,N,N,POINT (-86.28953 37.47084),Week 15 - Aug 30
08/30/2020,185350,SIGNATURE HEALTHCARE OF EAST LOUISVILLE,2529 SIX MILE LANE,LOUISVILLE,KY,40220,Y,Y,1,1,0,10,0,6,1,9,0,0,128,83,,,,,Y,N,N,N,N,N,N,1-2 DAYS,Y,Y,N,Y,N,N,Y,N,N,N,N,N,N,1-2 DAYS,Y,N,N,Y,N,N,N,,,,0,13,4,10,0,0,N,N,N,N,Y,Y,Y,Y,Y,Y,Y,Y,Y,Y,Y,Y,N,,,,,0,0,120.5,0.0,0.0,Jefferson,N,N,POINT (-85.587601 38.208661),Week 15 - Aug 30
08/30/2020,185392,WOODLAND OAKS,1820 OAKVIEW ROAD,ASHLAND,KY,41101,Y,Y,0,0,0,0,0,2,0,0,0,0,106,104,,,,,Y,N,N,N,N,N,N,1-2 DAYS,Y,Y,N,N,N,N,Y,N,N,N,N,N,N,1-2 DAYS,Y,Y,N,N,N,Y,N,,,,0,4,2,8,0,1,N,N,N,N,Y,Y,Y,Y,Y,Y,Y,Y,Y,Y,Y,Y,N,,,,,0,0,0.0,0.0,,Boyd,N,N,POINT (-82.648389 38.467908),Week 15 - Aug 30
08/30/2020,185190,BAPTIST HEALTH LA GRANGE,1025 NEW MOODY LANE,LA GRANGE,KY,40031,Y,Y,0,0,0,0,0,0,0,2,0,0,30,8,,,,,Y,N,N,N,N,N,N,N/A,N,N,N,N,N,N,Y,N,N,N,N,N,N,1-2 DAYS,N,N,N,N,N,N,N,,,,0,0,0,2,0,0,N,N,N,N,Y,Y,Y,Y,Y,Y,Y,Y,Y,Y,Y,Y,N,,,,,0,0,0.0,0.0,,Oldham,N,N,POINT (-85.375927 38.396238000000004),Week 15 - Aug 30
08/30/2020,185008,OWENSBORO HEALTH MUHLENBERG COMMUNITY HOSPITAL LTC,440 HOPKINSVILLE STREET,GREENVILLE,KY,42345,Y,Y,0,0,0,0,0,1,0,3,0,0,45,38,,,,,Y,N,N,N,N,N,N,N/A,N,N,N,N,N,N,Y,N,N,N,N,N,N,1-2 DAYS,N,N,N,N,N,N,N,,,,0,0,1,1,0,0,N,N,N,N,Y,Y,Y,Y,Y,Y,Y,Y,Y,Y,Y,Y,N,,,,,0,0,0.0,0.0,,Muhlenberg,N,N,POINT (-87.189639 37.196925),Week 15 - Aug 30
08/30/2020,185195,OAKVIEW NURSING & REHABILITATION CENTER,10456 US HIGHWAY 62,CALVERT CITY,KY,42029,Y,Y,0,1,0,0,0,0,0,24,0,0,100,68,,,,,Y,N,N,N,N,N,N,1-2 DAYS,N,N,N,N,N,N,Y,N,N,N,N,N,N,1-2 DAYS,N,N,N,N,N,N,,,,,0,5,0,9,0,0,N,N,N,N,Y,Y,Y,Y,Y,Y,Y,Y,Y,Y,Y,Y,N,,,,,0,0,0.0,0.0,,Marshall,N,N,POINT (-88.455296 37.006712),Week 15 - Aug 30
08/30/2020,185387,T J SAMSON COMMUNITY HOSPITAL,1301 N RACE STREET,GLASGOW,KY,42141,Y,Y,0,0,0,0,0,0,0,0,0,0,16,8,,,,,Y,N,N,N,N,N,N,N/A,N,N,N,N,N,N,Y,N,N,N,N,N,N,1-2 DAYS,Y,N,N,N,Y,N,N,,,,0,3,0,0,0,0,N,N,N,N,N,N,N,N,N,N,N,N,N,N,N,N,N,,,,,0,0,0.0,0.0,,Barren,N,N,POINT (-85.903862 37.011566),Week 15 - Aug 30
08/30/2020,185152,SOMERWOODS NURSING AND REHABILITATION CENTER,555 BOURNE AVENUE,SOMERSET,KY,42501,Y,Y,0,0,0,0,0,0,0,5,0,0,166,117,,,,,Y,N,N,N,N,N,N,1-2 DAYS,Y,N,N,N,Y,N,Y,N,N,N,N,N,N,1-2 DAYS,Y,N,N,N,Y,N,N,,,,0,0,0,0,0,0,N,N,N,N,Y,N,Y,Y,Y,Y,Y,Y,Y,Y,Y,Y,N,,,,,0,0,0.0,0.0,,Pulaski,N,N,POINT (-84.600815 37.084502),Week 15 - Aug 30
08/30/2020,185168,SIGNATURE HEALTHCARE OF MONROE COUNTY REHAB & WELL,706 NORTH MAGNOLIA STREET,TOMPKINSVILLE,KY,42167,Y,Y,0,0,0,0,1,11,0,0,0,0,104,99,,,,,Y,N,N,N,N,N,N,1-2 DAYS,Y,N,N,N,N,Y,Y,N,N,N,N,N,N,1-2 DAYS,Y,N,N,N,N,Y,Y,0,0,N,0,3,1,12,0,0,Y,Y,Y,Y,Y,Y,Y,Y,Y,Y,Y,Y,Y,Y,Y,Y,N,,,,,0,0,0.0,0.0,,Monroe,N,N,POINT (-85.68545 36.703456),Week 15 - Aug 30
08/30/2020,185430,ST CLAIRE MEDICAL CENTER,222 MEDICAL CIRCLE,MOREHEAD,KY,40351,Y,Y,0,1,0,0,0,0,0,0,0,0,10,6,,,,,Y,N,N,N,N,N,N,1-2 DAYS,N,N,N,N,N,N,Y,N,N,N,N,N,N,1-2 DAYS,Y,N,Y,N,N,N,,,,,0,2,0,0,0,0,N,N,N,N,Y,Y,Y,Y,Y,Y,Y,Y,Y,Y,Y,Y,,,,,,0,0,0.0,0.0,,Rowan,N,N,POINT (-83.442454 38.180016),Week 15 - Aug 30
08/30/2020,185006,MORGANTOWN CARE & REHABILITATION CENTER,201 SOUTH WARREN STREET,MORGANTOWN,KY,42261,Y,Y,0,77,0,72,0,3,0,37,0,15,122,98,,,,,Y,N,N,N,N,N,N,1-2 DAYS,N,N,N,N,N,N,Y,N,N,N,N,N,N,1-2 DAYS,N,N,N,N,N,N,,,,,0,43,0,0,0,0,N,N,N,N,Y,Y,Y,Y,Y,Y,Y,Y,Y,Y,Y,Y,N,,,,,0,0,734.7,153.1,20.8,Butler,N,N,POINT (-86.68395500000001 37.223559),Week 15 - Aug 30
08/30/2020,185197,NORTHPOINT/LEXINGTON HEALTHCARE CENTER,1500 TRENT BOULEVARD,LEXINGTON,KY,40515,Y,Y,0,0,2,2,1,8,0,11,0,0,150,122,,,,,Y,N,N,N,N,N,N,1-2 DAYS,Y,N,N,Y,N,N,Y,N,N,N,N,N,N,1-2 DAYS,Y,N,N,Y,N,N,Y,0,0,Y,2,8,1,9,0,0,N,N,N,N,Y,Y,Y,Y,Y,Y,Y,Y,Y,Y,Y,Y,N,,,,,16.4,0,16.4,0.0,0.0,Fayette,N,Y,POINT (-84.475726 37.966358),Week 15 - Aug 30
08/30/2020,185015,"MADISONVILLE HEALTH AND REHABILITATION, LLC",419 NORTH SEMINARY ST,MADISONVILLE,KY,42431,Y,Y,0,1,0,0,0,4,1,9,0,0,94,79,,,,,Y,N,N,N,N,N,N,3-7 DAYS,Y,N,Y,N,N,N,Y,N,N,N,N,N,N,3-7 DAYS,Y,N,Y,N,Y,N,N,,,,0,2,0,5,1,1,N,N,Y,N,Y,Y,Y,Y,Y,Y,Y,Y,Y,Y,Y,Y,N,,,,,0,0,0.0,0.0,,Hopkins,N,N,POINT (-87.500773 37.33513700000001),Week 15 - Aug 30
08/30/2020,185141,SIGNATURE HEALTHCARE OF GEORGETOWN,102 POCAHONTAS TRAIL,GEORGETOWN,KY,40324,Y,Y,0,1,0,0,0,8,0,1,0,0,65,51,,,,,Y,N,N,N,N,N,N,1-2 DAYS,N,N,N,N,N,N,Y,N,N,N,N,N,N,1-2 DAYS,Y,N,N,N,Y,N,N,,,,0,0,0,23,0,0,N,N,N,N,Y,Y,Y,Y,Y,Y,Y,Y,Y,Y,Y,Y,N,,,,,0,0,0.0,0.0,,Scott,N,N,POINT (-84.561979 38.196683),Week 15 - Aug 30
08/30/2020,185455,VALHALLA POST ACUTE,300 SHELBY STATION DRIVE,LOUISVILLE,KY,40245,Y,Y,0,8,0,6,0,0,0,6,0,7,130,118,,,,,Y,N,N,N,N,N,N,1-2 DAYS,Y,N,N,N,Y,N,Y,N,N,N,N,N,N,1-2 DAYS,Y,N,N,N,Y,N,Y,0,0,Y,0,2,0,0,0,0,Y,N,Y,Y,Y,Y,Y,Y,Y,Y,Y,Y,Y,Y,Y,Y,N,,,,,0,0,50.8,59.3,116.7,Jefferson,N,N,POINT (-85.49035 38.237863),Week 15 - Aug 30
08/30/2020,185269,CRITTENDEN COUNTY HEALTH & REHABILITATION CENTER,201 WATSON STREET,MARION,KY,42064,Y,Y,0,0,0,1,0,0,0,0,0,0,107,70,,,,,Y,N,N,N,N,N,N,1-2 DAYS,N,N,N,N,N,N,Y,N,N,N,N,N,N,1-2 DAYS,Y,N,N,N,Y,N,,,,,0,1,0,0,0,0,N,N,N,N,Y,Y,Y,Y,Y,Y,Y,Y,Y,Y,Y,Y,N,,,,,0,0,14.3,0.0,0.0,Crittenden,N,N,POINT (-88.085041 37.325383),Week 15 - Aug 30
08/30/2020,185358,BEDFORD SPRINGS HEALTH AND REHABILITATION,50 SHEPHERD LANE,BEDFORD,KY,40006,Y,Y,0,1,0,0,0,6,0,10,0,0,60,39,,,,,Y,N,N,N,N,N,N,3-7 DAYS,Y,N,N,N,N,Y,Y,N,N,N,N,N,N,3-7 DAYS,Y,N,N,N,Y,N,N,,,,1,1,0,0,0,0,N,N,N,N,Y,Y,Y,Y,Y,Y,Y,Y,Y,Y,Y,Y,N,,,,,0,0,0.0,0.0,,Trimble,N,N,POINT (-85.320523 38.58286),Week 15 - Aug 30
08/30/2020,185449,KINGSBROOK LIFECARE CENTER,2500 STATE ROUTE 5,ASHLAND,KY,41102,Y,Y,0,1,0,1,0,10,0,24,0,0,137,124,,,,,Y,N,N,N,N,N,N,1-2 DAYS,N,N,N,N,N,N,Y,N,N,N,N,N,N,1-2 DAYS,Y,N,N,N,Y,N,,,,,0,2,0,17,0,0,N,N,N,N,Y,Y,Y,Y,Y,Y,Y,Y,Y,Y,Y,Y,N,,,,,0,0,8.1,0.0,0.0,Boyd,N,N,POINT (-82.692068 38.483598),Week 15 - Aug 30
08/30/2020,185167,HOPKINS CENTER,460 SOUTH COLLEGE STREET,WOODBURN,KY,42170,Y,Y,0,0,0,2,1,5,0,13,0,0,50,47,,,,,Y,N,N,N,N,N,N,3-7 DAYS,N,N,N,N,N,N,Y,N,N,N,N,N,N,3-7 DAYS,N,N,N,N,N,N,,,,,1,7,0,6,0,0,N,N,N,N,N,N,N,N,N,N,N,N,Y,Y,Y,Y,N,,,,,0,0,42.6,0.0,0.0,Warren,N,N,POINT (-86.52811400000002 36.836977),Week 15 - Aug 30
08/30/2020,185293,LANDMARK OF LAUREL CREEK REHABILITATION AND NURSIN,1033 NORTH HIGHWAY 11,MANCHESTER,KY,40962,Y,Y,0,0,0,0,0,0,0,0,0,0,106,99,,,,,Y,N,N,N,N,N,N,1-2 DAYS,N,N,N,N,N,N,Y,N,N,N,N,N,N,1-2 DAYS,Y,N,N,N,Y,N,,,,,0,2,0,0,0,0,N,N,N,N,Y,Y,Y,Y,Y,Y,Y,Y,Y,Y,Y,Y,N,,,,,0,0,0.0,0.0,,Clay,N,N,POINT (-83.76999 37.167141),Week 15 - Aug 30
08/30/2020,185438,RICHWOOD NURSING & REHAB,1012 RICHWOOD WAY,LA GRANGE,KY,40031,Y,Y,0,10,0,37,0,5,0,10,0,6,120,100,,,,,Y,N,N,N,N,N,N,1-2 DAYS,N,N,N,N,N,N,Y,N,N,N,N,N,N,1-2 DAYS,Y,N,N,N,Y,N,Y,0,0,Y,0,19,0,6,0,0,Y,N,Y,N,Y,Y,Y,Y,Y,Y,Y,Y,Y,Y,Y,Y,N,,,,,0,0,370.0,60.0,16.2,Oldham,N,N,POINT (-85.36923500000002 38.392557000000004),Week 15 - Aug 30
08/30/2020,185089,SIGNATURE HEALTHCARE OF BOWLING GREEN,550 HIGH ST.,BOWLING GREEN,KY,42101,Y,Y,1,3,0,2,0,0,0,6,0,0,176,138,,,,,Y,N,N,N,N,N,N,3-7 DAYS,Y,Y,N,N,N,N,Y,N,N,N,N,N,N,3-7 DAYS,Y,N,N,N,Y,N,N,,,,0,2,0,0,0,0,N,N,N,N,Y,Y,Y,Y,Y,Y,Y,Y,Y,Y,Y,Y,N,,,,,0,0,14.5,0.0,0.0,Warren,N,N,POINT (-86.433315 36.99277),Week 15 - Aug 30
08/30/2020,185402,HENDERSON NURSING AND REHABILITATION CENTER,2500 NORTH ELM STREET,HENDERSON,KY,42420,Y,Y,0,8,0,26,0,0,0,6,0,4,90,66,,,,,Y,N,N,N,N,N,N,1-2 DAYS,Y,N,N,N,Y,N,Y,N,N,N,N,N,N,1-2 DAYS,Y,N,N,N,Y,N,,,,,0,9,0,1,0,0,N,N,N,N,Y,Y,Y,Y,Y,Y,Y,Y,Y,Y,Y,Y,N,,,,,0,0,393.9,60.6,15.4,Henderson,N,N,POINT (-87.570791 37.872468),Week 15 - Aug 30
08/30/2020,185437,"THE VILLAGE OF LEBANON II, LLC",105 VILLAGE WAY,LEBANON,KY,40033,Y,Y,0,0,0,0,0,1,0,0,0,0,64,41,,,,,Y,N,N,N,N,N,N,1-2 DAYS,Y,N,N,N,Y,N,Y,N,N,N,N,N,N,1-2 DAYS,Y,N,N,N,Y,N,,,,,0,2,0,1,0,0,N,N,N,N,Y,Y,Y,Y,Y,Y,Y,Y,Y,Y,Y,Y,N,,,,,0,0,0.0,0.0,,Marion,N,N,POINT (-85.268964 37.561409),Week 15 - Aug 30
08/30/2020,185354,FORDSVILLE NURSING AND REHABILITATION CENTER,313 MAIN STREET,FORDSVILLE,KY,42343,Y,Y,0,0,0,2,0,0,1,1,0,0,67,57,,,,,Y,N,N,N,N,N,N,1-2 DAYS,Y,N,N,N,N,Y,Y,N,N,N,N,N,N,1-2 DAYS,Y,N,N,N,N,Y,,,,,0,0,0,0,0,0,N,N,N,N,Y,Y,Y,Y,Y,Y,Y,Y,Y,Y,Y,Y,N,,,,,0,0,35.1,0.0,0.0,Ohio,N,N,POINT (-86.70955600000002 37.633932),Week 15 - Aug 30
08/30/2020,185090,BRIDGE POINT CENTER,7300 WOODSPOINT DRIVE,FLORENCE,KY,41042,Y,Y,0,9,0,29,1,14,3,10,0,2,151,117,,,,,Y,N,N,N,N,N,N,3-7 DAYS,N,N,N,N,N,N,Y,N,N,N,N,N,N,3-7 DAYS,N,N,N,N,N,N,,,,,0,7,0,10,0,0,N,N,N,N,N,N,N,N,N,N,N,N,Y,Y,Y,Y,N,,,,,0,0,247.9,17.1,6.9,Boone,N,N,POINT (-84.642129 39.008212),Week 15 - Aug 30
08/30/2020,185362,NEW CASTLE NURSING & REHAB,50 ADAMS STREET,NEW CASTLE,KY,40050,Y,Y,0,0,0,1,0,0,0,0,0,0,60,58,,,,,Y,N,N,N,N,N,N,1-2 DAYS,Y,Y,N,N,N,N,Y,N,N,N,N,N,N,1-2 DAYS,Y,Y,N,N,Y,N,Y,0,0,Y,0,1,0,2,0,0,N,N,N,N,N,N,Y,Y,Y,Y,Y,Y,Y,Y,Y,Y,N,,,,,0,0,17.2,0.0,0.0,Henry,N,N,POINT (-85.174564 38.436506),Week 15 - Aug 30
08/30/2020,185042,THE GRANDVIEW NURSING AND REHABILITATION FACILITY,640 WATER TOWER BYPASS,CAMPBELLSVILLE,KY,42719,Y,Y,4,4,0,8,0,2,0,1,0,1,81,66,,,,,Y,N,N,N,N,N,N,1-2 DAYS,Y,N,N,N,Y,N,Y,N,N,N,N,N,N,1-2 DAYS,Y,N,N,N,Y,N,N,,,,0,6,0,7,0,0,N,N,N,N,Y,N,Y,N,Y,N,Y,N,Y,N,Y,N,N,,,,,0,0,121.2,15.2,12.5,Taylor,N,N,POINT (-85.321849 37.340286),Week 15 - Aug 30
08/30/2020,185222,GOOD SHEPHERD HEALTH AND REHABILITATION,60 PHILLIPS BRANCH ROAD,PHELPS,KY,41553,N,,,,,,,,,,,,,,,,,,,,,,,,,,,,,,,,,,,,,,,,,,,,,,,,,,,,,,,,,,,,,,,,,,,,,,,,,,,,,,,,,,Pike,,,POINT (-82.137144 37.495937),Week 15 - Aug 30
08/30/2020,185275,SIGNATURE HEALTHCARE OF HARTFORD REHAB & WELLNESS,114 MCMURTRY AVENUE,HARTFORD,KY,42347,Y,Y,0,50,0,29,1,13,0,13,0,7,110,81,,,,,Y,N,N,N,N,N,N,1-2 DAYS,Y,Y,N,Y,N,N,Y,N,N,N,N,N,N,1-2 DAYS,Y,Y,N,Y,N,N,Y,0,0,Y,0,37,1,27,0,0,N,N,N,N,Y,Y,Y,Y,Y,Y,Y,Y,Y,Y,Y,Y,N,,,,,0,0,358.0,86.4,24.1,Ohio,N,N,POINT (-86.895435 37.44772),Week 15 - Aug 30
08/30/2020,185442,NAZARETH HOME CLIFTON,2120 PAYNE STREET,LOUISVILLE,KY,40206,Y,Y,0,36,0,48,0,10,2,27,0,16,101,65,,,,,Y,N,N,N,N,N,N,3-7 DAYS,Y,N,Y,N,N,N,Y,N,N,N,N,N,N,3-7 DAYS,Y,N,Y,N,Y,N,Y,0,0,Y,0,30,0,46,0,1,N,N,N,N,Y,N,Y,N,Y,N,Y,N,Y,Y,Y,Y,,,,,,0,0,738.5,246.2,33.3,Jefferson,N,N,POINT (-85.70703600000002 38.252493),Week 15 - Aug 30
08/30/2020,185263,DAWSON SPRINGS HEALTH AND REHABILITATION CENTER,213 WATER STREET,DAWSON SPRINGS,KY,42408,Y,Y,0,0,0,0,0,0,0,1,0,0,59,47,,,,,Y,N,N,N,N,N,N,1-2 DAYS,N,N,N,N,N,N,Y,N,N,N,N,N,N,1-2 DAYS,Y,N,N,N,Y,N,N,,,,0,1,0,0,0,0,N,N,N,N,Y,Y,Y,Y,Y,Y,Y,Y,Y,Y,Y,Y,N,,,,,0,0,0.0,0.0,,Hopkins,N,N,POINT (-87.694241 37.165268000000005),Week 15 - Aug 30
08/30/2020,185383,HIGHLANDSPRING OF FT THOMAS,960 HIGHLAND AVENUE,FORT THOMAS,KY,41075,Y,Y,0,0,0,1,0,0,0,19,0,1,140,118,,,,,Y,N,N,N,N,N,N,1-2 DAYS,N,N,N,N,N,N,Y,N,N,N,N,N,N,3-7 DAYS,N,N,N,N,N,N,Y,0,0,Y,2,31,0,8,0,0,N,N,N,N,Y,Y,Y,Y,Y,Y,Y,Y,Y,Y,Y,Y,N,,,,,0,0,8.5,8.5,100.0,Campbell,N,N,POINT (-84.466907 39.07261),Week 15 - Aug 30
08/30/2020,185259,RIVERS EDGE NURSING AND REHABILITATION CENTER,6301 BASS ROAD,PROSPECT,KY,40059,Y,Y,0,0,0,2,0,0,0,0,0,0,100,76,,,,,Y,N,N,N,N,N,N,3-7 DAYS,Y,N,N,N,Y,N,Y,N,N,N,N,N,N,3-7 DAYS,N,N,N,N,N,N,N,,,,0,0,0,0,0,0,N,N,N,N,N,N,Y,Y,Y,Y,Y,Y,Y,Y,Y,Y,N,,,,,0,0,26.3,0.0,0.0,Jefferson,N,N,POINT (-85.627276 38.350368),Week 15 - Aug 30
08/30/2020,185279,MILLS NURSING & REHABILITATION,500 BECK LANE,MAYFIELD,KY,42066,Y,Y,0,4,0,41,0,1,0,24,0,18,98,75,,,,,Y,N,N,N,N,N,N,1-2 DAYS,N,N,N,N,N,N,Y,N,N,N,N,N,N,1-2 DAYS,N,N,N,N,N,N,Y,0,0,Y,0,35,0,0,0,0,N,N,N,N,Y,Y,Y,Y,Y,Y,Y,Y,Y,Y,Y,Y,N,,,,,0,0,546.7,240.0,43.9,Graves,N,N,POINT (-88.671088 36.736028),Week 15 - Aug 30
08/30/2020,185301,REGIS WOODS,4604 LOWE ROAD,LOUISVILLE,KY,40220,Y,Y,1,24,0,77,0,3,0,31,0,14,186,132,,,,,Y,N,N,N,N,N,N,3-7 DAYS,Y,N,N,N,Y,N,Y,N,N,N,N,N,N,3-7 DAYS,Y,N,N,N,Y,N,,,,,0,36,0,2,0,0,N,N,N,N,N,N,N,N,N,N,N,N,Y,Y,Y,Y,N,,,,,0,0,583.3,106.1,18.2,Jefferson,N,N,POINT (-85.610218 38.22367),Week 15 - Aug 30
08/30/2020,185348,SYCAMORE HEIGHTS HEALTH AND REHABILITATION,2141 SYCAMORE AVENUE,LOUISVILLE,KY,40206,Y,Y,0,1,0,1,0,0,0,2,0,0,96,65,,,,,Y,N,N,N,N,N,N,3-7 DAYS,N,N,N,N,N,N,Y,N,N,N,N,N,N,3-7 DAYS,Y,N,N,N,Y,N,,,,,0,2,0,1,0,0,N,N,N,N,Y,Y,Y,Y,Y,Y,Y,Y,Y,Y,Y,Y,N,,,,,0,0,15.4,0.0,0.0,Jefferson,N,N,POINT (-85.705601 38.255704),Week 15 - Aug 30
08/30/2020,185248,SAYRE CHRISTIAN VILLAGE NURSING HOME,3775 BELLEAU WOOD DRIVE,LEXINGTON,KY,40517,Y,Y,0,0,0,6,0,0,1,16,0,0,130,128,,,,,Y,N,N,N,N,N,N,1-2 DAYS,N,N,N,N,N,N,Y,N,N,N,N,N,N,1-2 DAYS,N,N,N,N,N,N,,,,,0,8,0,0,0,0,N,N,N,N,Y,Y,Y,Y,Y,Y,Y,Y,Y,Y,Y,Y,N,,,,,0,0,46.9,0.0,0.0,Fayette,N,N,POINT (-84.506046 37.972948),Week 15 - Aug 30
08/30/2020,185408,LIBERTY CARE AND REHABILITATION CENTER,616 S WALLACE WILKINSON BLVD,LIBERTY,KY,42539,Y,Y,0,15,0,55,0,15,0,13,0,11,97,63,,,,,Y,N,N,N,N,N,N,N/A,N,N,N,N,N,N,Y,N,N,N,N,N,N,1-2 DAYS,Y,N,N,N,Y,N,Y,0,0,Y,0,20,0,3,0,0,N,N,N,N,Y,Y,Y,Y,Y,Y,Y,Y,Y,Y,Y,Y,N,,,,,0,0,873.0,174.6,20.0,Casey,N,N,POINT (-84.941512 37.309627),Week 15 - Aug 30
08/30/2020,185315,CLINTON COUNTY CARE AND REHABILITATION CENTER,404 NORTH WASHINGTON STREET,ALBANY,KY,42602,Y,Y,0,0,0,1,0,0,0,4,0,0,52,46,,,,,Y,N,N,N,N,N,N,1-2 DAYS,Y,N,N,N,Y,N,Y,N,N,N,N,N,N,1-2 DAYS,Y,N,N,N,Y,N,N,,,,0,12,0,4,0,0,N,N,N,N,Y,Y,Y,Y,Y,Y,Y,Y,Y,Y,Y,Y,,,,,,0,0,21.7,0.0,0.0,Clinton,N,N,POINT (-85.134799 36.692926),Week 15 - Aug 30
08/30/2020,185396,THE TRANSITIONAL CARE CENTER OF OWENSBORO,1201 PLEASANT VALLEY ROAD,OWENSBORO,KY,42303,Y,Y,0,0,0,0,0,0,0,0,0,0,30,16,,,,,Y,N,N,N,N,N,N,1-2 DAYS,N,N,N,N,N,N,N,N,N,N,N,N,Y,3-7 DAYS,N,N,N,N,N,N,N,,,,0,4,0,10,0,0,N,N,N,N,Y,Y,Y,Y,Y,Y,Y,Y,Y,Y,Y,Y,N,,,,,0,0,0.0,0.0,,Daviess,N,N,POINT (-87.069958 37.777296),Week 15 - Aug 30
08/30/2020,185138,NAZARETH HOME,2000 NEWBURG ROAD,LOUISVILLE,KY,40205,Y,Y,0,0,0,3,1,11,2,62,0,1,118,91,,,,,Y,N,N,N,N,N,N,1-2 DAYS,N,N,N,N,N,N,Y,N,N,N,N,N,N,1-2 DAYS,Y,N,N,N,Y,N,Y,0,0,Y,0,10,0,27,0,0,N,N,N,N,Y,N,Y,N,Y,N,Y,N,Y,Y,Y,Y,N,,,,,0,0,33.0,11.0,33.3,Jefferson,N,N,POINT (-85.709166 38.219023),Week 15 - Aug 30
08/30/2020,185338,CHRISTIAN HEIGHTS NURSING AND REHABILITATION CENTE,124 WEST NASHVILLE STREET,PEMBROKE,KY,42266,Y,Y,0,1,0,0,0,0,0,3,0,0,60,49,,,,,Y,N,N,N,N,N,N,1-2 DAYS,Y,N,N,N,Y,N,Y,N,N,N,N,N,N,1-2 DAYS,Y,N,N,N,Y,N,N,,,,0,1,0,1,0,0,N,N,N,N,Y,Y,Y,Y,Y,Y,Y,Y,Y,Y,Y,Y,N,,,,,0,0,0.0,0.0,,Christian,N,N,POINT (-87.354883 36.778669),Week 15 - Aug 30
08/30/2020,185093,"NHC HEALTHCARE, GLASGOW",109  HOMEWOOD BLVD.,GLASGOW,KY,42141,Y,Y,0,0,0,0,0,0,2,21,0,0,194,164,,,,,Y,N,N,N,N,N,N,3-7 DAYS,Y,Y,Y,N,N,N,Y,N,N,N,N,N,N,3-7 DAYS,Y,Y,Y,N,Y,N,,,,,2,7,0,1,0,0,Y,N,Y,N,Y,Y,Y,Y,Y,Y,Y,Y,Y,Y,Y,Y,N,,,,,0,0,0.0,0.0,,Barren,N,N,POINT (-85.90539 37.016741),Week 15 - Aug 30
08/30/2020,185332,GRAND HAVEN NURSING HOME,105 RODGERS PARK,CYNTHIANA,KY,41031,Y,Y,0,2,0,0,0,0,0,1,0,0,54,48,,,,,Y,N,N,N,N,N,N,1-2 DAYS,N,N,N,N,N,N,Y,N,N,N,N,N,N,1-2 DAYS,N,N,N,N,N,N,,,,,0,0,0,0,0,0,N,N,N,N,Y,Y,Y,Y,Y,Y,Y,Y,Y,Y,Y,Y,N,,,,,0,0,0.0,0.0,,Harrison,N,N,POINT (-84.28404 38.39423),Week 15 - Aug 30
08/30/2020,185285,BRECKINRIDGE MEMORIAL NURSING FACILITY,1011 OLD HIGHWAY 60,HARDINSBURG,KY,40143,Y,Y,0,0,0,0,0,0,0,0,0,0,18,18,,,,,Y,N,N,N,N,N,N,N/A,N,N,N,N,N,N,Y,N,N,N,N,N,N,1-2 DAYS,N,N,N,N,N,N,N,,,,0,2,0,4,0,0,N,N,Y,N,Y,Y,Y,Y,Y,Y,Y,Y,Y,Y,Y,Y,Y,3,0,Y,Y,0,0,0.0,0.0,,Breckinridge,N,N,POINT (-86.441643 37.766615),Week 15 - Aug 30
08/30/2020,185444,"CAMBRIDGE PLACE GROUP, LLC",2020 CAMBRIDGE DRIVE,LEXINGTON,KY,40504,Y,Y,0,0,0,25,0,4,0,8,0,0,108,93,,,,,Y,N,N,N,N,N,N,1-2 DAYS,N,N,N,N,N,N,Y,N,N,N,N,N,N,1-2 DAYS,Y,N,N,N,Y,N,Y,0,0,Y,0,15,0,2,0,0,Y,N,Y,Y,Y,Y,Y,Y,Y,Y,Y,Y,Y,Y,Y,Y,N,,,,,0,0,268.8,0.0,0.0,Fayette,N,N,POINT (-84.54884900000002 38.053117),Week 15 - Aug 30
08/30/2020,185433,TRI-CITIES NURSING AND REHABILITATION CENTER,19101 US HIGHWAY 119 NORTH,CUMBERLAND,KY,40823,Y,Y,0,3,0,0,0,0,1,8,0,0,85,70,,,,,Y,N,N,N,N,N,N,1-2 DAYS,N,N,N,N,N,N,Y,N,N,N,N,N,N,1-2 DAYS,N,N,N,N,N,N,N,,,,0,0,0,0,0,0,N,N,N,N,Y,N,Y,Y,Y,Y,Y,Y,Y,Y,Y,Y,N,,,,,0,0,0.0,0.0,,Harlan,N,N,POINT (-82.961078 36.985043),Week 15 - Aug 30
08/30/2020,185410,RIVER'S BEND RETIREMENT COMMUNITY,300 BEECH STREET,KUTTAWA,KY,42055,Y,Y,0,0,0,0,0,0,0,2,0,0,40,35,,,,,Y,N,N,N,N,N,N,N/A,N,N,N,N,N,N,Y,N,N,N,N,N,N,1-2 DAYS,Y,N,N,N,Y,N,N,,,,0,1,0,0,0,0,N,N,N,N,Y,Y,Y,Y,Y,Y,Y,Y,Y,Y,Y,Y,N,,,,,0,0,0.0,0.0,,Lyon,N,N,POINT (-88.134072 37.062474),Week 15 - Aug 30
08/30/2020,185249,SIGNATURE HEALTHCARE AT JACKSON MANOR REHAB & WELL,96 HIGHWAY 3444,ANNVILLE,KY,40402,Y,N,,,,,,,,,,,,,,,,,,,,,,,,,,,,,,,,,,,,,,,,,,,,,,,,,,,,,,,,,,,,,,,,,,,,,,,,,,,,,,,,,Jackson,,,,Week 15 - Aug 30
08/30/2020,185176,"CLIFTON OAKS CARE AND REHAB CENTER, LLC",446 MT. HOLLY AVENUE,LOUISVILLE,KY,40206,Y,Y,7,28,0,0,0,0,0,2,0,1,110,82,,,,,Y,N,N,N,N,N,N,1-2 DAYS,N,N,N,N,N,N,Y,N,N,N,N,N,N,1-2 DAYS,Y,N,N,N,N,Y,N,,,,0,2,0,0,0,0,N,N,N,N,Y,Y,Y,Y,Y,Y,Y,Y,Y,Y,Y,Y,N,,,,,0,0,0.0,12.2,,Jefferson,N,N,POINT (-85.703588 38.260653),Week 15 - Aug 30
08/30/2020,185326,CLINTON-HICKMAN COUNTY NURSING FACILITY,366 SOUTH WASHINGTON STREET,CLINTON,KY,42031,Y,Y,0,1,0,1,0,0,0,4,0,0,46,40,,,,,Y,N,N,N,N,N,N,1-2 DAYS,N,N,N,N,N,N,Y,N,N,N,N,N,N,1-2 DAYS,Y,N,N,N,Y,N,,,,,0,2,0,1,0,0,N,N,N,N,Y,Y,Y,Y,Y,Y,Y,Y,Y,Y,Y,Y,N,,,,,0,0,25.0,0.0,0.0,Hickman,N,N,POINT (-88.993634 36.662105),Week 15 - Aug 30
08/30/2020,185211,SIGNATURE HEALTHCARE OF MCCREARY COUNTY REHAB & WE,58 CAL HILL ROAD,PINE KNOT,KY,42635,Y,Y,0,0,0,0,0,0,0,0,0,0,60,50,,,,,Y,N,N,N,N,N,N,1-2 DAYS,Y,N,N,N,N,Y,Y,N,N,N,N,N,N,1-2 DAYS,Y,N,N,N,Y,Y,N,,,,2,3,0,8,0,0,N,N,N,N,Y,Y,Y,Y,Y,Y,Y,Y,Y,Y,Y,Y,N,,,,,0,0,0.0,0.0,,McCreary,N,N,,Week 15 - Aug 30
08/30/2020,185346,HERMITAGE CARE AND REHABILITATION CENTER,1614 WEST PARRISH AVENUE,OWENSBORO,KY,42301,Y,Y,0,0,0,0,0,0,0,0,0,0,92,79,,,,,Y,N,N,N,N,N,N,1-2 DAYS,Y,N,N,Y,N,N,Y,N,N,N,N,N,N,1-2 DAYS,Y,Y,N,Y,N,N,N,,,,3,3,3,12,0,0,N,N,N,N,Y,Y,Y,Y,Y,Y,Y,Y,Y,Y,Y,Y,N,,,,,0,0,0.0,0.0,,Daviess,N,N,POINT (-87.129161 37.75997600000001),Week 15 - Aug 30
08/30/2020,185418,BOYD NURSING AND REHABILITATION,12100 PRINCELAND SPUR,ASHLAND,KY,41102,Y,Y,0,0,0,0,0,0,1,6,0,0,60,55,,,,,Y,N,N,N,N,N,N,3-7 DAYS,Y,N,N,Y,N,N,Y,N,N,N,N,N,N,3-7 DAYS,Y,N,N,Y,N,N,N,,,,1,2,0,3,0,0,N,N,Y,N,Y,Y,Y,Y,Y,Y,Y,Y,Y,Y,Y,Y,N,,,,,0,0,0.0,0.0,,Boyd,N,N,POINT (-82.749478 38.384864),Week 15 - Aug 30
08/30/2020,185423,EDGEWOOD ESTATES,195 BERRYMAN ROAD,FRENCHBURG,KY,40322,Y,Y,0,0,0,2,0,0,0,3,0,0,60,43,,,,,Y,N,N,N,N,N,N,3-7 DAYS,N,N,N,N,N,N,Y,N,N,N,N,N,N,3-7 DAYS,N,N,N,N,N,N,N,,,,0,1,0,0,0,0,N,N,N,N,Y,N,Y,Y,Y,Y,Y,Y,Y,Y,Y,Y,N,,,,,0,0,46.5,0.0,0.0,Menifee,N,N,POINT (-83.624904 37.923351),Week 15 - Aug 30
08/30/2020,185124,REDBANKS,851 KIMSEY LANE,HENDERSON,KY,42420,Y,Y,0,0,0,0,0,0,1,2,0,0,222,152,,,,,Y,N,N,N,N,N,N,1-2 DAYS,Y,N,N,N,Y,N,Y,N,N,N,N,N,N,1-2 DAYS,Y,N,N,N,Y,N,N,,,,0,6,0,0,0,0,N,N,N,N,Y,Y,Y,Y,Y,Y,Y,Y,Y,Y,Y,Y,,,,,,0,0,0.0,0.0,,Henderson,N,N,POINT (-87.566012 37.849739),Week 15 - Aug 30
08/30/2020,185382,COUNTRYSIDE CENTER FOR REHABILITATION AND NURSING,47 MARGO AVENUE,BARDWELL,KY,42023,Y,Y,0,7,0,0,0,3,0,9,0,0,61,52,,,,,Y,N,N,N,N,N,N,N/A,N,N,N,N,N,N,Y,N,N,N,N,N,N,3-7 DAYS,Y,N,N,N,Y,N,Y,0,0,Y,1,1,0,3,0,0,N,N,N,N,Y,Y,Y,Y,Y,Y,Y,Y,Y,Y,Y,Y,N,,,,,0,0,0.0,0.0,,Carlisle,N,N,POINT (-89.007417 36.880432),Week 15 - Aug 30
08/30/2020,185095,"HILLCREEK REHAB AND CARE, LLC",3116 BRECKINRIDGE LANE,LOUISVILLE,KY,40220,Y,Y,0,112,0,2,0,1,1,5,0,1,172,131,,,,,Y,N,N,N,N,N,N,3-7 DAYS,N,N,N,N,N,N,Y,N,N,N,N,N,N,3-7 DAYS,Y,N,N,N,Y,N,Y,0,0,Y,0,4,0,0,0,0,N,N,N,N,N,N,Y,Y,Y,Y,Y,Y,Y,N,Y,Y,N,,,,,0,0,15.3,7.6,50.0,Jefferson,N,N,POINT (-85.628018 38.21049),Week 15 - Aug 30
08/30/2020,185342,SIGNATURE HEALTHCARE AT COLONIAL REHAB & WELLNESS,708 BARTLEY AVENUE,BARDSTOWN,KY,40004,Y,Y,0,0,0,1,0,0,0,0,0,0,65,49,,,,,Y,N,N,N,N,N,N,1-2 DAYS,Y,N,N,N,N,Y,Y,N,N,N,N,N,N,1-2 DAYS,Y,N,N,N,N,Y,N,,,,0,0,0,0,0,0,N,N,N,N,Y,Y,Y,Y,Y,Y,Y,Y,Y,Y,Y,Y,N,,,,,0,0,20.4,0.0,0.0,Nelson,N,N,POINT (-85.478443 37.80749),Week 15 - Aug 30
08/30/2020,185029,CHRISTIAN HEALTH CENTER,920 SOUTH FOURTH STREET,LOUISVILLE,KY,40203,Y,Y,0,1,0,28,0,1,0,5,0,3,122,79,,,,,Y,N,N,N,N,N,N,3-7 DAYS,N,N,N,N,N,N,Y,N,N,N,N,N,N,3-7 DAYS,Y,N,N,N,Y,N,N,,,,1,10,0,0,0,0,Y,N,Y,N,Y,Y,Y,Y,Y,Y,Y,Y,Y,Y,Y,Y,N,,,,,0,0,354.4,38.0,10.7,Jefferson,N,N,POINT (-85.759311 38.240873),Week 15 - Aug 30
08/30/2020,185378,MASONIC HOME OF SHELBYVILLE,711 FRANKFORT ROAD,SHELBYVILLE,KY,40066,Y,Y,0,0,0,70,0,6,0,16,0,10,94,67,,,,,Y,N,N,N,N,N,N,1-2 DAYS,N,N,N,N,N,N,Y,N,N,N,N,N,N,1-2 DAYS,Y,N,N,N,Y,N,Y,0,0,Y,1,59,0,8,0,0,N,N,N,N,Y,Y,Y,Y,Y,Y,Y,Y,Y,Y,Y,Y,N,,,,,0,0,1044.8,149.3,14.3,Shelby,N,N,POINT (-85.194652 38.212199),Week 15 - Aug 30
08/30/2020,185151,RIVERVIEW HEALTH CARE CENTER,79 SPARROW LANE,PRESTONSBURG,KY,41653,Y,Y,0,0,0,0,0,26,2,10,0,0,121,101,,,,,Y,N,N,N,N,N,N,3-7 DAYS,Y,N,N,N,Y,N,Y,N,N,N,N,N,N,3-7 DAYS,Y,N,N,N,Y,N,N,,,,0,8,0,17,0,0,N,N,N,N,Y,Y,Y,Y,Y,N,Y,Y,Y,Y,Y,Y,N,,,,,0,0,0.0,0.0,,Floyd,N,N,POINT (-82.745121 37.670496),Week 15 - Aug 30
08/30/2020,185178,LOUISVILLE EAST POST ACUTE,4200 BROWNS LANE,LOUISVILLE,KY,40220,Y,Y,0,6,0,23,0,9,1,21,0,7,178,160,,,,,Y,N,N,N,N,N,N,1-2 DAYS,Y,N,N,N,Y,N,Y,N,N,N,N,N,N,1-2 DAYS,Y,N,N,N,Y,N,Y,0,0,Y,0,14,0,1,0,0,N,N,N,N,Y,Y,Y,Y,Y,Y,Y,Y,Y,Y,Y,Y,N,,,,,0,0,143.8,43.8,30.4,Jefferson,N,N,POINT (-85.622291 38.221733),Week 15 - Aug 30
08/30/2020,185311,SIGNATURE HEALTHCARE AT ROCKFORD REHAB & WELLNESS,4700 QUINN DRIVE,LOUISVILLE,KY,40216,Y,N,0,0,0,0,0,0,1,11,1,1,110,92,,,,,Y,N,N,N,N,N,N,3-7 DAYS,N,N,N,N,N,N,Y,N,N,N,N,N,N,3-7 DAYS,Y,N,N,N,N,Y,N,,,,2,3,0,1,0,0,N,N,N,N,Y,Y,Y,Y,Y,Y,Y,Y,Y,Y,Y,Y,N,,,,,0,10.9,0.0,10.9,,Jefferson,N,N,POINT (-85.835699 38.177214),Week 15 - Aug 30
08/30/2020,185125,HILLCREST HEALTH AND REHABILITATION CENTER,1245 AMERICAN GREETING ROAD,CORBIN,KY,40702,Y,Y,0,0,0,0,0,0,2,8,0,0,120,102,,,,,Y,N,N,N,N,N,N,N/A,N,N,N,N,N,N,Y,N,N,N,N,N,N,1-2 DAYS,Y,N,N,N,Y,N,Y,0,0,Y,0,1,0,27,0,0,Y,N,Y,Y,Y,Y,Y,Y,Y,Y,Y,Y,Y,Y,Y,Y,N,,,,,0,0,0.0,0.0,,Whitley,N,N,,Week 15 - Aug 30
08/30/2020,185154,HOME OF THE INNOCENTS,1100 EAST MARKET STREET,LOUISVILLE,KY,40206,Y,Y,0,0,0,0,0,0,0,0,0,0,76,75,,,,,Y,N,N,N,N,N,N,1-2 DAYS,N,N,N,N,N,N,Y,N,N,N,N,N,N,3-7 DAYS,Y,N,N,N,Y,N,N,,,,1,4,0,0,0,0,N,N,N,N,Y,N,Y,Y,Y,Y,Y,Y,Y,Y,Y,Y,Y,36,0,Y,Y,0,0,0.0,0.0,,Jefferson,N,N,POINT (-85.732128 38.252548),Week 15 - Aug 30
08/30/2020,185401,EDMONSON CENTER,813 SOUTH MAIN STREET,BROWNSVILLE,KY,42210,Y,Y,0,5,0,31,0,2,0,17,0,9,74,59,,,,,Y,N,N,N,N,N,N,1-2 DAYS,Y,Y,N,N,Y,N,Y,N,N,N,N,N,N,1-2 DAYS,Y,Y,N,N,Y,N,,,,,0,2,0,2,0,0,N,N,N,N,N,N,N,N,N,N,N,N,Y,Y,Y,Y,N,,,,,0,0,525.4,152.5,29.0,Edmonson,N,N,POINT (-86.257974 37.190862),Week 15 - Aug 30
08/30/2020,185061,KENWOOD HEALTH AND REHABILITATION CENTER,130 MEADOWLARK DRIVE,RICHMOND,KY,40475,Y,Y,0,0,0,1,0,0,1,11,0,0,93,81,,,,,Y,N,N,N,N,N,N,1-2 DAYS,Y,N,N,N,Y,N,Y,N,N,N,N,N,N,1-2 DAYS,Y,N,N,N,Y,N,,,,,0,0,0,2,0,0,Y,N,Y,N,Y,Y,Y,Y,Y,Y,Y,Y,Y,Y,Y,Y,N,,,,,0,0,12.3,0.0,0.0,Madison,N,N,POINT (-84.309692 37.739258),Week 15 - Aug 30
08/30/2020,185451,TELFORD TERRACE,1025 ROBERT L TELFORD DRIVE,RICHMOND,KY,40475,Y,Y,0,0,0,0,0,0,0,0,0,0,42,25,,,,,Y,N,N,N,N,N,N,N/A,N,N,N,N,N,N,Y,N,N,N,N,N,N,3-7 DAYS,N,N,N,N,N,N,N,,,,0,0,0,0,0,0,N,N,N,N,Y,Y,Y,Y,Y,Y,Y,Y,Y,Y,Y,Y,N,,,,,0,0,0.0,0.0,,Madison,N,N,POINT (-84.30892 37.74972),Week 15 - Aug 30
08/30/2020,185353,BRANDENBURG NURSING AND REHABILITATION CENTER,814 OLD EKRON ROAD,BRANDENBURG,KY,40108,Y,Y,0,0,0,2,0,2,0,0,0,0,57,52,,,,,Y,N,N,N,N,N,N,1-2 DAYS,Y,Y,N,N,N,N,Y,N,N,N,N,N,N,1-2 DAYS,Y,N,N,N,Y,N,,,,,1,1,0,0,0,0,N,N,N,N,Y,Y,Y,Y,Y,Y,Y,Y,Y,Y,Y,Y,N,,,,,0,0,38.5,0.0,0.0,Meade,N,N,POINT (-86.167771 37.996629),Week 15 - Aug 30
08/30/2020,185226,CARMEL HOME,2501 OLD HARTFORD ROAD,OWENSBORO,KY,42303,Y,Y,0,0,0,0,0,0,1,1,0,0,18,17,,,,,Y,N,N,N,N,N,N,N/A,N,N,N,N,N,N,Y,N,N,N,N,N,N,3-7 DAYS,Y,N,N,N,N,Y,,,,,0,0,0,0,0,0,N,N,N,N,Y,Y,Y,Y,Y,Y,Y,Y,Y,Y,Y,Y,N,,,,,0,0,0.0,0.0,,Daviess,N,N,POINT (-87.0936 37.752118),Week 15 - Aug 30
08/30/2020,185087,TWIN RIVERS NURSING AND REHABILITATION CENTER,2420 WEST THIRD STREET,OWENSBORO,KY,42301,Y,Y,0,0,0,0,0,3,0,4,0,0,132,99,,,,,Y,N,N,N,N,N,N,1-2 DAYS,Y,N,N,N,N,Y,Y,N,N,N,N,N,N,1-2 DAYS,Y,N,N,N,N,Y,N,,,,0,8,0,13,0,0,N,N,N,N,Y,Y,Y,Y,Y,Y,Y,Y,Y,Y,Y,Y,N,,,,,0,0,0.0,0.0,,Daviess,N,N,POINT (-87.140558 37.772113),Week 15 - Aug 30
08/30/2020,185253,CARTER NURSING AND REHABILITATION,250 MCDAVID BLVD,GRAYSON,KY,41143,Y,Y,0,0,0,0,0,1,1,4,0,0,120,114,,,,,Y,N,N,N,N,N,N,1-2 DAYS,N,N,N,N,N,N,Y,N,N,N,N,N,N,1-2 DAYS,Y,N,N,N,Y,N,N,,,,0,0,0,1,0,0,Y,N,Y,N,Y,Y,Y,Y,Y,Y,Y,Y,Y,Y,Y,Y,N,,,,,0,0,0.0,0.0,,Carter,N,N,POINT (-82.92137400000001 38.32698),Week 15 - Aug 30
08/30/2020,185298,HICKS GOLDEN YEARS NURSING HOME,1901 WEST HIGHWAY 90 BYPASS,MONTICELLO,KY,42633,Y,Y,0,0,0,1,0,4,0,8,0,0,59,57,,,,,Y,N,N,N,N,N,N,,,N,N,N,N,N,,N,N,N,N,N,N,,,N,N,N,N,N,,,,,0,0,0,8,0,0,N,N,N,N,Y,Y,Y,Y,Y,Y,Y,Y,Y,Y,Y,Y,N,,,,,0,0,17.5,0.0,0.0,Wayne,N,N,POINT (-84.873171 36.818117),Week 15 - Aug 30
08/30/2020,185447,VILLASPRING OF ERLANGER,4220 HOUSTON ROAD,ERLANGER,KY,41018,Y,Y,0,0,0,0,0,0,0,14,0,0,140,120,,,,,Y,N,N,N,N,N,N,N/A,N,N,N,N,N,N,Y,N,N,N,N,N,N,3-7 DAYS,N,N,N,N,N,N,N,,,,0,4,0,2,0,0,N,N,N,N,Y,N,Y,Y,Y,Y,Y,Y,N,N,Y,Y,N,,,,,0,0,0.0,0.0,,Kenton,N,N,,Week 15 - Aug 30
08/30/2020,185131,THE JORDAN CENTER,270 E CLAYTON LANE,LOUISA,KY,41230,Y,Y,0,0,0,0,0,8,0,8,0,0,104,70,,,,,Y,N,N,N,N,N,N,N/A,N,N,N,N,N,N,Y,N,N,N,N,N,N,3-7 DAYS,Y,N,N,N,Y,N,,,,,0,2,0,9,0,0,N,N,N,N,Y,Y,Y,Y,Y,Y,Y,Y,Y,Y,Y,Y,N,,,,,0,0,0.0,0.0,,Lawrence,N,N,POINT (-82.610827 38.098708),Week 15 - Aug 30
08/30/2020,185294,MAPLE HEALTH AND REHABILITATION,515 GREENE DRIVE,GREENVILLE,KY,42345,Y,Y,0,0,0,0,0,4,0,2,0,0,97,94,,,,,Y,N,N,N,N,N,N,1-2 DAYS,N,N,N,N,N,N,Y,N,N,N,N,N,N,3-7 DAYS,Y,N,N,N,Y,N,N,,,,0,1,0,11,0,0,N,N,N,N,Y,Y,Y,Y,Y,Y,Y,Y,Y,Y,Y,Y,N,,,,,0,0,0.0,0.0,,Muhlenberg,N,N,POINT (-87.179393 37.216175),Week 15 - Aug 30
08/30/2020,185384,BEREA HEALTH AND REHABILITATION,601 RICHMOND ROAD,BEREA,KY,40403,Y,Y,0,0,0,0,0,0,0,0,0,0,84,71,,,,,Y,N,N,N,N,N,N,N/A,N,N,N,N,N,N,Y,N,N,N,N,N,N,1-2 DAYS,Y,N,N,N,Y,N,,,,,0,0,0,2,0,0,N,N,N,N,Y,Y,Y,Y,Y,Y,Y,Y,Y,Y,Y,Y,N,,,,,0,0,0.0,0.0,,Madison,N,N,POINT (-84.283511 37.593752),Week 15 - Aug 30
08/30/2020,185052,SIGNATURE HEALTHCARE AT SUMMIT MANOR REHAB & WELLN,400 BOMAR HEIGHTS,COLUMBIA,KY,42728,Y,Y,0,12,0,71,0,32,0,22,0,16,104,66,,,,,Y,N,N,N,N,N,N,N/A,N,N,N,N,N,N,Y,N,N,N,N,N,N,1-2 DAYS,N,N,N,N,N,N,N,,,,0,28,0,21,0,2,N,N,N,N,Y,Y,Y,Y,Y,Y,Y,Y,Y,Y,Y,Y,N,,,,,0,0,1075.8,242.4,22.5,Adair,N,N,POINT (-85.310119 37.094397),Week 15 - Aug 30
08/30/2020,185049,AUBURN HEALTH CARE,139 PEARL ST.,AUBURN,KY,42206,Y,Y,0,1,0,4,0,0,0,1,0,0,66,50,,,,,Y,N,N,N,N,N,N,N/A,N,N,N,N,N,N,Y,N,N,N,N,N,N,3-7 DAYS,N,N,N,N,N,N,N,,,,0,0,0,0,0,0,N,N,N,N,Y,Y,Y,Y,Y,Y,Y,Y,Y,Y,Y,Y,N,,,,,0,0,80.0,0.0,0.0,Logan,N,N,POINT (-86.710779 36.865108),Week 15 - Aug 30
08/30/2020,185389,EDGEMONT HEALTHCARE,323 WEBSTER AVENUE,CYNTHIANA,KY,41031,Y,Y,0,0,0,0,0,0,0,0,0,0,68,61,,,,,Y,N,N,N,N,N,N,N/A,N,N,N,N,N,N,Y,N,N,N,N,N,N,1-2 DAYS,N,N,N,N,N,N,,,,,0,0,0,2,0,0,N,N,N,N,Y,Y,Y,Y,Y,Y,Y,Y,Y,Y,Y,Y,N,,,,,0,0,0.0,0.0,,Harrison,N,N,POINT (-84.292414 38.382376),Week 15 - Aug 30
08/30/2020,185127,DANVILLE CENTRE FOR HEALTH & REHABILITATION,642 NORTH THIRD STREET,DANVILLE,KY,40422,Y,Y,4,8,4,15,0,0,1,9,0,0,106,78,,,,,Y,N,N,N,N,N,N,1-2 DAYS,Y,N,N,Y,N,N,Y,N,N,N,N,N,N,1-2 DAYS,Y,N,N,Y,N,N,N,,,,0,11,0,0,0,0,N,N,Y,N,Y,N,Y,Y,Y,Y,Y,Y,Y,Y,Y,Y,N,,,,,51.3,0,192.3,0.0,0.0,Boyle,Y,N,POINT (-84.771573 37.65513),Week 15 - Aug 30
08/30/2020,185361,KINDRED HOSPITAL - LOUISVILLE,1313 ST. ANTHONY PLACE,LOUISVILLE,KY,40205,Y,Y,0,0,0,0,0,0,0,8,0,0,47,40,,,,,Y,N,N,N,N,N,N,1-2 DAYS,N,N,N,N,N,N,Y,N,N,N,N,N,N,1-2 DAYS,Y,N,N,N,Y,N,,,,,0,3,0,2,0,0,N,N,N,N,Y,Y,Y,Y,Y,Y,Y,Y,Y,Y,Y,Y,Y,47,0,Y,Y,0,0,0.0,0.0,,Jefferson,N,N,POINT (-85.73134300000001 38.242431),Week 15 - Aug 30
08/30/2020,185313,CREEKWOOD NURSING & REHABILITATION,107 BOYLES DRIVE,RUSSELLVILLE,KY,42276,Y,N,,,,,,,,,,,,,,,,,,,,,,,,,,,,,,,,,,,,,,,,,,,,,,,,,,,,,,,,,,,,,,,,,,,,,,,,,,,,,,,,,Logan,,,POINT (-86.883317 36.818751),Week 15 - Aug 30
08/30/2020,185227,PROVIDENCE POINTE HEALTHCARE,100 MARSHALL COURT,PADUCAH,KY,42001,Y,Y,0,1,0,0,0,0,0,0,0,0,108,63,,,,,Y,N,N,N,N,N,N,3-7 DAYS,N,N,N,N,N,N,Y,N,N,N,N,N,N,3-7 DAYS,N,N,N,N,N,N,N,,,,0,18,0,5,0,0,N,N,N,N,Y,Y,Y,Y,Y,Y,Y,Y,Y,Y,Y,Y,N,,,,,0,0,0.0,0.0,,McCracken,N,N,POINT (-88.724011 37.039758),Week 15 - Aug 30
08/30/2020,185422,FLAGET MEMORIAL HOSPITAL NF,4305 NEW SHEPHERDSVILLE ROAD,BARDSTOWN,KY,40004,Y,Y,0,0,0,0,0,0,0,2,0,0,12,6,,,,,Y,N,N,N,N,N,N,N/A,N,N,N,N,N,N,Y,N,N,N,N,N,N,1-2 DAYS,N,N,N,N,N,N,,,,,0,0,0,0,0,0,N,N,N,N,Y,Y,Y,Y,Y,Y,Y,Y,Y,Y,Y,Y,N,,,,,0,0,0.0,0.0,,Nelson,N,N,POINT (-85.52376 37.863995),Week 15 - Aug 30
08/30/2020,185155,LIFE CARE CENTER OF MOREHEAD,933 NORTH TOLLIVER ROAD,MOREHEAD,KY,40351,Y,Y,0,0,0,1,0,2,1,10,0,0,96,85,,,,,Y,N,N,N,N,N,N,3-7 DAYS,Y,N,N,Y,N,N,Y,N,N,N,N,N,N,3-7 DAYS,Y,N,N,N,Y,N,N,,,,0,2,2,2,0,0,N,N,N,N,Y,Y,Y,Y,Y,Y,Y,Y,Y,Y,Y,Y,N,,,,,0,0,11.8,0.0,0.0,Rowan,N,N,POINT (-83.42311100000002 38.192043),Week 15 - Aug 30
08/30/2020,185428,CLARK REGIONAL MEDICAL CENTER,175 HOSPITAL DRIVE,WINCHESTER,KY,40391,Y,Y,0,0,0,0,0,0,0,0,0,0,25,16,,,,,Y,N,N,N,N,N,N,1-2 DAYS,N,N,N,N,N,N,Y,N,N,N,N,N,N,1-2 DAYS,Y,Y,N,N,Y,N,Y,0,0,N,0,0,0,0,0,0,N,N,N,N,Y,Y,Y,Y,Y,Y,Y,Y,Y,Y,Y,Y,N,,,,,0,0,0.0,0.0,,Clark,N,N,POINT (-84.21459 38.010511),Week 15 - Aug 30
08/30/2020,185270,CUMBERLAND VALLEY MANOR,"301 SOUTH MAIN STREET, PO BOX 438",BURKESVILLE,KY,42717,Y,Y,0,0,0,0,0,2,0,5,0,0,84,75,,,,,Y,N,N,N,N,N,N,N/A,N,N,N,N,N,N,Y,N,N,N,N,N,N,1-2 DAYS,N,N,N,N,N,N,N,,,,0,2,0,0,0,0,N,N,N,N,Y,Y,Y,Y,Y,Y,Y,Y,Y,Y,Y,Y,N,,,,,0,0,0.0,0.0,,Cumberland,N,N,POINT (-85.372412 36.788111),Week 15 - Aug 30
08/30/2020,185318,"CHRISTIAN CARE CENTER OF KUTTAWA, LLC",1253 LAKE BARKLEY DRIVE,KUTTAWA,KY,42055,Y,Y,0,0,0,0,0,0,0,13,0,0,65,51,,,,,Y,N,N,N,N,N,N,N/A,N,N,N,N,N,N,Y,N,N,N,N,N,N,3-7 DAYS,Y,N,N,N,Y,N,N,,,,0,0,0,1,0,0,N,N,N,N,Y,Y,Y,Y,Y,Y,Y,Y,Y,Y,Y,Y,N,,,,,0,0,0.0,0.0,,Lyon,N,N,POINT (-88.103954 37.065353),Week 15 - Aug 30
08/30/2020,185310,THE EPISCOPAL CHURCH HOME,7504 WESTPORT ROAD,LOUISVILLE,KY,40222,Y,Y,0,0,0,0,0,0,2,13,0,0,190,92,,,,,Y,N,N,N,N,N,N,3-7 DAYS,Y,N,N,N,Y,N,Y,N,N,N,N,N,N,3-7 DAYS,Y,N,N,N,Y,N,N,,,,0,2,0,0,0,0,Y,Y,Y,N,Y,N,Y,N,Y,Y,Y,N,Y,Y,Y,Y,N,,,,,0,0,0.0,0.0,,Jefferson,N,N,POINT (-85.613063 38.271762),Week 15 - Aug 30
08/30/2020,185057,SUNRISE MANOR NURSING HOME,717 NORTH LINCOLN BOULEVARD,HODGENVILLE,KY,42748,Y,Y,0,0,0,0,0,2,0,10,0,0,137,122,,,,,Y,N,N,N,N,N,N,1-2 DAYS,N,N,N,N,N,N,Y,N,N,N,N,N,N,1-2 DAYS,Y,N,N,N,N,Y,N,,,,0,0,0,16,0,0,Y,N,Y,Y,Y,Y,Y,Y,Y,Y,Y,Y,Y,Y,Y,Y,N,,,,,0,0,0.0,0.0,,Larue,N,N,POINT (-85.737273 37.581979),Week 15 - Aug 30
08/30/2020,185180,SIGNATURE HEALTHCARE AT NORTH HARDIN REHAB & WELLN,599 ROGERSVILLE ROAD,RADCLIFF,KY,40160,Y,Y,0,0,0,1,0,5,1,7,0,0,148,122,,,,,Y,N,N,N,N,N,N,1-2 DAYS,N,N,N,N,N,N,Y,N,N,N,N,N,N,1-2 DAYS,Y,N,N,N,Y,N,,,,,0,0,2,14,0,0,N,N,N,N,Y,Y,Y,Y,Y,Y,Y,Y,Y,Y,Y,Y,N,,,,,0,0,8.2,0.0,0.0,Hardin,N,N,POINT (-85.940729 37.817482),Week 15 - Aug 30
08/30/2020,185273,"OWSLEY COUNTY HEALTH CARE CENTER, INC",20 COUNTY BARN ROAD,BOONEVILLE,KY,41314,Y,Y,0,2,0,0,0,28,1,8,0,0,99,75,,,,,Y,N,N,N,N,N,N,3-7 DAYS,Y,N,N,N,N,Y,Y,N,N,N,N,N,N,3-7 DAYS,Y,N,N,N,N,Y,N,,,,0,0,1,17,0,0,N,N,N,N,Y,Y,Y,Y,Y,N,Y,N,Y,Y,Y,Y,N,,,,,0,0,0.0,0.0,,Owsley,N,N,POINT (-83.682205 37.453869),Week 15 - Aug 30
08/30/2020,185252,SHADY LAWN NURSING AND REHABILITATION CENTER,2582 CERULEAN ROAD,CADIZ,KY,42211,Y,Y,0,0,0,0,0,0,2,7,0,0,50,36,,,,,Y,N,N,N,N,N,N,1-2 DAYS,Y,N,N,N,Y,N,Y,N,N,N,N,N,N,1-2 DAYS,Y,N,N,N,Y,N,N,,,,0,0,0,4,0,0,N,N,N,N,Y,Y,Y,Y,Y,Y,Y,Y,Y,Y,Y,Y,N,,,,,0,0,0.0,0.0,,Trigg,N,N,POINT (-87.797558 36.898697),Week 15 - Aug 30
08/30/2020,185236,OWENSBORO CENTER,1205 LEITCHFIELD ROAD,OWENSBORO,KY,42303,Y,Y,0,1,1,3,0,8,0,8,0,0,145,117,,,,,Y,N,N,N,N,N,N,3-7 DAYS,Y,Y,N,Y,N,N,Y,N,N,N,N,N,N,3-7 DAYS,Y,Y,N,Y,Y,N,,,,,0,3,0,1,0,0,N,N,N,N,N,N,N,N,N,N,N,N,Y,Y,Y,Y,N,,,,,8.5,0,25.6,0.0,0.0,Daviess,N,N,POINT (-87.090394 37.765768),Week 15 - Aug 30
08/30/2020,185409,CRESTVIEW CENTER,1871 MIDLAND TRAIL,SHELBYVILLE,KY,40065,Y,Y,0,0,0,0,0,0,1,6,0,0,58,55,,,,,Y,N,N,N,N,N,N,3-7 DAYS,Y,N,N,N,Y,N,Y,N,N,N,N,N,N,3-7 DAYS,Y,N,N,N,Y,N,,,,,0,1,0,0,0,0,N,N,N,N,N,N,N,N,N,N,N,N,Y,Y,Y,Y,N,,,,,0,0,0.0,0.0,,Shelby,N,N,POINT (-85.250601 38.212397),Week 15 - Aug 30
08/30/2020,185220,NICHOLASVILLE NURSING & REHABILITATION,100 SPARKS AVENUE,NICHOLASVILLE,KY,40356,Y,Y,0,0,0,1,0,0,0,0,0,0,68,66,,,,,Y,N,N,N,N,N,N,3-7 DAYS,Y,N,N,N,N,Y,Y,N,N,N,N,N,N,3-7 DAYS,Y,N,N,N,Y,N,,,,,0,1,0,0,0,0,N,N,Y,N,Y,Y,Y,Y,Y,Y,Y,Y,Y,Y,Y,Y,N,,,,,0,0,15.2,0.0,0.0,Jessamine,N,N,POINT (-84.564619 37.88741),Week 15 - Aug 30
08/30/2020,185159,"FRANKFORT REHAB AND CARE, LLC",117 OLD SOLDIERS LANE,FRANKFORT,KY,40601,Y,Y,0,2,0,41,0,0,0,5,0,5,100,70,,,,,Y,N,N,N,N,N,N,N/A,N,N,N,N,N,N,Y,N,N,N,N,N,N,1-2 DAYS,N,N,N,N,N,N,N,,,,0,28,0,0,0,0,N,N,N,N,Y,Y,Y,Y,Y,Y,Y,Y,Y,Y,Y,Y,N,,,,,0,0,585.7,71.4,12.2,Franklin,N,N,POINT (-84.895393 38.182734),Week 15 - Aug 30
08/30/2020,185005,SPRING CREEK HEALTH CARE,1401 SOUTH 16TH STREET,MURRAY,KY,42071,Y,Y,0,14,0,1,0,5,0,14,0,0,226,118,,,,,Y,N,N,N,N,N,N,1-2 DAYS,Y,N,N,Y,N,N,Y,N,N,N,N,N,N,1-2 DAYS,Y,N,N,Y,N,N,N,,,,0,4,0,14,0,0,Y,N,Y,Y,Y,N,Y,Y,Y,Y,Y,Y,Y,Y,Y,Y,N,,,,,0,0,8.5,0.0,0.0,Calloway,N,N,POINT (-88.324385 36.589473),Week 15 - Aug 30
08/30/2020,185359,ROBERTSON COUNTY HEALTH CARE FACILITY,"1030 KENTONTOWN ROAD, P O BOX 170",MOUNT OLIVET,KY,41064,Y,Y,0,0,0,0,0,0,0,7,0,0,60,57,,,,,Y,N,N,N,N,N,N,3-7 DAYS,Y,N,N,N,Y,N,Y,N,N,N,N,N,N,3-7 DAYS,Y,N,N,N,Y,N,,,,,0,0,0,1,0,0,N,N,N,N,Y,Y,Y,Y,Y,Y,Y,Y,Y,Y,Y,N,N,,,,,0,0,0.0,0.0,,Robertson,N,N,POINT (-84.055562 38.532071),Week 15 - Aug 30
08/30/2020,185244,"STANFORD CARE AND REHAB, LLC",105 HARMON HEIGHTS,STANFORD,KY,40484,Y,Y,0,26,0,83,0,40,1,23,1,22,128,72,,,,,Y,N,N,N,N,N,N,1-2 DAYS,N,N,N,N,N,N,Y,N,N,N,N,N,N,1-2 DAYS,Y,N,N,N,Y,N,N,,,,0,37,0,45,0,0,N,N,N,N,Y,Y,Y,Y,Y,Y,Y,Y,Y,Y,Y,Y,N,,,,,0,13.9,1152.8,305.6,26.5,Lincoln,N,N,POINT (-84.670492 37.538304),Week 15 - Aug 30
08/30/2020,185183,HELMWOOD HEALTHCARE CENTER,106 DIECKS DRIVE,ELIZABETHTOWN,KY,42701,Y,Y,0,0,0,1,0,0,0,0,0,0,60,53,,,,,Y,N,N,N,N,N,N,3-7 DAYS,N,N,N,N,N,N,Y,N,N,N,N,N,N,3-7 DAYS,Y,N,N,N,Y,N,N,,,,1,3,0,0,0,0,N,N,N,N,Y,Y,Y,Y,Y,Y,Y,Y,Y,Y,Y,Y,N,,,,,0,0,18.9,0.0,0.0,Hardin,N,N,POINT (-85.872252 37.709323),Week 15 - Aug 30
08/30/2020,185217,METCALFE HEALTH CARE CENTER,701 SKYLINE DRIVE,EDMONTON,KY,42129,Y,Y,0,0,0,1,0,1,0,12,0,0,84,70,,,,,Y,N,N,N,N,N,N,3-7 DAYS,N,N,N,N,N,N,Y,N,N,N,N,N,N,3-7 DAYS,N,N,N,N,N,N,N,,,,0,2,0,1,0,0,N,N,Y,N,Y,Y,Y,Y,Y,Y,Y,Y,Y,Y,Y,Y,N,,,,,0,0,14.3,0.0,0.0,Metcalfe,N,N,POINT (-85.633092 36.987614),Week 15 - Aug 30
08/30/2020,185243,MOUNTAIN VIEW NURSING AND REHABILITATION CENTER,39 FERNDALE APARTMENTS ROAD,PINEVILLE,KY,40977,Y,Y,1,1,0,53,0,12,5,12,0,3,115,39,,,,,Y,N,N,N,N,N,N,3-7 DAYS,Y,N,N,Y,Y,N,Y,N,N,N,N,N,N,3-7 DAYS,Y,Y,N,Y,Y,N,N,,,,2,40,0,3,0,0,N,N,N,N,Y,Y,Y,Y,Y,Y,Y,Y,Y,Y,Y,Y,N,,,,,0,0,1359.0,76.9,5.7,Bell,N,N,POINT (-83.694888 36.696025),Week 15 - Aug 30
08/30/2020,185394,ST ELIZABETH FLORENCE SNF,4900 HOUSTON ROAD,FLORENCE,KY,41042,Y,Y,6,71,0,2,0,33,0,2,0,2,26,15,,,,,Y,N,N,N,N,N,N,<1 DAY,Y,N,N,N,Y,N,Y,N,N,N,N,N,N,1-2 DAYS,Y,N,N,Y,Y,N,N,,,,0,0,0,0,0,0,N,N,N,N,Y,Y,Y,Y,Y,Y,Y,Y,Y,Y,Y,Y,N,,,,,0,0,133.3,133.3,100.0,Boone,N,N,POINT (-84.63279 39.017615),Week 15 - Aug 30
08/30/2020,185399,HEARTLAND VILLA CENTER,8005 US HWY 60 WEST,LEWISPORT,KY,42351,Y,Y,0,0,0,0,1,3,0,5,0,0,45,38,,,,,Y,N,N,N,N,N,N,3-7 DAYS,N,N,N,N,N,N,Y,N,N,N,N,N,N,3-7 DAYS,Y,N,N,N,Y,N,,,,,0,3,1,2,0,0,N,N,N,N,N,N,N,N,N,N,N,N,Y,Y,Y,Y,N,,,,,0,0,0.0,0.0,,Hancock,N,N,POINT (-86.887761 37.925742),Week 15 - Aug 30
08/30/2020,185260,LITTLE SISTERS OF THE POOR,15 AUDUBON PLAZA DRIVE,LOUISVILLE,KY,40217,Y,Y,0,1,0,3,0,2,0,7,0,2,50,44,,,,,Y,N,N,N,N,N,N,1-2 DAYS,N,N,N,N,N,N,Y,N,N,N,N,N,N,1-2 DAYS,Y,N,N,N,Y,N,,,,,0,3,1,11,0,0,Y,N,Y,N,N,N,Y,Y,Y,Y,Y,Y,Y,Y,Y,Y,N,,,,,0,0,68.2,45.5,66.7,Jefferson,N,N,POINT (-85.718313 38.213713000000006),Week 15 - Aug 30
08/30/2020,185174,FLORENCE PARK CARE CENTER,6975 BURLINGTON PIKE,FLORENCE,KY,41042,Y,Y,0,24,0,81,0,24,0,39,0,28,150,80,,,,,Y,N,N,N,N,N,N,N/A,N,N,N,N,N,N,Y,N,N,N,N,N,N,1-2 DAYS,N,N,N,N,N,N,N,,,,0,35,0,21,0,0,N,N,N,N,Y,Y,Y,Y,Y,Y,Y,Y,Y,Y,Y,Y,N,,,,,0,0,1012.5,350.0,34.6,Boone,N,N,POINT (-84.630606 39.007611),Week 15 - Aug 30
08/30/2020,185187,GREENWOOD NURSING & REHABILITATION CENTER,5079 SCOTTSVILLE RD.,BOWLING GREEN,KY,42104,Y,Y,0,19,0,52,0,5,0,17,0,7,128,98,,,,,Y,N,N,N,N,N,N,3-7 DAYS,Y,N,N,N,Y,N,Y,N,N,N,N,N,N,3-7 DAYS,Y,N,N,N,Y,N,N,,,,0,22,0,1,0,0,N,N,N,N,Y,Y,Y,Y,Y,Y,Y,Y,Y,Y,Y,Y,N,,,,,0,0,530.6,71.4,13.5,Warren,N,N,POINT (-86.411345 36.925867),Week 15 - Aug 30
08/30/2020,185242,WINDSOR CARE CENTER,125 STERLING WAY,MOUNT STERLING,KY,40353,Y,Y,0,0,0,3,0,0,0,2,0,0,144,117,,,,,Y,N,N,N,N,N,N,1-2 DAYS,Y,N,N,N,Y,N,Y,N,N,N,N,N,N,1-2 DAYS,Y,N,N,N,Y,N,N,,,,0,3,0,0,0,0,N,N,N,N,Y,Y,Y,Y,Y,Y,Y,Y,Y,Y,Y,Y,N,,,,,0,0,25.6,0.0,0.0,Montgomery,N,N,POINT (-83.940341 38.047111),Week 15 - Aug 30
08/30/2020,185297,SANSBURY CARE CENTER,2625 BARDSTOWN ROAD,SAINT CATHARINE,KY,40061,Y,Y,0,0,0,2,0,5,0,2,0,0,59,51,,,,,Y,N,N,N,N,N,N,3-7 DAYS,N,N,N,N,N,N,Y,N,N,N,N,N,N,3-7 DAYS,Y,N,N,N,Y,N,N,,,,1,9,1,6,0,0,N,N,N,N,Y,N,Y,N,Y,N,Y,N,Y,Y,Y,Y,N,,,,,0,0,39.2,0.0,0.0,Washington,N,N,POINT (-85.257736 37.708678),Week 15 - Aug 30
08/30/2020,185366,CORBIN HEALTH AND REHABILITATION CENTER,270 BACON CREEK ROAD,CORBIN,KY,40702,Y,Y,0,20,0,2,0,0,0,1,0,1,100,86,,,,,Y,N,N,N,N,N,N,1-2 DAYS,Y,N,N,N,N,Y,Y,N,N,N,N,N,N,1-2 DAYS,Y,N,N,N,Y,N,N,,,,0,2,0,0,0,0,N,N,N,N,Y,Y,Y,Y,Y,Y,Y,Y,Y,Y,Y,Y,N,,,,,0,0,23.3,11.6,50.0,Whitley,N,N,POINT (-84.116883 36.914912),Week 15 - Aug 30
08/30/2020,185435,MAGNOLIA VILLAGE,1381 CAMPBELL LANE,BOWLING GREEN,KY,42104,Y,Y,0,0,27,27,0,2,2,7,1,1,60,55,,,,,Y,N,N,N,N,N,N,3-7 DAYS,Y,N,N,N,Y,N,Y,N,N,N,N,N,N,3-7 DAYS,Y,N,N,N,Y,N,,,,,15,19,3,5,0,0,N,N,N,Y,N,N,N,N,N,N,N,N,Y,Y,Y,Y,N,,,,,490.9,18.2,490.9,18.2,3.7,Warren,Y,Y,POINT (-86.444346 36.954171),Week 15 - Aug 30
08/30/2020,185132,FRANCISCAN HEALTH CARE CENTER,3625 FERN VALLEY ROAD,LOUISVILLE,KY,40219,Y,Y,0,0,0,0,0,0,0,6,0,0,85,58,,,,,Y,N,N,N,N,N,N,,,N,N,N,N,N,Y,N,N,N,N,N,N,,,N,N,N,N,N,,,,,0,4,0,0,0,0,N,N,N,N,Y,Y,Y,Y,Y,Y,Y,Y,Y,Y,Y,Y,N,,,,,0,0,0.0,0.0,,Jefferson,N,N,POINT (-85.69308400000001 38.158053),Week 15 - Aug 30
08/30/2020,185287,HARRODSBURG HEALTH & REHABILITATION CENTER,853 LEXINGTON ROAD,HARRODSBURG,KY,40330,Y,Y,0,0,1,1,0,0,0,8,0,0,112,89,,,,,Y,N,N,N,N,N,N,1-2 DAYS,Y,N,N,Y,N,N,Y,N,N,N,N,N,N,1-2 DAYS,Y,N,N,N,Y,N,N,,,,1,1,0,2,0,0,N,N,N,N,Y,Y,Y,Y,Y,Y,Y,Y,Y,Y,Y,Y,N,,,,,11.2,0,11.2,0.0,0.0,Mercer,N,Y,POINT (-84.828885 37.769746),Week 15 - Aug 30
08/30/2020,185341,GREEN ACRES HEALTHCARE,402 W. FARTHING STREET,MAYFIELD,KY,42066,Y,Y,0,1,0,12,0,5,1,7,0,4,60,52,,,,,Y,N,N,N,N,N,N,3-7 DAYS,Y,N,N,Y,N,N,Y,N,N,N,N,N,N,3-7 DAYS,Y,N,N,N,Y,N,N,,,,0,12,0,0,0,1,Y,N,Y,Y,Y,Y,Y,Y,Y,Y,Y,Y,Y,Y,Y,Y,N,,,,,0,0,230.8,76.9,33.3,Graves,N,N,POINT (-88.642079 36.729801),Week 15 - Aug 30
08/30/2020,185157,ROCKCASTLE REGIONAL HOSPITAL AND RESPIRATORY CARE,145 NEWCOMB AVENUE,MOUNT VERNON,KY,40456,Y,Y,0,0,0,1,0,6,2,34,0,0,141,126,,,,,Y,N,N,N,N,N,N,1-2 DAYS,Y,N,N,N,Y,N,Y,N,N,N,N,N,N,1-2 DAYS,Y,N,N,N,Y,N,N,,,,1,6,0,5,0,0,N,N,N,N,N,Y,N,Y,N,Y,Y,Y,Y,Y,Y,Y,Y,141,0,Y,Y,0,0,7.9,0.0,0.0,Rockcastle,N,N,POINT (-84.337001 37.358006),Week 15 - Aug 30
08/30/2020,185414,MOUNTAIN MANOR OF PAINTSVILLE,1025 EUCLID AVENUE,PAINTSVILLE,KY,41240,Y,Y,0,0,0,0,0,0,0,6,0,0,126,103,,,,,Y,N,N,N,N,N,N,N/A,N,N,N,N,N,N,Y,N,N,N,N,N,N,1-2 DAYS,Y,N,N,N,Y,N,N,,,,0,1,0,1,0,0,Y,N,N,N,Y,Y,Y,Y,Y,Y,Y,Y,Y,Y,Y,Y,N,,,,,0,0,0.0,0.0,,Johnson,N,N,POINT (-82.785053 37.817317),Week 15 - Aug 30
08/30/2020,185330,CAMPBELLSVILLE NURSING AND REHABILITATION CENTER,1980 OLD GREENSBURG ROAD,CAMPBELLSVILLE,KY,42718,Y,Y,0,0,0,0,0,0,0,0,0,0,67,59,,,,,Y,N,N,N,N,N,N,1-2 DAYS,Y,N,N,N,Y,N,Y,N,N,N,N,N,N,1-2 DAYS,Y,N,N,N,Y,N,,,,,0,1,0,4,0,0,N,N,N,N,Y,N,Y,Y,Y,Y,Y,Y,Y,Y,Y,Y,N,,,,,0,0,0.0,0.0,,Taylor,N,N,POINT (-85.378799 37.339577),Week 15 - Aug 30
08/30/2020,185309,SPRING VIEW NURSING & REHABILITATION,718 GOODWIN LANE,LEITCHFIELD,KY,42754,Y,Y,0,0,6,16,0,3,1,1,1,2,71,65,,,,,Y,N,N,N,N,N,N,1-2 DAYS,Y,N,Y,Y,N,N,Y,N,N,N,N,N,N,1-2 DAYS,Y,N,N,N,Y,N,N,,,,6,11,0,0,0,0,N,N,N,N,Y,Y,Y,Y,Y,Y,Y,Y,Y,Y,Y,Y,N,,,,,92.3,15.4,246.2,30.8,12.5,Grayson,Y,N,POINT (-86.28642 37.47593),Week 15 - Aug 30
08/30/2020,185379,MARTIN COUNTY HEALTH CARE FACILITY,62 MAUDE ROAD,INEZ,KY,41224,Y,Y,0,0,0,0,0,0,0,1,0,0,65,58,,,,,Y,N,N,N,N,N,N,3-7 DAYS,N,N,N,N,N,N,Y,N,N,N,N,N,N,3-7 DAYS,Y,N,N,N,Y,N,,,,,0,2,0,0,0,0,Y,N,Y,N,Y,Y,Y,N,Y,Y,Y,N,Y,N,Y,Y,N,,,,,0,0,0.0,0.0,,Martin,N,N,POINT (-82.525901 37.869719),Week 15 - Aug 30
08/30/2020,185265,GRANT CENTER,201 KIMBERLY LANE,WILLIAMSTOWN,KY,41097,Y,Y,0,4,0,5,0,16,0,10,0,1,95,86,,,,,Y,N,N,N,N,N,N,1-2 DAYS,Y,Y,N,N,Y,N,Y,N,N,N,N,N,N,1-2 DAYS,Y,Y,N,N,Y,N,,,,,0,2,0,3,0,0,N,N,N,N,N,N,N,N,N,N,N,N,Y,Y,Y,Y,N,,,,,0,0,58.1,11.6,20.0,Grant,N,N,POINT (-84.577804 38.644763),Week 15 - Aug 30
08/30/2020,185209,RIVERSIDE CARE & REHABILITATION CENTER,190 EAST HWY 136,CALHOUN,KY,42327,Y,Y,0,0,0,0,0,0,2,13,0,0,79,67,,,,,Y,N,N,N,N,N,N,1-2 DAYS,N,N,N,N,N,N,Y,N,N,N,N,N,N,1-2 DAYS,Y,N,N,N,Y,N,N,,,,0,1,0,8,0,0,N,N,N,N,Y,Y,Y,Y,Y,Y,Y,Y,Y,Y,Y,Y,N,,,,,0,0,0.0,0.0,,McLean,N,N,POINT (-87.257862 37.546185),Week 15 - Aug 30
08/30/2020,185445,WOODCREST NURSING AND REHABILITATION CENTER,3876 TURKEYFOOT ROAD,ELSMERE,KY,41018,Y,Y,0,0,0,0,0,0,1,11,0,0,127,93,,,,,Y,N,N,N,N,N,N,3-7 DAYS,Y,N,N,N,Y,N,Y,N,N,N,N,N,N,1-2 DAYS,Y,N,N,N,Y,N,,,,,0,1,0,4,0,0,Y,Y,Y,Y,Y,Y,Y,Y,Y,Y,Y,Y,Y,Y,Y,Y,N,,,,,0,0,0.0,0.0,,Kenton,N,N,POINT (-84.591149 38.979271),Week 15 - Aug 30
08/30/2020,185288,ESSEX NURSING AND REHABILITATION CENTER,9600 LAMBORNE BOULEVARD,LOUISVILLE,KY,40272,Y,Y,0,19,0,50,0,7,0,17,0,10,128,80,,,,,Y,N,N,N,N,N,N,3-7 DAYS,Y,N,N,N,Y,N,Y,N,N,N,N,N,N,3-7 DAYS,N,N,N,N,N,N,N,,,,0,31,1,16,0,0,N,N,N,N,N,N,Y,Y,Y,Y,Y,Y,Y,Y,Y,Y,N,,,,,0,0,625.0,125.0,20.0,Jefferson,N,N,POINT (-85.813711 38.113499),Week 15 - Aug 30
08/30/2020,185144,HOMESTEAD POST ACUTE,1608 VERSAILLES ROAD,LEXINGTON,KY,40504,Y,Y,0,8,0,40,0,3,0,16,0,8,136,129,,,,,Y,N,N,N,N,N,N,<1 DAY,N,N,N,N,N,N,Y,N,N,N,N,N,N,<1 DAY,Y,N,N,N,Y,N,N,,,,0,29,0,5,0,0,N,N,Y,N,Y,Y,Y,Y,Y,Y,Y,Y,Y,Y,Y,Y,N,,,,,0,0,310.1,62.0,20.0,Fayette,N,N,POINT (-84.533139 38.048755),Week 15 - Aug 30
08/30/2020,185333,KLONDIKE CENTER,3802 KLONDIKE LANE,LOUISVILLE,KY,40218,Y,Y,0,2,0,4,0,1,1,5,0,0,62,52,,,,,Y,N,N,N,N,N,N,3-7 DAYS,Y,N,N,N,Y,N,Y,N,N,N,N,N,N,3-7 DAYS,Y,N,N,N,Y,N,,,,,0,1,0,0,0,0,N,N,N,N,N,N,N,N,N,N,N,N,Y,Y,Y,Y,N,,,,,0,0,76.9,0.0,0.0,Jefferson,N,N,POINT (-85.63797 38.208281),Week 15 - Aug 30
08/30/2020,185103,THE TERRACE NURSING AND REHABILITATION CENTER,1043 BROOKLYN BOULEVARD,BEREA,KY,40403,Y,Y,0,0,1,2,0,1,0,4,0,0,102,93,,,,,Y,N,N,N,N,N,N,1-2 DAYS,Y,N,N,Y,N,N,Y,N,N,N,N,N,N,1-2 DAYS,Y,N,N,Y,N,N,N,,,,2,8,0,5,0,0,Y,N,Y,N,Y,Y,Y,Y,Y,Y,Y,N,Y,Y,Y,Y,N,,,,,10.8,0,21.5,0.0,0.0,Madison,N,N,POINT (-84.29713300000002 37.59316),Week 15 - Aug 30
08/30/2020,185283,BOURBON HEIGHTS NURSING HOME,2000 SOUTH MAIN STREET,PARIS,KY,40361,Y,Y,0,0,0,0,1,1,0,0,0,0,109,89,,,,,Y,N,N,N,N,N,N,1-2 DAYS,Y,Y,N,N,N,N,Y,N,N,N,N,N,N,1-2 DAYS,Y,N,N,N,N,Y,Y,0,0,Y,0,0,0,11,0,0,Y,N,Y,Y,Y,Y,Y,Y,Y,Y,Y,Y,Y,Y,Y,Y,N,,,,,0,0,0.0,0.0,,Bourbon,N,N,POINT (-84.269622 38.197664),Week 15 - Aug 30
08/30/2020,185352,STANTON NURSING AND REHABILITATION CENTER,31 DERICKSON LANE,STANTON,KY,40380,Y,Y,0,0,0,0,0,0,1,5,0,0,81,68,,,,,Y,N,N,N,N,N,N,1-2 DAYS,Y,Y,N,N,Y,N,Y,N,N,N,N,N,N,1-2 DAYS,Y,Y,N,N,Y,N,,,,,0,0,0,0,0,0,N,N,N,N,Y,Y,Y,Y,Y,Y,Y,Y,Y,Y,Y,Y,N,,,,,0,0,0.0,0.0,,Powell,N,N,POINT (-83.837843 37.844596),Week 15 - Aug 30
08/30/2020,185344,BRACKEN COUNTY NURSING & REHABILITATION CENTER,5269 ASBURY ROAD,AUGUSTA,KY,41002,Y,Y,0,0,0,0,0,0,0,0,0,0,32,21,,,,,Y,N,N,N,N,N,N,N/A,N,N,N,N,N,N,Y,N,N,N,N,N,N,1-2 DAYS,Y,N,N,N,Y,N,N,,,,0,0,0,0,0,0,N,N,N,N,Y,Y,Y,Y,Y,Y,Y,Y,Y,Y,Y,Y,N,,,,,0,0,0.0,0.0,,Bracken,N,N,POINT (-84.018979 38.713635),Week 15 - Aug 30
08/30/2020,185343,COVINGTON'S CONVALESCENT CENTER,115 CAYCE STREET,HOPKINSVILLE,KY,42240,Y,Y,2,2,0,13,0,0,0,13,0,11,72,26,,,,,Y,N,N,N,N,N,N,1-2 DAYS,N,N,N,N,N,N,Y,N,N,N,N,N,N,1-2 DAYS,Y,N,N,N,Y,N,,,,,1,12,0,0,0,0,N,N,N,N,Y,Y,Y,Y,Y,Y,Y,Y,Y,Y,Y,Y,N,,,,,0,0,500.0,423.1,84.6,Christian,N,N,POINT (-87.464729 36.864329),Week 15 - Aug 30
08/30/2020,185381,SIGNATURE HEALTHCARE OF HART COUNTY REHAB & WELLNE,1505 SOUTH DIXIE STREET,HORSE CAVE,KY,42749,Y,Y,0,4,0,3,0,6,1,9,0,0,104,86,,,,,Y,N,N,N,N,N,N,1-2 DAYS,N,N,N,N,N,N,Y,N,N,N,N,N,N,1-2 DAYS,Y,N,N,N,Y,N,N,,,,0,5,0,1,0,0,N,N,N,N,Y,Y,Y,Y,Y,Y,Y,Y,Y,Y,Y,Y,N,,,,,0,0,34.9,0.0,0.0,Hart,N,N,POINT (-85.923461 37.160056),Week 15 - Aug 30
08/30/2020,185300,SIGNATURE HEALTHCARE AT SUMMERFIELD REHAB & WELLNE,1877 FARNSLEY ROAD,LOUISVILLE,KY,40216,Y,Y,1,31,1,11,0,0,1,15,0,1,165,120,,,,,Y,N,N,N,N,N,N,3-7 DAYS,Y,N,N,N,Y,N,Y,N,N,N,N,N,N,3-7 DAYS,Y,N,N,N,Y,N,N,,,,1,8,0,0,0,0,N,N,N,N,Y,Y,Y,Y,Y,Y,Y,Y,Y,Y,Y,Y,N,,,,,8.3,0,91.7,8.3,9.1,Jefferson,N,N,POINT (-85.812254 38.20176),Week 15 - Aug 30
08/30/2020,185069,MAYFAIR MANOR,3300 TATES CREEK ROAD,LEXINGTON,KY,40502,Y,Y,0,0,0,0,0,0,0,0,0,0,98,78,,,,,Y,N,N,N,N,N,N,1-2 DAYS,Y,N,N,N,Y,N,Y,N,N,N,N,N,N,1-2 DAYS,Y,N,N,N,Y,N,N,,,,2,7,0,0,0,0,N,N,N,N,Y,Y,Y,Y,Y,Y,Y,Y,Y,Y,Y,Y,N,,,,,0,0,0.0,0.0,,Fayette,N,N,POINT (-84.495642 37.997942),Week 15 - Aug 30
08/30/2020,185039,HIGHLANDS NURSING AND REHABILITATION,1705 STEVENS AVENUE,LOUISVILLE,KY,40205,Y,Y,0,12,0,59,0,22,0,15,0,7,154,137,,,,,Y,N,N,N,N,N,N,3-7 DAYS,Y,N,N,N,Y,N,Y,N,N,N,N,N,N,3-7 DAYS,Y,N,N,N,Y,N,,,,,0,31,0,4,0,0,N,N,N,N,Y,Y,Y,Y,Y,Y,Y,Y,Y,Y,Y,Y,N,,,,,0,0,430.7,51.1,11.9,Jefferson,N,N,POINT (-85.71128000000002 38.228734),Week 15 - Aug 30
08/30/2020,185169,SIGNATURE HEALTHCARE AT JEFFERSON MANOR REHAB & WE,1801 LYNN WAY,LOUISVILLE,KY,40222,Y,Y,0,1,1,1,1,9,0,10,0,0,100,77,,,,,Y,N,N,N,N,N,N,1-2 DAYS,Y,N,N,Y,N,N,Y,N,N,N,N,N,N,1-2 DAYS,Y,N,N,N,Y,N,N,,,,3,3,0,0,0,0,N,N,N,N,Y,Y,Y,Y,Y,Y,Y,Y,Y,Y,Y,Y,N,,,,,13,0,13.0,0.0,0.0,Jefferson,N,Y,POINT (-85.617143 38.277053),Week 15 - Aug 30
08/30/2020,185215,PINE MEADOWS POST ACUTE,1608 HILL RISE DRIVE,LEXINGTON,KY,40504,Y,Y,0,1,10,102,0,15,4,20,1,17,120,89,,,,,Y,N,N,N,N,N,N,1-2 DAYS,Y,N,Y,Y,Y,N,Y,N,N,N,N,N,N,1-2 DAYS,Y,Y,Y,Y,Y,N,N,,,,1,46,2,5,0,0,N,N,N,N,Y,N,Y,N,Y,N,Y,N,Y,N,Y,Y,N,,,,,112.4,11.2,1146.1,191.0,16.7,Fayette,Y,N,POINT (-84.533058 38.046923),Week 15 - Aug 30
08/30/2020,185200,LETCHER MANOR,73 PIEDMONT DRIVE,WHITESBURG,KY,41858,Y,Y,0,1,0,4,0,0,0,0,0,0,142,121,,,,,Y,N,N,N,N,N,N,1-2 DAYS,N,N,N,N,N,N,Y,N,N,N,N,N,N,1-2 DAYS,N,N,N,N,N,N,N,,,,0,2,0,0,0,0,N,N,N,N,Y,Y,Y,Y,Y,Y,Y,Y,Y,Y,Y,Y,N,,,,,0,0,33.1,0.0,0.0,Letcher,N,N,POINT (-82.809584 37.11309),Week 15 - Aug 30
08/30/2020,185205,SIGNATURE HEALTHCARE OF CARROLLTON REHAB & WELLNES,1206 ELEVENTH STREET,CARROLLTON,KY,41045,Y,Y,0,10,1,40,0,4,1,3,1,2,78,49,,,,,Y,N,N,N,N,N,N,3-7 DAYS,Y,N,N,Y,N,N,Y,N,N,N,N,N,N,3-7 DAYS,Y,N,N,Y,N,N,Y,0,0,Y,1,10,0,2,0,0,N,N,N,N,Y,Y,Y,Y,Y,Y,Y,Y,Y,Y,Y,Y,N,,,,,20.4,20.4,816.3,40.8,5.0,Carroll,N,N,POINT (-85.16796 38.668642),Week 15 - Aug 30
08/30/2020,185281,"FRIENDSHIP HEALTH AND REHAB, LLC",7400 FRIENDSHIP DRIVE,PEWEE VALLEY,KY,40056,Y,Y,0,0,0,15,0,13,2,9,0,4,128,113,,,,,Y,N,N,N,N,N,N,1-2 DAYS,Y,N,N,N,Y,N,Y,N,N,N,N,N,N,1-2 DAYS,Y,N,N,N,Y,N,N,,,,0,6,0,6,0,0,N,N,Y,N,Y,Y,Y,Y,Y,Y,Y,Y,Y,Y,Y,Y,N,,,,,0,0,132.7,35.4,26.7,Oldham,N,N,POINT (-85.491619 38.300452),Week 15 - Aug 30
08/30/2020,185262,MADISON HEALTH AND REHABILITATION CENTER,131 MEADOWLARK DRIVE,RICHMOND,KY,40475,Y,Y,0,0,0,0,0,0,0,5,0,0,92,70,,,,,Y,N,N,N,N,N,N,1-2 DAYS,Y,N,N,N,Y,N,Y,N,N,N,N,N,N,1-2 DAYS,Y,N,N,N,Y,N,N,,,,0,3,0,28,0,0,N,N,N,N,Y,Y,Y,Y,Y,Y,Y,Y,Y,Y,Y,Y,N,,,,,0,0,0.0,0.0,,Madison,N,N,POINT (-84.310271 37.739457),Week 15 - Aug 30
08/30/2020,185218,SOMERSET NURSING AND REHABILITATION FACILITY,106 GOVER STREET,SOMERSET,KY,42501,Y,Y,1,1,10,10,0,7,3,35,1,1,123,100,,,,,Y,N,N,N,N,N,N,1-2 DAYS,Y,N,N,N,Y,N,Y,N,N,N,N,N,N,1-2 DAYS,Y,N,N,Y,Y,N,N,,,,6,8,0,19,0,0,Y,N,Y,Y,Y,Y,Y,Y,Y,Y,Y,Y,Y,Y,Y,Y,N,,,,,100,10,100.0,10.0,10.0,Pulaski,Y,Y,POINT (-84.614928 37.07196),Week 15 - Aug 30
08/30/2020,185317,GREENVILLE NURSING AND REHABILITATION,521 GREENE DRIVE,GREENVILLE,KY,42345,Y,Y,0,0,0,2,0,0,0,9,0,0,62,57,,,,,Y,N,N,N,N,N,N,1-2 DAYS,N,N,N,N,N,N,Y,N,N,N,N,N,N,1-2 DAYS,N,N,N,N,N,N,N,,,,0,10,0,0,0,0,N,N,N,N,Y,Y,Y,Y,Y,Y,Y,Y,Y,Y,Y,Y,N,,,,,0,0,35.1,0.0,0.0,Muhlenberg,N,N,POINT (-87.179025 37.217845),Week 15 - Aug 30
08/30/2020,185274,WEST LIBERTY NURSING AND REHABILITATION,"774 LIBERTY ROAD, PO BOX 219",WEST LIBERTY,KY,41472,Y,Y,0,0,0,0,0,0,0,2,0,0,50,48,,,,,Y,N,N,N,N,N,N,N/A,N,N,N,N,N,N,Y,N,N,N,N,N,N,3-7 DAYS,Y,N,N,N,Y,N,,,,,0,0,0,0,0,0,N,N,N,N,Y,Y,Y,Y,Y,Y,Y,Y,Y,Y,Y,Y,N,,,,,0,0,0.0,0.0,,Morgan,N,N,POINT (-83.266232 37.923628),Week 15 - Aug 30
08/30/2020,185241,MADONNA MANOR,2344 AMSTERDAM ROAD,VILLA HILLS,KY,41017,Y,Y,0,0,0,0,0,0,0,3,0,1,60,55,,,,,Y,N,N,N,N,N,N,3-7 DAYS,Y,N,N,N,Y,N,Y,N,N,N,N,N,N,3-7 DAYS,Y,N,N,N,Y,N,,,,,0,5,0,0,0,0,N,N,N,N,Y,Y,Y,Y,Y,Y,Y,Y,Y,Y,Y,Y,N,,,,,0,0,0.0,18.2,,Kenton,N,N,POINT (-84.587619 39.065765),Week 15 - Aug 30
08/30/2020,185335,SIGNATURE HEALTHCARE OF SOUTH LOUISVILLE,1120 CRISTLAND ROAD,LOUISVILLE,KY,40214,Y,Y,0,0,9,25,0,0,0,0,0,0,100,72,,,,,Y,N,N,N,N,N,N,3-7 DAYS,Y,N,N,Y,N,N,Y,N,N,N,N,N,N,1-2 DAYS,Y,N,N,Y,N,N,Y,0,0,Y,6,24,1,1,0,0,N,N,N,N,Y,Y,Y,Y,Y,Y,Y,Y,Y,Y,Y,Y,N,,,,,125,0,347.2,0.0,0.0,Jefferson,Y,N,POINT (-85.78896300000001 38.142859),Week 15 - Aug 30
08/30/2020,185254,RIDGEWAY NURSING & REHABILITATION FACILITY,406 WYOMING ROAD,OWINGSVILLE,KY,40360,Y,Y,0,0,0,7,0,0,0,16,0,0,99,94,,,,,Y,N,N,N,N,N,N,1-2 DAYS,N,N,N,N,N,N,Y,N,N,N,N,N,N,1-2 DAYS,Y,N,N,N,Y,N,,,,,0,3,0,1,0,0,N,N,N,N,Y,Y,Y,Y,Y,Y,Y,Y,Y,Y,Y,Y,N,,,,,0,0,74.5,0.0,0.0,Bath,N,N,POINT (-83.747541 38.151734),Week 15 - Aug 30
08/30/2020,185355,RIVER VALLEY NURSING HOME,305 TAYLOR STREET #402,BUTLER,KY,41006,Y,Y,0,0,0,0,0,0,0,5,0,0,60,53,,,,,Y,N,N,N,N,N,N,1-2 DAYS,Y,N,N,N,Y,N,Y,N,N,N,N,N,N,1-2 DAYS,Y,N,N,N,Y,N,N,,,,0,2,0,0,0,0,N,N,N,N,Y,Y,Y,Y,Y,Y,Y,N,Y,Y,Y,Y,N,,,,,0,0,0.0,0.0,,Pendleton,N,N,POINT (-84.372797 38.786766),Week 15 - Aug 30
08/30/2020,185427,BAPTIST HEALTH HARDIN,913 NORTH DIXIE AVENUE,ELIZABETHTOWN,KY,42701,Y,Y,0,0,1,1,0,0,0,0,0,0,15,7,,,,,Y,N,N,N,N,N,N,1-2 DAYS,Y,N,N,Y,N,N,Y,N,N,N,N,N,N,1-2 DAYS,Y,Y,N,Y,N,N,N,,,,1,1,3,3,0,0,Y,N,N,N,Y,Y,Y,Y,Y,Y,Y,Y,Y,Y,Y,Y,N,,,,,142.9,0,142.9,0.0,0.0,Hardin,N,Y,POINT (-85.875048 37.709917),Week 15 - Aug 30
08/30/2020,185146,FOUNTAIN CIRCLE CARE & REHABILITATION CENTER,200 GLENWAY ROAD,WINCHESTER,KY,40391,Y,Y,5,17,0,70,0,0,0,6,0,5,179,131,,,,,Y,N,N,N,N,N,N,<1 DAY,N,N,N,N,N,N,Y,N,N,N,N,N,N,<1 DAY,Y,N,N,N,Y,N,N,,,,0,32,0,0,0,0,N,N,N,N,N,N,Y,Y,Y,Y,Y,Y,Y,Y,Y,Y,N,,,,,0,0,534.4,38.2,7.1,Clark,N,N,POINT (-84.214788 38.016557),Week 15 - Aug 30
08/30/2020,185238,"VANCEBURG REHAB AND CARE, LLC",58 EASTHAM STREET,VANCEBURG,KY,41179,Y,N,0,0,1,54,2,31,5,13,5,10,94,67,,,,,Y,N,N,N,N,N,N,3-7 DAYS,Y,Y,N,N,Y,N,Y,N,N,N,N,N,N,3-7 DAYS,Y,N,N,N,Y,Y,N,,,,6,72,0,89,0,0,Y,N,Y,Y,Y,Y,Y,Y,Y,Y,Y,Y,Y,Y,Y,Y,N,,,,,14.9,74.6,806.0,149.3,18.5,Lewis,N,N,POINT (-83.324237 38.586104),Week 15 - Aug 30
08/30/2020,185266,ELIZABETHTOWN NURSING AND REHABILITATION CENTER,1101 WOODLAND DRIVE,ELIZABETHTOWN,KY,42701,Y,Y,0,0,5,5,0,1,1,6,0,0,65,55,,,,,Y,N,N,N,N,N,N,1-2 DAYS,Y,Y,Y,Y,Y,N,Y,N,N,N,N,N,N,1-2 DAYS,Y,Y,Y,Y,Y,N,,,,,8,8,0,4,0,0,N,N,N,N,Y,Y,Y,Y,Y,Y,Y,Y,Y,Y,Y,Y,N,,,,,90.9,0,90.9,0.0,0.0,Hardin,Y,Y,POINT (-85.879698 37.712568),Week 15 - Aug 30
08/30/2020,185228,WESTERN STATE NURSING FACILITY,2400 RUSSELLVILLE ROAD,HOPKINSVILLE,KY,42240,Y,Y,0,0,0,4,0,0,0,3,0,0,144,94,,,,,Y,N,N,N,N,N,N,1-2 DAYS,Y,N,Y,N,N,N,Y,N,N,N,N,N,N,1-2 DAYS,Y,N,N,N,N,Y,N,,,,1,3,0,1,0,0,Y,N,Y,N,Y,Y,Y,Y,Y,Y,Y,Y,Y,Y,Y,Y,N,,,,,0,0,42.6,0.0,0.0,Christian,N,N,POINT (-87.449465 36.862755),Week 15 - Aug 30
08/30/2020,185264,LANDMARK OF DANVILLE REHABILITATION AND NURSING CE,203 BRUCE COURT,DANVILLE,KY,40422,Y,Y,0,0,0,0,0,7,0,5,0,0,90,81,,,,,Y,N,N,N,N,N,N,1-2 DAYS,Y,N,N,Y,N,N,Y,N,N,N,N,N,N,1-2 DAYS,Y,N,N,Y,Y,N,,,,,0,1,0,2,0,0,Y,N,Y,N,Y,Y,Y,Y,Y,Y,Y,Y,Y,Y,Y,Y,N,,,,,0,0,0.0,0.0,,Boyle,N,N,POINT (-84.75999 37.643829),Week 15 - Aug 30
08/30/2020,185230,LANDMARK OF ELKHORN CITY REHABILITATION AND NURSIN,945 WEST RUSSELL STREET,ELKHORN CITY,KY,41522,Y,Y,0,1,0,0,0,0,0,0,0,0,97,88,,,,,Y,N,N,N,N,N,N,1-2 DAYS,Y,N,N,N,Y,N,Y,N,N,N,N,N,N,1-2 DAYS,Y,N,N,N,Y,N,N,,,,0,2,0,0,0,0,N,N,N,N,Y,Y,Y,Y,Y,Y,Y,Y,Y,Y,Y,Y,N,,,,,0,0,0.0,0.0,,Pike,N,N,POINT (-82.35482700000001 37.299935),Week 15 - Aug 30
08/30/2020,185388,MASONIC HOME OF LOUISVILLE,240 MASONIC HOME DRIVE,MASONIC HOME,KY,40041,Y,Y,0,3,0,11,0,2,2,22,0,1,167,143,,,,,Y,N,N,N,N,N,N,1-2 DAYS,Y,N,N,N,N,Y,Y,N,N,N,N,N,N,1-2 DAYS,Y,N,N,N,Y,N,Y,0,0,Y,2,12,0,7,0,0,N,N,N,N,Y,Y,Y,Y,Y,Y,Y,Y,Y,Y,Y,Y,N,,,,,0,0,76.9,7.0,9.1,Jefferson,N,N,POINT (-85.66483800000002 38.25803100000001),Week 15 - Aug 30
08/30/2020,185325,CAL TURNER REHAB AND SPECIALTY CARE,456 BURNLEY ROAD,SCOTTSVILLE,KY,42164,Y,Y,0,1,0,21,0,3,0,9,0,3,110,96,,,,,Y,N,N,N,N,N,N,1-2 DAYS,N,N,N,N,N,N,Y,N,N,N,N,N,N,1-2 DAYS,N,N,N,N,N,N,,,,,0,19,0,12,0,0,N,N,N,N,Y,Y,Y,Y,Y,Y,Y,Y,Y,Y,Y,Y,N,,,,,0,0,218.8,31.3,14.3,Allen,N,N,POINT (-86.216212 36.759765),Week 15 - Aug 30
08/30/2020,185133,TRADEWATER POINTE,100 WEST RAMSEY,DAWSON SPRINGS,KY,42408,Y,Y,0,0,0,0,0,1,2,4,0,0,60,51,,,,,Y,N,N,N,N,N,N,1-2 DAYS,N,N,N,N,N,N,Y,N,N,N,N,N,N,1-2 DAYS,Y,N,N,N,Y,N,N,,,,0,0,0,0,0,0,N,N,N,N,Y,Y,Y,Y,Y,Y,Y,Y,Y,Y,Y,Y,N,,,,,0,0,0.0,0.0,,Hopkins,N,N,POINT (-87.691968 37.165811),Week 15 - Aug 30
08/30/2020,185480,KINGS DAUGHTERS MEDICAL CENTER,2201 LEXINGTON AVENUE,ASHLAND,KY,41101,Y,Y,0,0,0,0,0,0,0,0,0,0,20,0,,,,,Y,N,N,N,N,N,N,N/A,N,N,N,N,N,N,Y,N,N,N,N,N,N,1-2 DAYS,Y,N,N,N,N,Y,Y,0,0,Y,0,0,0,0,0,0,N,N,N,N,Y,Y,Y,Y,Y,Y,Y,Y,Y,Y,Y,Y,N,,,,,,,,,,Boyd,N,N,POINT (-82.635916 38.470401),Week 15 - Aug 30
08/30/2020,185456,SENECA PLACE,3526 DUTCHMANS LANE,LOUISVILLE,KY,40205,Y,Y,0,2,0,0,0,0,0,4,0,0,107,95,,,,,Y,N,N,N,N,N,N,3-7 DAYS,Y,N,N,Y,N,N,Y,N,N,N,N,N,N,3-7 DAYS,Y,N,N,N,Y,N,,,,,1,14,0,1,0,0,N,N,N,N,Y,Y,Y,Y,Y,Y,Y,Y,Y,Y,Y,Y,N,,,,,0,0,0.0,0.0,,Jefferson,N,N,POINT (-85.653302 38.224738),Week 15 - Aug 30
08/30/2020,185468,LANDMARK OF RIVER CITY REHABILITATION AND NURSING,1015 WEST MAGAZINE STREET,LOUISVILLE,KY,40203,Y,N,,,,,,,,,,,,,,,,,,,,,,,,,,,,,,,,,,,,,,,,,,,,,,,,,,,,,,,,,,,,,,,,,,,,,,,,,,,,,,,,,Jefferson,,,POINT (-85.769427 38.248883),Week 15 - Aug 30
08/30/2020,185469,CLINTON PLACE,106 PADGETT DRIVE,CLINTON,KY,42031,Y,Y,0,1,0,0,0,0,0,0,0,0,98,73,,,,,Y,N,N,N,N,N,N,N/A,N,N,N,N,N,N,Y,N,N,N,N,N,N,3-7 DAYS,Y,N,N,N,Y,N,Y,0,0,Y,0,2,0,0,0,0,N,N,N,N,Y,Y,Y,Y,Y,Y,Y,Y,Y,Y,Y,Y,N,,,,,0,0,0.0,0.0,,Hickman,N,N,POINT (-89.002628 36.666012),Week 15 - Aug 30
08/30/2020,185471,PAUL E PATTON EASTERN KY VETERANS CENTER,200 VETERANS DRIVE,HAZARD,KY,41701,Y,Y,0,0,7,9,0,2,0,10,0,0,120,93,,,,,Y,N,N,N,N,N,N,1-2 DAYS,Y,Y,Y,Y,N,N,Y,N,N,N,N,N,N,1-2 DAYS,Y,N,Y,Y,N,N,N,,,,2,6,0,7,0,0,Y,Y,Y,Y,Y,Y,Y,Y,Y,Y,Y,Y,Y,Y,Y,Y,N,,,,,75.3,0,96.8,0.0,0.0,Perry,Y,N,POINT (-83.23194 37.286946),Week 15 - Aug 30
08/30/2020,185470,THE WILLOWS AT HAMBURG,2531 OLD ROSEBUD ROAD,LEXINGTON,KY,40509,Y,Y,0,0,0,0,0,0,0,8,0,0,64,62,,,,,Y,N,N,N,N,N,N,,,N,N,N,N,N,Y,N,N,N,N,N,N,,,N,N,N,N,N,,,,,1,1,0,0,0,0,N,N,N,N,Y,Y,Y,Y,Y,Y,Y,Y,Y,Y,Y,Y,N,,,,,0,0,0.0,0.0,,Fayette,N,N,POINT (-84.43083700000001 38.028213),Week 15 - Aug 30
08/30/2020,185472,JOSEPH EDDIE BALLARD WESTERN KENTUCKY VETERANS CEN,926 VETERANS DRIVE,HANSON,KY,42413,Y,Y,0,0,0,0,0,64,0,16,0,0,156,73,,,,,Y,N,N,N,N,N,N,1-2 DAYS,Y,N,N,N,N,Y,Y,N,N,N,N,N,N,1-2 DAYS,Y,N,N,N,Y,N,N,,,,0,1,1,32,0,0,Y,N,Y,Y,Y,Y,Y,Y,Y,Y,Y,Y,Y,Y,Y,Y,N,,,,,0,0,0.0,0.0,,Hopkins,N,N,POINT (-87.465181 37.415383),Week 15 - Aug 30
08/30/2020,185473,THOMSON-HOOD VETERANS CENTER,100 VETERANS DRIVE,WILMORE,KY,40390,Y,Y,0,0,0,0,0,0,0,0,0,0,285,138,,,,,Y,N,N,N,N,N,N,<1 DAY,Y,Y,N,N,Y,N,Y,N,N,N,N,N,N,1-2 DAYS,Y,N,N,N,Y,N,,,,,1,5,0,2,0,0,N,N,N,N,Y,Y,Y,Y,Y,Y,Y,Y,Y,Y,Y,Y,N,,,,,0,0,0.0,0.0,,Jessamine,N,N,POINT (-84.645992 37.873168),Week 15 - Aug 30
08/30/2020,185461,GLEN RIDGE HEALTH CAMPUS,6415 CALM RIVER WAY,LOUISVILLE,KY,40299,Y,Y,0,0,0,0,0,0,1,5,0,0,70,42,,,,,Y,N,N,N,N,N,N,,,N,N,N,N,N,Y,N,N,N,N,N,N,,,N,N,N,N,N,,,,,0,2,0,0,0,0,N,N,N,N,Y,Y,Y,Y,Y,Y,Y,Y,Y,Y,Y,Y,N,,,,,0,0,0.0,0.0,,Jefferson,N,N,POINT (-85.550644 38.151721),Week 15 - Aug 30
08/30/2020,185462,PARK TERRACE HEALTH CAMPUS,9700 STONESTREET ROAD,LOUISVILLE,KY,40272,Y,Y,0,0,1,1,0,1,0,12,0,0,88,76,,,,,Y,N,N,N,N,N,N,,,N,N,N,N,N,Y,N,N,N,N,N,N,,,N,N,N,N,N,,,,,1,1,0,0,0,0,N,N,N,N,Y,Y,Y,Y,Y,Y,Y,Y,Y,Y,Y,Y,N,,,,,13.2,0,13.2,0.0,0.0,Jefferson,N,Y,POINT (-85.838157 38.11409),Week 15 - Aug 30
08/30/2020,185481,EMERALD TRACE,3802 TURKEYFOOT ROAD,ELSMERE,KY,41018,Y,Y,0,0,0,2,1,2,0,2,0,0,74,48,,,,,Y,N,N,N,N,N,N,1-2 DAYS,Y,Y,N,N,Y,N,Y,N,N,N,N,N,N,1-2 DAYS,Y,N,N,N,Y,N,,,,,0,13,0,10,0,0,N,N,N,N,Y,Y,Y,Y,Y,Y,Y,N,Y,Y,Y,Y,N,,,,,0,0,41.7,0.0,0.0,Kenton,N,N,POINT (-84.590654 38.982064),Week 15 - Aug 30
08/30/2020,185482,THE WILLOWS AT FRITZ FARM,2710 MAN O' WAR BOULEVARD,LEXINGTON,KY,40515,Y,Y,0,0,2,3,0,0,0,7,0,0,54,49,,,,,Y,N,N,N,N,N,N,,,N,N,N,N,N,Y,N,N,N,N,N,N,,,N,N,N,N,N,,,,,1,4,0,0,0,0,N,N,N,N,Y,Y,Y,Y,Y,Y,Y,Y,Y,Y,Y,Y,N,,,,,40.8,0,61.2,0.0,0.0,Fayette,N,N,POINT (-84.536045 37.978467),Week 15 - Aug 30
08/30/2020,185463,BROOKDALE RICHMOND PLACE SNF,2770 PALUMBO DRIVE,LEXINGTON,KY,40509,Y,Y,0,0,0,0,0,0,0,11,0,0,120,71,,,,,Y,N,N,N,N,N,N,1-2 DAYS,Y,N,N,N,Y,N,Y,N,N,N,N,N,N,1-2 DAYS,Y,N,N,N,Y,N,Y,0,0,Y,0,1,0,0,0,0,N,N,N,N,Y,Y,Y,Y,Y,Y,Y,Y,Y,Y,Y,Y,N,,,,,0,0,0.0,0.0,,Fayette,N,N,POINT (-84.436149 38.007215),Week 15 - Aug 30
08/30/2020,185464,"BEDROCK HC AT GREEN MEADOWS, LLC",310 BOXWOOD RUN ROAD,MOUNT WASHINGTON,KY,40047,Y,Y,0,0,0,1,0,10,0,1,0,0,109,80,,,,,Y,N,N,N,N,N,N,3-7 DAYS,N,N,N,N,N,N,Y,N,N,N,N,N,N,3-7 DAYS,N,N,N,N,N,N,,,,,0,4,0,10,0,2,N,N,N,N,Y,Y,Y,Y,Y,Y,Y,Y,Y,Y,Y,Y,N,,,,,0,0,12.5,0.0,0.0,Bullitt,N,N,POINT (-85.560739 38.040815),Week 15 - Aug 30
08/30/2020,185483,RADCLIFF VETERANS CENTER,100 VETERANS DRIVE,RADCLIFF,KY,40160,Y,Y,0,0,0,0,0,3,0,5,0,0,120,61,,,,,Y,N,N,N,N,N,N,1-2 DAYS,Y,N,N,N,N,Y,Y,N,N,N,N,N,N,1-2 DAYS,Y,N,N,N,Y,N,,,,,0,2,0,6,0,0,Y,N,Y,Y,Y,Y,Y,Y,Y,Y,Y,Y,Y,Y,Y,Y,N,,,,,0,0,0.0,0.0,,Hardin,N,N,POINT (-85.970139 37.872037),Week 15 - Aug 30
08/30/2020,185465,BRECKINRIDGE PLACE,170 SYKES BOULEVARD,MORGANFIELD,KY,42437,Y,Y,0,0,0,0,0,0,0,0,0,0,24,21,,,,,Y,N,N,N,N,N,N,N/A,N,N,N,N,N,N,Y,N,N,N,N,N,N,1-2 DAYS,N,N,N,N,N,N,N,,,,0,1,0,0,0,0,Y,N,Y,N,Y,Y,Y,Y,Y,Y,Y,Y,Y,Y,Y,Y,N,,,,,0,0,0.0,0.0,,Union,N,N,POINT (-87.863837 37.693916),Week 15 - Aug 30
08/30/2020,185484,THE SEASONS AT ALEXANDRIA,7341 E ALEXANDRIA PIKE,ALEXANDRIA,KY,41001,Y,Y,0,2,0,1,0,6,2,11,0,2,117,108,,,,,Y,N,N,N,N,N,N,,,N,N,N,N,N,,N,N,N,N,N,N,,,N,N,N,N,N,,,,,0,2,0,1,0,0,N,N,N,N,Y,Y,Y,Y,Y,Y,Y,Y,Y,Y,Y,Y,N,,,,,0,0,9.3,18.5,200.0,Campbell,N,N,,Week 15 - Aug 30
08/30/2020,185487,SANDERS RIDGE HEALTH CAMPUS,119 EAST SANDERS LANE,MOUNT WASHINGTON,KY,40047,N,,,,,,,,,,,,,,,,,,,,,,,,,,,,,,,,,,,,,,,,,,,,,,,,,,,,,,,,,,,,,,,,,,,,,,,,,,,,,,,,,,Bullitt,,,POINT (-85.508014 38.060222),Week 15 - Aug 30
08/30/2020,185485,THE SPRINGS AT STONY BROOK,2200 STONY BROOK DRIVE,LOUISVILLE,KY,40220,Y,Y,0,0,0,1,0,1,0,1,0,0,66,43,,,,,Y,N,N,N,N,N,N,,,N,N,N,N,N,Y,N,N,N,N,N,N,,,N,N,N,N,N,,,,,0,2,0,0,0,0,N,N,N,N,Y,Y,Y,Y,Y,Y,Y,Y,Y,Y,Y,Y,N,,,,,0,0,23.3,0.0,0.0,Jefferson,N,N,POINT (-85.602024 38.214378),Week 15 - Aug 30
08/30/2020,185466,WESTPORT PLACE HEALTH CAMPUS,4247 WESTPORT ROAD,LOUISVILLE,KY,40207,Y,Y,0,0,0,6,0,2,1,6,0,3,62,54,,,,,Y,N,N,N,N,N,N,,,N,N,N,N,N,Y,N,N,N,N,N,N,,,N,N,N,N,N,,,,,0,5,0,0,0,1,N,N,N,N,Y,Y,Y,Y,Y,Y,Y,Y,Y,Y,Y,Y,N,,,,,0,0,111.1,55.6,50.0,Jefferson,N,N,POINT (-85.637009 38.262607),Week 15 - Aug 30
08/30/2020,185486,"BOONESPRING TRANSITIONAL CARE CENTER, LLC",10250 US HWY 42,UNION,KY,41091,Y,Y,0,0,0,0,0,0,0,23,0,0,143,126,,,,,Y,N,N,N,N,N,N,N/A,N,N,N,N,N,N,Y,N,N,N,N,N,N,3-7 DAYS,Y,N,N,N,Y,N,Y,0,0,Y,0,2,0,4,0,0,N,N,N,N,Y,N,Y,Y,Y,Y,Y,Y,N,N,Y,Y,N,,,,,0,0,0.0,0.0,,Boone,N,N,POINT (-84.675855 38.939408),Week 15 - Aug 30
08/30/2020,185467,CARDINAL HILL SKILLED REHABILITATION UNIT,2050 VERSAILLES ROAD,LEXINGTON,KY,40504,Y,Y,0,0,0,0,0,0,0,0,0,0,74,28,,,,,Y,N,N,N,N,N,N,1-2 DAYS,Y,N,N,N,Y,N,N,N,N,Y,N,N,N,>7 DAYS,N,N,N,N,N,N,,,,,0,0,0,3,0,0,N,N,N,N,Y,Y,Y,Y,Y,Y,Y,Y,Y,Y,Y,Y,N,,,,,0,0,0.0,0.0,,Fayette,N,N,POINT (-84.542648 38.047548),Week 15 - Aug 30
08/30/2020,185474,THE WILLOWS AT CITATION,1376 SILVER SPRINGS DRIVE,LEXINGTON,KY,40511,Y,Y,0,0,0,0,0,0,0,11,0,0,54,36,,,,,Y,N,N,N,N,N,N,,,N,N,N,N,N,Y,N,N,N,N,N,N,,,N,N,N,N,N,,,,,2,3,0,0,0,0,N,N,N,N,Y,Y,Y,Y,Y,Y,Y,Y,Y,Y,Y,Y,N,,,,,0,0,0.0,0.0,,Fayette,N,N,POINT (-84.483713 38.082814),Week 15 - Aug 30
08/30/2020,185476,COLDSPRING TRANSITIONAL CARE CENTER,300 PLAZA DRIVE,COLD SPRING,KY,41076,Y,Y,0,16,0,22,0,0,2,29,0,6,143,113,,,,,Y,N,N,N,N,N,N,3-7 DAYS,N,N,N,N,N,N,Y,N,N,N,N,N,N,3-7 DAYS,N,N,N,N,N,N,N,,,,0,13,0,18,0,0,N,N,N,N,Y,N,Y,Y,Y,Y,Y,Y,N,N,Y,Y,N,,,,,0,0,194.7,53.1,27.3,Campbell,N,N,POINT (-84.425889 39.003017),Week 15 - Aug 30
08/30/2020,185477,SIGNATURE HEALTHCARE AT STS MARY & ELIZABETH HOSPI,"1850 BLUEGRASS AVENUE, UNIT 3C",LOUISVILLE,KY,40215,Y,Y,0,1,0,0,0,0,0,1,0,0,26,14,,,,,Y,N,N,N,N,N,N,N/A,N,N,N,N,N,N,Y,N,N,N,N,N,N,1-2 DAYS,N,N,N,N,N,N,N,,,,0,3,0,4,0,0,N,N,N,N,Y,Y,Y,Y,Y,Y,Y,Y,Y,Y,Y,Y,N,,,,,0,0,0.0,0.0,,Jefferson,N,N,POINT (-85.794799 38.179301),Week 15 - Aug 30
08/30/2020,185478,FOREST SPRINGS HEALTH CAMPUS,4120 WOODED ACRE LANE,LOUISVILLE,KY,40245,Y,Y,0,0,0,4,0,0,0,6,0,0,58,49,,,,,Y,N,N,N,N,N,N,,,N,N,N,N,N,Y,N,N,N,N,N,N,,,N,N,N,N,N,,,,,0,7,0,0,0,0,N,N,N,N,Y,Y,Y,Y,Y,Y,Y,Y,Y,Y,Y,Y,N,,,,,0,0,81.6,0.0,0.0,Jefferson,N,N,POINT (-85.685556 38.163561),Week 15 - Aug 30
08/30/2020,185479,THE HOME PLACE AT MIDWAY,101 SEXTON WAY,MIDWAY,KY,40347,Y,Y,0,0,0,0,0,0,0,1,0,0,24,24,,,,,Y,N,N,N,N,N,N,<1 DAY,Y,Y,N,N,N,N,Y,N,N,N,N,N,N,1-2 DAYS,N,N,N,N,N,N,N,,,,0,0,0,0,0,0,N,N,N,N,Y,Y,Y,Y,Y,Y,Y,Y,Y,Y,Y,Y,N,,,,,0,0,0.0,0.0,,Woodford,N,N,POINT (-84.583604 38.205079),Week 15 - Aug 30
